2.62552e-10
5.25104e-10
7.87657e-10
1.05021e-09
1.33663e-09
1.62305e-09
1.93334e-09
2.23169e-09
2.53005e-09
2.85227e-09
3.17449e-09
3.49672e-09
3.81894e-09
4.14116e-09
4.46338e-09
4.79754e-09
5.14363e-09
5.46585e-09
5.81195e-09
6.16997e-09
6.528e-09
6.87409e-09
7.24405e-09
7.62594e-09
8.0317e-09
8.43746e-09
8.85516e-09
9.26092e-09
9.65475e-09
1.00128e-08
1.03708e-08
1.07288e-08
1.10869e-08
1.14329e-08
1.1791e-08
1.2149e-08
1.2519e-08
1.29008e-08
1.32827e-08
1.36766e-08
1.40107e-08
1.43688e-08
1.4691e-08
1.50371e-08
1.5419e-08
1.58367e-08
1.62663e-08
1.66721e-08
1.70897e-08
1.75074e-08
1.79251e-08
1.83309e-08
1.88083e-08
1.92856e-08
1.9763e-08
2.02404e-08
2.07058e-08
2.11832e-08
2.16725e-08
2.21856e-08
2.26869e-08
2.31881e-08
2.37132e-08
2.42383e-08
2.47753e-08
2.53363e-08
2.58852e-08
2.64461e-08
2.7007e-08
2.75918e-08
2.81766e-08
2.87852e-08
2.94058e-08
3.0098e-08
3.07544e-08
3.14346e-08
3.21029e-08
3.27712e-08
3.34515e-08
3.41437e-08
3.48716e-08
3.56235e-08
3.64112e-08
3.72227e-08
3.80342e-08
3.88338e-08
3.96095e-08
4.03852e-08
4.1161e-08
4.19367e-08
4.27124e-08
4.35001e-08
4.43474e-08
4.51828e-08
4.6054e-08
4.69252e-08
4.7856e-08
4.88227e-08
4.97894e-08
5.0756e-08
5.17346e-08
5.27252e-08
5.37515e-08
5.47779e-08
5.58281e-08
5.69141e-08
5.80239e-08
5.91338e-08
6.02198e-08
6.12939e-08
6.23919e-08
6.34898e-08
6.46355e-08
6.5805e-08
6.70223e-08
6.82635e-08
6.95643e-08
7.09128e-08
7.22733e-08
7.36458e-08
7.51017e-08
7.65816e-08
7.80853e-08
7.96009e-08
8.10927e-08
8.26441e-08
8.42552e-08
8.59141e-08
8.76207e-08
8.9375e-08
9.12367e-08
9.31343e-08
9.50318e-08
9.69651e-08
9.88985e-08
1.00939e-07
1.03004e-07
1.05104e-07
1.073e-07
1.09508e-07
1.11716e-07
1.13912e-07
1.16155e-07
1.18435e-07
1.20786e-07
1.2322e-07
1.25738e-07
1.28292e-07
1.30846e-07
1.33484e-07
1.36181e-07
1.38902e-07
1.41694e-07
1.44547e-07
1.47482e-07
1.50478e-07
1.53497e-07
1.56481e-07
1.59512e-07
1.62746e-07
1.661e-07
1.69525e-07
1.72998e-07
1.76602e-07
1.80266e-07
1.83977e-07
1.87796e-07
1.91639e-07
1.95565e-07
1.99587e-07
2.03668e-07
2.07786e-07
2.11975e-07
2.16211e-07
2.20484e-07
2.24744e-07
2.29112e-07
2.33516e-07
2.37943e-07
2.42466e-07
2.47109e-07
2.51846e-07
2.56596e-07
2.61501e-07
2.66382e-07
2.71347e-07
2.76455e-07
2.81622e-07
2.86921e-07
2.92291e-07
2.97733e-07
3.03259e-07
3.08939e-07
3.14656e-07
3.20432e-07
3.26303e-07
3.32199e-07
3.38178e-07
3.4424e-07
3.50446e-07
3.56831e-07
3.63335e-07
3.70054e-07
3.76904e-07
3.84017e-07
3.91297e-07
3.98827e-07
4.06465e-07
4.14377e-07
4.22421e-07
4.3062e-07
4.39081e-07
4.47745e-07
4.56505e-07
4.65396e-07
4.74573e-07
4.83882e-07
4.93429e-07
5.03119e-07
5.12965e-07
5.22906e-07
5.32931e-07
5.43182e-07
5.53601e-07
5.64317e-07
5.75261e-07
5.86384e-07
5.97924e-07
6.09703e-07
6.21732e-07
6.33977e-07
6.46496e-07
6.5917e-07
6.72118e-07
6.85365e-07
6.98934e-07
7.12706e-07
7.26836e-07
7.41276e-07
7.55967e-07
7.70944e-07
7.86208e-07
8.01889e-07
8.17988e-07
8.34218e-07
8.50783e-07
8.67825e-07
8.85093e-07
9.03018e-07
9.21373e-07
9.39918e-07
9.58929e-07
9.78334e-07
9.98252e-07
1.01849e-06
1.03911e-06
1.06032e-06
1.08197e-06
1.10419e-06
1.12666e-06
1.14966e-06
1.17312e-06
1.19711e-06
1.22157e-06
1.24629e-06
1.27133e-06
1.29706e-06
1.32322e-06
1.34972e-06
1.37664e-06
1.40415e-06
1.43223e-06
1.46066e-06
1.48922e-06
1.51828e-06
1.5479e-06
1.57789e-06
1.60821e-06
1.63887e-06
1.66992e-06
1.7014e-06
1.73328e-06
1.76556e-06
1.79828e-06
1.83136e-06
1.86521e-06
1.89957e-06
1.93447e-06
1.9699e-06
2.00578e-06
2.04224e-06
2.07934e-06
2.11672e-06
2.15458e-06
2.19302e-06
2.23195e-06
2.27145e-06
2.31132e-06
2.35153e-06
2.39195e-06
2.43244e-06
2.47349e-06
2.51516e-06
2.55722e-06
2.59994e-06
2.6432e-06
2.68697e-06
2.73146e-06
2.77643e-06
2.82205e-06
2.86794e-06
2.91428e-06
2.96122e-06
3.0084e-06
3.05635e-06
3.10477e-06
3.15362e-06
3.20338e-06
3.25348e-06
3.30381e-06
3.35427e-06
3.40518e-06
3.4565e-06
3.5082e-06
3.56027e-06
3.61301e-06
3.66602e-06
3.71916e-06
3.7729e-06
3.82722e-06
3.88193e-06
3.93717e-06
3.99302e-06
4.0491e-06
4.10554e-06
4.16232e-06
4.21947e-06
4.27722e-06
4.33526e-06
4.39361e-06
4.45251e-06
4.51186e-06
4.57138e-06
4.63093e-06
4.69046e-06
4.75009e-06
4.81017e-06
4.87046e-06
4.93048e-06
4.99087e-06
5.05105e-06
5.11147e-06
5.17218e-06
5.23272e-06
5.29334e-06
5.35445e-06
5.41564e-06
5.47701e-06
5.5387e-06
5.60051e-06
5.66267e-06
5.7254e-06
5.78872e-06
5.85249e-06
5.91669e-06
5.98173e-06
6.04742e-06
6.11374e-06
6.18091e-06
6.24873e-06
6.31722e-06
6.38694e-06
6.45712e-06
6.52829e-06
6.60059e-06
6.67398e-06
6.7483e-06
6.82387e-06
6.90041e-06
6.97796e-06
7.05695e-06
7.1372e-06
7.21868e-06
7.30139e-06
7.38507e-06
7.46994e-06
7.55599e-06
7.64367e-06
7.73253e-06
7.82303e-06
7.91494e-06
8.00872e-06
8.10414e-06
8.20145e-06
8.30052e-06
8.40147e-06
8.5043e-06
8.60925e-06
8.71565e-06
8.82433e-06
8.93459e-06
9.04718e-06
9.16186e-06
9.27883e-06
9.39809e-06
9.51936e-06
9.64296e-06
9.76813e-06
9.89527e-06
1.00243e-05
1.01557e-05
1.02891e-05
1.04246e-05
1.05628e-05
1.07034e-05
1.08465e-05
1.09917e-05
1.11394e-05
1.12897e-05
1.14428e-05
1.15988e-05
1.17579e-05
1.19201e-05
1.20851e-05
1.22529e-05
1.24239e-05
1.25979e-05
1.27743e-05
1.29548e-05
1.31382e-05
1.33247e-05
1.35143e-05
1.37071e-05
1.39027e-05
1.41016e-05
1.4305e-05
1.45115e-05
1.47214e-05
1.49354e-05
1.51531e-05
1.53748e-05
1.55998e-05
1.58291e-05
1.60625e-05
1.62999e-05
1.65418e-05
1.67879e-05
1.70389e-05
1.72947e-05
1.75557e-05
1.78213e-05
1.80921e-05
1.83673e-05
1.86476e-05
1.89329e-05
1.92239e-05
1.95203e-05
1.98223e-05
2.01297e-05
2.04418e-05
2.07595e-05
2.10828e-05
2.14116e-05
2.17461e-05
2.20863e-05
2.24337e-05
2.2788e-05
2.31489e-05
2.35169e-05
2.38915e-05
2.42722e-05
2.46607e-05
2.50567e-05
2.54613e-05
2.58747e-05
2.62953e-05
2.67247e-05
2.71616e-05
2.76075e-05
2.80624e-05
2.85263e-05
2.89993e-05
2.94815e-05
2.99735e-05
3.04756e-05
3.09865e-05
3.15075e-05
3.20387e-05
3.25816e-05
3.31339e-05
3.36968e-05
3.42705e-05
3.48555e-05
3.5453e-05
3.60615e-05
3.66824e-05
3.73157e-05
3.7961e-05
3.8619e-05
3.92903e-05
3.99744e-05
4.06729e-05
4.13863e-05
4.21137e-05
4.28551e-05
4.36108e-05
4.43806e-05
4.51667e-05
4.59676e-05
4.67832e-05
4.76146e-05
4.84621e-05
4.9324e-05
5.02024e-05
5.10965e-05
5.20085e-05
5.29385e-05
5.38867e-05
5.48546e-05
5.58407e-05
5.68465e-05
5.78723e-05
5.89184e-05
5.99854e-05
6.10732e-05
6.21813e-05
6.33108e-05
6.44643e-05
6.5641e-05
6.68406e-05
6.80652e-05
6.93143e-05
7.05875e-05
7.18858e-05
7.32096e-05
7.45588e-05
7.59344e-05
7.73365e-05
7.87648e-05
8.02212e-05
8.17066e-05
8.3221e-05
8.47629e-05
8.63341e-05
8.79373e-05
8.95715e-05
9.12377e-05
9.29355e-05
9.46665e-05
9.64319e-05
9.82318e-05
0.000100067
0.000101937
0.000103844
0.000105787
0.000107769
0.00010979
0.000111848
0.000113947
0.000116087
0.000118268
0.000120492
0.000122759
0.000125069
0.000127425
0.000129826
0.000132273
0.000134765
0.000137307
0.000139899
0.000142542
0.000145235
0.000147979
0.000150777
0.000153627
0.000156531
0.000159493
0.000162512
0.00016559
0.000168728
0.000171925
0.000175186
0.00017851
0.000181896
0.000185345
0.000188858
0.00019244
0.000196091
0.000199811
0.0002036
0.000207461
0.000211398
0.000215411
0.0002195
0.000223667
0.000227912
0.000232235
0.000236639
0.000241126
0.000245698
0.000250356
0.0002551
0.000259935
0.00026486
0.000269878
0.000274994
0.000280204
0.000285512
0.000290919
0.000296429
0.000302039
0.000307753
0.000313573
0.000319499
0.000325534
0.000331676
0.000337936
0.000344309
0.000350801
0.000357412
0.000364145
0.000371002
0.000377985
0.000385092
0.000392326
0.000399696
0.000407201
0.000414842
0.000422619
0.000430533
0.00043859
0.000446788
0.000455136
0.000463634
0.000472279
0.000481074
0.000490024
0.000499129
0.000508391
0.000517813
0.000527399
0.000537146
0.000547059
0.000557139
0.000567393
0.00057782
0.000588423
0.000599206
0.000610171
0.000621319
0.000632652
0.000644175
0.000655883
0.000667781
0.000679875
0.000692165
0.000704651
0.000717336
0.000730227
0.000743323
0.000756624
0.000770137
0.000783858
0.000797788
0.000811937
0.000826313
0.000840909
0.000855728
0.000870772
0.00088605
0.000901554
0.000917288
0.000933255
0.000949462
0.000965908
0.000982593
0.00099952
0.0010167
0.00103412
0.00105181
0.00106974
0.00108794
0.00110641
0.00112513
0.00114413
0.0011634
0.00118294
0.00120276
0.00122287
0.00124326
0.00126395
0.00128494
0.00130622
0.00132781
0.00134971
0.00137191
0.00139442
0.00141725
0.00144041
0.0014639
0.00148772
0.00151187
0.00153636
0.00156119
0.00158637
0.0016119
0.00163779
0.00166405
0.00169067
0.00171765
0.00174501
0.00177274
0.00180087
0.00182938
0.00185828
0.00188758
0.00191729
0.00194741
0.00197795
0.00200891
0.00204031
0.00207214
0.00210442
0.00213715
0.00217034
0.00220398
0.00223809
0.00227267
0.00230775
0.0023433
0.00237936
0.00241592
0.00245298
0.00249057
0.0025287
0.00256735
0.00260655
0.0026463
0.0026866
0.00272745
0.00276888
0.00281089
0.00285348
0.00289668
0.00294047
0.00298487
0.00302989
0.00307554
0.00312183
0.00316876
0.00321635
0.0032646
0.00331353
0.00336312
0.00341342
0.00346442
0.00351612
0.00356853
0.00362167
0.00367554
0.00373014
0.00378548
0.00384158
0.00389844
0.00395608
0.00401451
0.00407373
0.00413374
0.00419457
0.00425622
0.00431868
0.00438198
0.00444613
0.00451114
0.00457701
0.00464375
0.00471137
0.00477988
0.00484929
0.00491961
0.00499084
0.005063
0.00513608
0.00521009
0.00528504
0.00536094
0.00543778
0.00551558
0.00559433
0.00567404
0.0057547
0.00583632
0.00591888
0.0060024
0.00608687
0.0061723
0.00625866
0.00634594
0.00643412
0.0065232
0.00661315
0.00670396
0.00679558
0.006888
0.00698117
0.00707506
0.00716961
0.00726478
0.0073605
0.00745673
0.00755336
0.00765035
0.00774759
0.00784502
0.00794251
0.00803996
0.00813726
0.00823431
0.008331
0.0084272
0.00852281
0.00861775
0.0087119
0.00880517
0.00889749
0.00898879
0.00907898
0.00916794
0.00925557
0.00934178
0.00942647
0.00950959
0.00959107
0.00967088
0.009749
0.00982546
0.00990031
0.00997359
0.0100453
0.0101155
0.0101842
0.0102515
0.0103173
0.0103818
0.0104449
0.0105067
0.0105673
0.0106266
0.0106848
0.0107417
0.0107976
0.0108523
0.0109059
0.0109585
0.0110101
0.0110608
0.0111104
0.0111591
0.0112069
0.0112538
0.0112999
0.0113451
0.0113895
0.0114331
0.0114759
0.0115179
0.0115592
0.0115997
0.0116395
0.0116786
0.011717
0.0117548
0.0117918
0.0118282
0.0118639
0.0118991
0.0119335
0.0119674
0.0120007
0.0120334
0.0120655
0.012097
0.012128
0.0121584
0.0121883
0.0122176
0.0122464
0.0122747
0.0123024
0.0123296
0.0123564
0.0123826
0.0124083
0.0124335
0.0124583
0.0124825
0.0125063
0.0125297
0.0125526
0.012575
0.012597
0.0126186
0.0126397
0.0126604
0.0126807
0.0127006
0.01272
0.0127391
0.0127577
0.012776
0.0127939
0.0128114
0.0128285
0.0128452
0.0128616
0.0128776
0.0128933
0.0129086
0.0129236
0.0129382
0.0129525
0.0129665
0.0129801
0.0129934
0.0130064
0.0130191
0.0130315
0.0130436
0.0130554
0.013067
0.0130782
0.0130891
0.0130998
0.0131102
0.0131204
0.0131303
0.0131399
0.0131493
0.0131585
0.0131674
0.0131761
0.0131845
0.0131927
0.0132007
0.0132085
0.0132161
0.0132235
0.0132306
0.0132376
0.0132443
0.0132509
0.0132573
0.0132635
0.0132695
0.0132753
0.013281
0.0132865
0.0132918
0.013297
0.013302
0.0133069
0.0133116
0.0133162
0.0133206
0.0133249
0.0133291
0.0133331
0.013337
0.0133408
0.0133444
0.0133479
0.0133513
0.0133546
0.0133578
0.0133609
0.0133639
0.0133668
0.0133696
0.0133722
0.0133748
0.0133773
0.0133797
0.0133821
0.0133843
0.0133864
0.0133885
0.0133905
0.0133924
0.0133943
0.0133961
0.0133978
0.0133994
0.013401
0.0134025
0.013404
0.0134054
0.0134067
0.013408
0.0134093
0.0134105
0.0134116
0.0134127
0.0134137
0.0134147
0.0134157
0.0134166
0.0134175
0.0134184
0.0134192
0.0134199
0.0134207
0.0134214
0.013422
0.0134227
0.0134233
0.0134239
0.0134244
0.013425
0.0134255
0.013426
0.0134264
0.0134269
0.0134273
0.0134277
0.0134281
0.0134284
0.0134288
0.0134291
0.0134294
0.0134297
0.01343
0.0134302
0.0134305
0.0134307
0.0134309
0.0134312
0.0134314
0.0134315
0.0134317
0.0134319
0.013432
0.0134322
0.0134323
0.0134325
0.0134326
0.0134327
0.0134328
0.0134329
0.013433
0.0134331
0.0134332
0.0134333
0.0134334
0.0134335
0.0134335
0.0134336
0.0134336
0.0134337
0.0134338
0.0134338
0.0134339
0.0134339
0.0134339
0.013434
0.013434
0.013434
0.0134341
0.0134341
0.0134341
0.0134342
0.0134342
0.0134342
0.0134342
0.0134342
0.0134343
0.0134343
0.0134343
0.0134343
0.0134343
0.0134343
0.0134343
0.0134344
0.0134344
0.0134344
0.0134344
0.0134344
0.0134344
0.0134344
0.0134344
0.0134344
0.0134344
0.0134344
0.0134344
0.0134344
0.0134344
0.0134344
0.0134344
0.0134344
0.0134344
0.0134345
0.0134345
0.0134345
0.0134345
0.0134345
0.0134345
0.0134345
0.0134345
0.0134345
0.0134345
0.0134345
0.0134345
0.0134345
0.0134345
0.0134345
0.0134345
0.0134345
0.0134345
0.0134345
0.0134345
0.0134345
0.0134345
0.0134345
0.0134345
0.0134345
0.0134345
0.0134345
0.0134345
0.0134345
0.0134345
0.0134345
0.0134345
0.0134345
0.0134345
0.0134345
0.0134345
0.0134345
0.0134345
0.0134345
0.0134345
0.0134345
0.0134345
0.0134345
0.0134345
0.0134345
0.0134345
0.0134345
0.0134345
0.0134345
0.0134345
0.0134345
0.0134345
0.0134345
0.0134345
0.0134345
0.0134345
0.0134345
0.0134345
0.0134345
0.0134345
0.0134345
0.0134345
0.0134345
0.0134345
0.0134345
0.0134345
0.0134345
0.0134345
0.0134345
0.0134345
0.0134345
