6e+07	219.586
8.49e+07	143.607
1.098e+08	112.343
1.347e+08	96.7776
1.596e+08	88.1114
1.845e+08	82.9333
2.094e+08	79.6961
2.343e+08	77.6167
2.592e+08	76.2652
2.841e+08	75.3901
3.09e+08	74.8369
3.339e+08	74.5069
3.588e+08	74.3346
3.837e+08	74.2758
4.086e+08	74.2993
4.335e+08	74.3833
4.584e+08	74.5118
4.833e+08	74.6733
5.082e+08	74.8589
5.331e+08	75.0623
5.58e+08	75.2786
5.829e+08	75.5039
6.078e+08	75.7353
6.327e+08	75.9707
6.576e+08	76.2082
6.825e+08	76.4466
7.074e+08	76.6848
7.323e+08	76.9219
7.572e+08	77.1573
7.821e+08	77.3906
8.07e+08	77.6213
8.319e+08	77.8492
8.568e+08	78.074
8.817e+08	78.2956
9.066e+08	78.5139
9.315e+08	78.7287
9.564e+08	78.9401
9.813e+08	79.1481
1.0062e+09	79.3525
1.0311e+09	79.5534
1.056e+09	79.7509
1.0809e+09	79.945
1.1058e+09	80.1357
1.1307e+09	80.3231
1.1556e+09	80.5071
1.1805e+09	80.688
1.2054e+09	80.8656
1.2303e+09	81.0401
1.2552e+09	81.2116
1.2801e+09	81.3801
1.305e+09	81.5456
1.3299e+09	81.7082
1.3548e+09	81.868
1.3797e+09	82.025
1.4046e+09	82.1793
1.4295e+09	82.3309
1.4544e+09	82.48
1.4793e+09	82.6264
1.5042e+09	82.7704
1.5291e+09	82.912
1.554e+09	83.0511
1.5789e+09	83.1879
1.6038e+09	83.3224
1.6287e+09	83.4546
1.6536e+09	83.5847
1.6785e+09	83.7126
1.7034e+09	83.8383
1.7283e+09	83.962
1.7532e+09	84.0837
1.7781e+09	84.2034
1.803e+09	84.3211
1.8279e+09	84.437
1.8528e+09	84.5509
1.8777e+09	84.6631
1.9026e+09	84.7734
1.9275e+09	84.882
1.9524e+09	84.9888
1.9773e+09	85.0939
2.0022e+09	85.1974
2.0271e+09	85.2993
2.052e+09	85.3995
2.0769e+09	85.4982
2.1018e+09	85.5954
2.1267e+09	85.691
2.1516e+09	85.7852
2.1765e+09	85.8779
2.2014e+09	85.9691
2.2263e+09	86.059
2.2512e+09	86.1475
2.2761e+09	86.2347
2.301e+09	86.3205
2.3259e+09	86.4051
2.3508e+09	86.4883
2.3757e+09	86.5704
2.4006e+09	86.6512
2.4255e+09	86.7307
2.4504e+09	86.8092
2.4753e+09	86.8864
2.5002e+09	86.9625
2.5251e+09	87.0375
2.55e+09	87.1115
2.5749e+09	87.1843
2.5998e+09	87.2561
2.6247e+09	87.3268
2.6496e+09	87.3966
2.6745e+09	87.4653
2.6994e+09	87.533
2.7243e+09	87.5998
2.7492e+09	87.6657
2.7741e+09	87.7306
2.799e+09	87.7946
2.8239e+09	87.8577
2.8488e+09	87.92
2.8737e+09	87.9814
2.8986e+09	88.0419
2.9235e+09	88.1016
2.9484e+09	88.1605
2.9733e+09	88.2186
2.9982e+09	88.2758
3.0231e+09	88.3324
3.048e+09	88.3881
3.0729e+09	88.4431
3.0978e+09	88.4974
3.1227e+09	88.5509
3.1476e+09	88.6038
3.1725e+09	88.6559
3.1974e+09	88.7073
3.2223e+09	88.7581
3.2472e+09	88.8082
3.2721e+09	88.8577
3.297e+09	88.9065
3.3219e+09	88.9547
3.3468e+09	89.0023
3.3717e+09	89.0492
3.3966e+09	89.0956
3.4215e+09	89.1414
3.4464e+09	89.1866
3.4713e+09	89.2312
3.4962e+09	89.2752
3.5211e+09	89.3187
3.546e+09	89.3617
3.5709e+09	89.4041
3.5958e+09	89.446
3.6207e+09	89.4874
3.6456e+09	89.5283
3.6705e+09	89.5687
3.6954e+09	89.6086
3.7203e+09	89.648
3.7452e+09	89.6869
3.7701e+09	89.7254
3.795e+09	89.7634
3.8199e+09	89.8009
3.8448e+09	89.838
3.8697e+09	89.8746
3.8946e+09	89.9109
3.9195e+09	89.9467
3.9444e+09	89.982
3.9693e+09	90.017
3.9942e+09	90.0515
4.0191e+09	90.0857
4.044e+09	90.1194
4.0689e+09	90.1528
4.0938e+09	90.1858
4.1187e+09	90.2184
4.1436e+09	90.2506
4.1685e+09	90.2825
4.1934e+09	90.314
4.2183e+09	90.3451
4.2432e+09	90.3759
4.2681e+09	90.4064
4.293e+09	90.4365
4.3179e+09	90.4663
4.3428e+09	90.4957
4.3677e+09	90.5249
4.3926e+09	90.5537
4.4175e+09	90.5822
4.4424e+09	90.6103
4.4673e+09	90.6382
4.4922e+09	90.6658
4.5171e+09	90.6931
4.542e+09	90.72
4.5669e+09	90.7467
4.5918e+09	90.7731
4.6167e+09	90.7992
4.6416e+09	90.8251
4.6665e+09	90.8507
4.6914e+09	90.876
4.7163e+09	90.901
4.7412e+09	90.9258
4.7661e+09	90.9503
4.791e+09	90.9746
4.8159e+09	90.9986
4.8408e+09	91.0223
4.8657e+09	91.0459
4.8906e+09	91.0691
4.9155e+09	91.0922
4.9404e+09	91.115
4.9653e+09	91.1376
4.9902e+09	91.1599
5.0151e+09	91.182
5.04e+09	91.2039
5.0649e+09	91.2256
5.0898e+09	91.2471
5.1147e+09	91.2683
5.1396e+09	91.2894
5.1645e+09	91.3102
5.1894e+09	91.3308
5.2143e+09	91.3513
5.2392e+09	91.3715
5.2641e+09	91.3915
5.289e+09	91.4113
5.3139e+09	91.431
5.3388e+09	91.4504
5.3637e+09	91.4697
5.3886e+09	91.4888
5.4135e+09	91.5077
5.4384e+09	91.5264
5.4633e+09	91.545
5.4882e+09	91.5633
5.5131e+09	91.5815
5.538e+09	91.5996
5.5629e+09	91.6174
5.5878e+09	91.6351
5.6127e+09	91.6526
5.6376e+09	91.67
5.6625e+09	91.6872
5.6874e+09	91.7042
5.7123e+09	91.7211
5.7372e+09	91.7379
5.7621e+09	91.7544
5.787e+09	91.7709
5.8119e+09	91.7871
5.8368e+09	91.8033
5.8617e+09	91.8193
5.8866e+09	91.8351
5.9115e+09	91.8508
5.9364e+09	91.8664
5.9613e+09	91.8818
5.9862e+09	91.8971
6.0111e+09	91.9122
6.036e+09	91.9273
6.0609e+09	91.9422
6.0858e+09	91.9569
6.1107e+09	91.9715
6.1356e+09	91.986
6.1605e+09	92.0004
6.1854e+09	92.0147
6.2103e+09	92.0288
6.2352e+09	92.0428
6.2601e+09	92.0567
6.285e+09	92.0705
6.3099e+09	92.0841
6.3348e+09	92.0976
6.3597e+09	92.1111
6.3846e+09	92.1244
6.4095e+09	92.1376
6.4344e+09	92.1507
6.4593e+09	92.1636
6.4842e+09	92.1765
6.5091e+09	92.1893
6.534e+09	92.2019
6.5589e+09	92.2145
6.5838e+09	92.2269
6.6087e+09	92.2393
6.6336e+09	92.2515
6.6585e+09	92.2636
6.6834e+09	92.2757
6.7083e+09	92.2876
6.7332e+09	92.2995
6.7581e+09	92.3112
6.783e+09	92.3229
6.8079e+09	92.3345
6.8328e+09	92.3459
6.8577e+09	92.3573
6.8826e+09	92.3686
6.9075e+09	92.3798
6.9324e+09	92.3909
6.9573e+09	92.402
6.9822e+09	92.4129
7.0071e+09	92.4238
7.032e+09	92.4345
7.0569e+09	92.4452
7.0818e+09	92.4558
7.1067e+09	92.4663
7.1316e+09	92.4768
7.1565e+09	92.4871
7.1814e+09	92.4974
7.2063e+09	92.5076
7.2312e+09	92.5177
7.2561e+09	92.5278
7.281e+09	92.5378
7.3059e+09	92.5476
7.3308e+09	92.5575
7.3557e+09	92.5672
7.3806e+09	92.5769
7.4055e+09	92.5865
7.4304e+09	92.596
7.4553e+09	92.6055
7.4802e+09	92.6148
7.5051e+09	92.6242
7.53e+09	92.6334
7.5549e+09	92.6426
7.5798e+09	92.6517
7.6047e+09	92.6607
7.6296e+09	92.6697
7.6545e+09	92.6786
7.6794e+09	92.6875
7.7043e+09	92.6963
7.7292e+09	92.705
7.7541e+09	92.7137
7.779e+09	92.7222
7.8039e+09	92.7308
7.8288e+09	92.7393
7.8537e+09	92.7477
7.8786e+09	92.756
7.9035e+09	92.7643
7.9284e+09	92.7725
7.9533e+09	92.7807
7.9782e+09	92.7888
8.0031e+09	92.7969
8.028e+09	92.8049
8.0529e+09	92.8129
8.0778e+09	92.8208
8.1027e+09	92.8286
8.1276e+09	92.8364
8.1525e+09	92.8441
8.1774e+09	92.8518
8.2023e+09	92.8594
8.2272e+09	92.867
8.2521e+09	92.8745
8.277e+09	92.882
8.3019e+09	92.8894
8.3268e+09	92.8968
8.3517e+09	92.9041
8.3766e+09	92.9113
8.4015e+09	92.9186
8.4264e+09	92.9257
8.4513e+09	92.9329
8.4762e+09	92.9399
8.5011e+09	92.947
8.526e+09	92.9539
8.5509e+09	92.9609
8.5758e+09	92.9678
8.6007e+09	92.9746
8.6256e+09	92.9814
8.6505e+09	92.9882
8.6754e+09	92.9949
8.7003e+09	93.0015
8.7252e+09	93.0081
8.7501e+09	93.0147
8.775e+09	93.0213
8.7999e+09	93.0278
8.8248e+09	93.0342
8.8497e+09	93.0406
8.8746e+09	93.047
8.8995e+09	93.0533
8.9244e+09	93.0596
8.9493e+09	93.0658
8.9742e+09	93.0721
8.9991e+09	93.0782
9.024e+09	93.0844
9.0489e+09	93.0904
9.0738e+09	93.0965
9.0987e+09	93.1025
9.1236e+09	93.1085
9.1485e+09	93.1144
9.1734e+09	93.1203
9.1983e+09	93.1262
9.2232e+09	93.132
9.2481e+09	93.1378
9.273e+09	93.1436
9.2979e+09	93.1493
9.3228e+09	93.155
9.3477e+09	93.1606
9.3726e+09	93.1662
9.3975e+09	93.1718
9.4224e+09	93.1774
9.4473e+09	93.1829
9.4722e+09	93.1884
9.4971e+09	93.1938
9.522e+09	93.1992
9.5469e+09	93.2046
9.5718e+09	93.2099
9.5967e+09	93.2153
9.6216e+09	93.2205
9.6465e+09	93.2258
9.6714e+09	93.231
9.6963e+09	93.2362
9.7212e+09	93.2414
9.7461e+09	93.2465
9.771e+09	93.2516
9.7959e+09	93.2567
9.8208e+09	93.2617
9.8457e+09	93.2667
9.8706e+09	93.2717
9.8955e+09	93.2766
9.9204e+09	93.2816
9.9453e+09	93.2865
9.9702e+09	93.2913
9.9951e+09	93.2962
1.002e+10	93.301
1.00449e+10	93.3058
1.00698e+10	93.3105
1.00947e+10	93.3152
1.01196e+10	93.3199
1.01445e+10	93.3246
1.01694e+10	93.3293
1.01943e+10	93.3339
1.02192e+10	93.3385
1.02441e+10	93.343
1.0269e+10	93.3476
1.02939e+10	93.3521
1.03188e+10	93.3566
1.03437e+10	93.361
1.03686e+10	93.3655
1.03935e+10	93.3699
1.04184e+10	93.3743
1.04433e+10	93.3787
1.04682e+10	93.383
1.04931e+10	93.3873
1.0518e+10	93.3916
1.05429e+10	93.3959
1.05678e+10	93.4001
1.05927e+10	93.4044
1.06176e+10	93.4086
1.06425e+10	93.4127
1.06674e+10	93.4169
1.06923e+10	93.421
1.07172e+10	93.4251
1.07421e+10	93.4292
1.0767e+10	93.4333
1.07919e+10	93.4373
1.08168e+10	93.4413
1.08417e+10	93.4453
1.08666e+10	93.4493
1.08915e+10	93.4533
1.09164e+10	93.4572
1.09413e+10	93.4611
1.09662e+10	93.465
1.09911e+10	93.4689
1.1016e+10	93.4728
1.10409e+10	93.4766
1.10658e+10	93.4804
1.10907e+10	93.4842
1.11156e+10	93.488
1.11405e+10	93.4917
1.11654e+10	93.4954
1.11903e+10	93.4992
1.12152e+10	93.5029
1.12401e+10	93.5065
1.1265e+10	93.5102
1.12899e+10	93.5138
1.13148e+10	93.5174
1.13397e+10	93.521
1.13646e+10	93.5246
1.13895e+10	93.5282
1.14144e+10	93.5317
1.14393e+10	93.5352
1.14642e+10	93.5388
1.14891e+10	93.5422
1.1514e+10	93.5457
1.15389e+10	93.5492
1.15638e+10	93.5526
1.15887e+10	93.556
1.16136e+10	93.5594
1.16385e+10	93.5628
1.16634e+10	93.5662
1.16883e+10	93.5695
1.17132e+10	93.5729
1.17381e+10	93.5762
1.1763e+10	93.5795
1.17879e+10	93.5828
1.18128e+10	93.586
1.18377e+10	93.5893
1.18626e+10	93.5925
1.18875e+10	93.5957
1.19124e+10	93.599
1.19373e+10	93.6021
1.19622e+10	93.6053
1.19871e+10	93.6085
1.2012e+10	93.6116
1.20369e+10	93.6147
1.20618e+10	93.6178
1.20867e+10	93.6209
1.21116e+10	93.624
1.21365e+10	93.6271
1.21614e+10	93.6301
1.21863e+10	93.6332
1.22112e+10	93.6362
1.22361e+10	93.6392
1.2261e+10	93.6422
1.22859e+10	93.6452
1.23108e+10	93.6481
1.23357e+10	93.6511
1.23606e+10	93.654
1.23855e+10	93.657
1.24104e+10	93.6599
1.24353e+10	93.6628
1.24602e+10	93.6656
1.24851e+10	93.6685
1.251e+10	93.6714
1.25349e+10	93.6742
1.25598e+10	93.677
1.25847e+10	93.6798
1.26096e+10	93.6826
1.26345e+10	93.6854
1.26594e+10	93.6882
1.26843e+10	93.691
1.27092e+10	93.6937
1.27341e+10	93.6964
1.2759e+10	93.6992
1.27839e+10	93.7019
1.28088e+10	93.7046
1.28337e+10	93.7073
1.28586e+10	93.7099
1.28835e+10	93.7126
1.29084e+10	93.7152
1.29333e+10	93.7179
1.29582e+10	93.7205
1.29831e+10	93.7231
1.3008e+10	93.7257
1.30329e+10	93.7283
1.30578e+10	93.7309
1.30827e+10	93.7335
1.31076e+10	93.736
1.31325e+10	93.7386
1.31574e+10	93.7411
1.31823e+10	93.7436
1.32072e+10	93.7461
1.32321e+10	93.7486
1.3257e+10	93.7511
1.32819e+10	93.7536
1.33068e+10	93.756
1.33317e+10	93.7585
1.33566e+10	93.7609
1.33815e+10	93.7634
1.34064e+10	93.7658
1.34313e+10	93.7682
1.34562e+10	93.7706
1.34811e+10	93.773
1.3506e+10	93.7754
1.35309e+10	93.7777
1.35558e+10	93.7801
1.35807e+10	93.7824
1.36056e+10	93.7848
1.36305e+10	93.7871
1.36554e+10	93.7894
1.36803e+10	93.7917
1.37052e+10	93.794
1.37301e+10	93.7963
1.3755e+10	93.7986
1.37799e+10	93.8009
1.38048e+10	93.8031
1.38297e+10	93.8054
1.38546e+10	93.8076
1.38795e+10	93.8098
1.39044e+10	93.8121
1.39293e+10	93.8143
1.39542e+10	93.8165
1.39791e+10	93.8187
1.4004e+10	93.8209
1.40289e+10	93.823
1.40538e+10	93.8252
1.40787e+10	93.8273
1.41036e+10	93.8295
1.41285e+10	93.8316
1.41534e+10	93.8338
1.41783e+10	93.8359
1.42032e+10	93.838
1.42281e+10	93.8401
1.4253e+10	93.8422
1.42779e+10	93.8443
1.43028e+10	93.8463
1.43277e+10	93.8484
1.43526e+10	93.8505
1.43775e+10	93.8525
1.44024e+10	93.8546
1.44273e+10	93.8566
1.44522e+10	93.8586
1.44771e+10	93.8606
1.4502e+10	93.8626
1.45269e+10	93.8646
1.45518e+10	93.8666
1.45767e+10	93.8686
1.46016e+10	93.8706
1.46265e+10	93.8726
1.46514e+10	93.8745
1.46763e+10	93.8765
1.47012e+10	93.8784
1.47261e+10	93.8804
1.4751e+10	93.8823
1.47759e+10	93.8842
1.48008e+10	93.8861
1.48257e+10	93.888
1.48506e+10	93.8899
1.48755e+10	93.8918
1.49004e+10	93.8937
1.49253e+10	93.8956
1.49502e+10	93.8974
1.49751e+10	93.8993
1.5e+10	93.9011
