0	0	0	0	56258.9	201.761	50.5433
0.00024	0	0	0	56261.3	201.79	50.538
0.00048	0	0	0	56263.8	201.818	50.5328
0.00072	0	0	0	56266.2	201.847	50.5275
0.00096	0	0	0	56268.7	201.876	50.5221
0.0012	0	0	0	56271.3	201.906	50.5166
0.00144	0	0	0	56273.8	201.936	50.5111
0.00168	0	0	0	56276.4	201.967	50.5056
0.00192	0	0	0	56279.1	201.998	50.4998
0.00216	0	0	0	56281.7	202.029	50.494
0.0024	0	0	0	56284.4	202.061	50.4883
0.00264	0	0	0	56287.1	202.093	50.4824
0.00288	0	0	0	56289.9	202.126	50.4764
0.00312	0	0	0	56292.8	202.159	50.4703
0.00336	0	0	0	56295.6	202.192	50.4643
0.0036	0	0	0	56298.5	202.227	50.458
0.00384	0	0	0	56301.4	202.261	50.4516
0.00408	0	0	0	56304.4	202.296	50.4453
0.00432	0	0	0	56307.4	202.331	50.4389
0.00456	0	0	0	56310.5	202.368	50.4322
0.0048	0	0	0	56313.6	202.404	50.4256
0.00504	0	0	0	56316.7	202.441	50.4189
0.00528	0	0	0	56319.9	202.479	50.412
0.00552	0	0	0	56323.1	202.517	50.405
0.00576	0	0	0	56326.4	202.556	50.398
0.006	0	0	0	56329.7	202.594	50.391
0.00624	0	0	0	56333.1	202.634	50.3837
0.00648	0	0	0	56336.5	202.675	50.3763
0.00672	0	0	0	56340	202.716	50.369
0.00696	0	0	0	56343.5	202.757	50.3615
0.0072	0	0	0	56347.1	202.8	50.3537
0.00744	0	0	0	56350.7	202.842	50.346
0.00768	0	0	0	56354.3	202.885	50.3382
0.00792	0	0	0	56358.1	202.93	50.3302
0.00816	0	0	0	56361.9	202.975	50.322
0.0084	0	0	0	56365.7	203.02	50.3139
0.00864	0	0	0	56369.6	203.065	50.3056
0.00888	0	0	0	56373.6	203.113	50.297
0.00912	0	0	0	56377.7	203.16	50.2884
0.00936	0	0	0	56381.7	203.208	50.2799
0.0096	0	0	0	56385.9	203.257	50.271
0.00984	0	1	0	56390.1	203.308	50.2619
0.01008	0	0	0	56394.3	203.358	50.2529
0.01032	0	0	0	56398.6	203.408	50.2438
0.01056	0	0	0	56403.1	203.461	50.2342
0.0108	0	0	0	56407.6	203.514	50.2247
0.01104	0	1	0	56412.1	203.568	50.2152
0.01128	0	0	0	56416.7	203.622	50.2053
0.01152	0	2	0	56421.4	203.678	50.1953
0.01176	0	0	0	56426.2	203.735	50.1852
0.012	0	0	0	56430.9	203.791	50.1752
0.01224	0	0	0	56435.9	203.85	50.1645
0.01248	0	0	0	56441	203.91	50.1539
0.01272	0	3	0	56446	203.969	50.1432
0.01296	0	0	2	56451.1	204.03	50.1323
0.0132	0	0	0	56456.5	204.094	50.121
0.01344	0	0	0	56461.8	204.157	50.1098
0.01368	0	1	1	56467.1	204.22	50.0985
0.01392	0	1	0	56472.7	204.287	50.0867
0.01416	0	0	0	56478.4	204.354	50.0748
0.0144	0	0	0	56484	204.421	50.0628
0.01464	0	0	0	56489.8	204.489	50.0507
0.01488	0	3	0	56495.8	204.56	50.0381
0.01512	0	2	0	56501.8	204.632	50.0255
0.01536	0	1	0	56507.8	204.703	50.0128
0.0156	0	0	1	56514	204.777	49.9996
0.01584	0	0	0	56520.4	204.853	49.9862
0.01608	0	1	0	56526.8	204.929	49.9729
0.01632	0	1	1	56533.2	205.006	49.9593
0.01656	0	5	1	56540	205.087	49.9451
0.0168	0	1	0	56546.8	205.167	49.9309
0.01704	0	3	0	56553.6	205.248	49.9167
0.01728	0	0	1	56560.6	205.332	49.9019
0.01752	0	0	1	56567.9	205.418	49.8868
0.01776	0	5	2	56575.1	205.505	49.8717
0.018	0	4	1	56582.3	205.591	49.8566
0.01824	0	3	0	56590	205.683	49.8405
0.01848	0	4	0	56597.8	205.775	49.8244
0.01872	0	1	3	56605.5	205.867	49.8083
0.01896	0	8	1	56613.4	205.962	49.7918
0.0192	0	4	2	56621.7	206.061	49.7746
0.01944	0	3	1	56629.9	206.159	49.7575
0.01968	0	2	2	56638.2	206.258	49.7403
0.01992	0	4	3	56647	206.363	49.7221
0.02016	0	4	1	56655.8	206.469	49.7038
0.0204	0	3	4	56664.6	206.575	49.6855
0.02064	0	3	0	56673.7	206.683	49.6668
0.02088	0	4	0	56683.1	206.796	49.6473
0.02112	0	6	0	56692.6	206.91	49.6278
0.02136	0	7	0	56702	207.023	49.6083
0.0216	0	7	2	56712	207.142	49.5878
0.02184	0	6	0	56722.1	207.264	49.5669
0.02208	0	8	0	56732.3	207.386	49.546
0.02232	0	9	4	56742.5	207.509	49.525
0.02256	0	7	2	56753.5	207.641	49.5026
0.0228	0	6	3	56764.4	207.772	49.4802
0.02304	0	7	1	56775.3	207.904	49.4578
0.02328	0	8	1	56786.7	208.041	49.4345
0.02352	0	5	7	56798.5	208.183	49.4105
0.02376	0	19	2	56810.3	208.325	49.3865
0.024	0	13	3	56822	208.466	49.3625
0.02424	0	11	5	56834.7	208.62	49.3367
0.02448	0	13	3	56847.4	208.773	49.311
0.02472	0	16	4	56860.1	208.926	49.2852
0.02496	0	17	2	56873.2	209.084	49.2587
0.0252	0	14	4	56886.9	209.25	49.2309
0.02544	0	15	6	56900.6	209.416	49.2033
0.02568	0	13	0	56914.3	209.582	49.1756
0.02592	0	17	4	56929	209.76	49.1461
0.02616	0	24	3	56943.8	209.939	49.1163
0.0264	0	24	4	56958.6	210.119	49.0866
0.02664	0	25	3	56973.7	210.303	49.0562
0.02688	0	27	4	56989.8	210.498	49.0241
0.02712	0	35	4	57005.8	210.693	48.9921
0.02736	0	30	5	57021.9	210.888	48.9601
0.0276	0	26	5	57038.9	211.096	48.9261
0.02784	0	33	4	57056.4	211.319	48.8997
0.02808	0	36	4	57073.9	211.543	48.8744
0.02832	0	27	8	57091.6	211.771	48.8488
0.02856	0	37	9	57110.6	212.015	48.8213
0.0288	0	44	5	57129.6	212.26	48.7939
0.02904	0	52	9	57148.7	212.505	48.7665
0.02928	0	51	3	57168.7	212.762	48.7377
0.02952	0	42	6	57189.4	213.029	48.708
0.02976	0	54	9	57210.1	213.296	48.6783
0.03	0	69	5	57230.8	213.563	48.6487
0.03024	0	77	8	57253.5	213.855	48.6163
0.03048	0	65	9	57276.2	214.148	48.584
0.03072	0	74	9	57298.8	214.441	48.5518
0.03096	0	80	12	57322.5	214.746	48.5182
0.0312	0	75	11	57347.4	215.069	48.4829
0.03144	0	71	5	57372.3	215.391	48.4477
0.03168	0	102	7	57397.3	215.714	48.4125
0.03192	0	88	7	57424.2	216.064	48.3745
0.03216	0	99	8	57451.6	216.418	48.3361
0.0324	0	119	11	57478.9	216.773	48.2979
0.03264	0	131	8	57507	217.138	48.2586
0.03288	0	139	7	57537	217.527	48.2168
0.03312	0	145	7	57567	217.917	48.1751
0.03336	0	160	6	57597	218.307	48.1335
0.0336	0	154	11	57629.1	218.725	48.0891
0.03384	0	193	9	57662	219.155	48.0436
0.03408	0	207	11	57694.9	219.584	47.9983
0.03432	0	250	7	57728.4	220.021	47.9524
0.03456	0	227	6	57764.9	220.498	47.9025
0.0348	0	229	10	57801.3	220.975	47.8528
0.03504	0	233	7	57837.8	221.452	47.8032
0.03528	0	279	6	57876.6	221.96	47.7507
0.03552	0	282	12	57917	222.491	47.696
0.03576	0	335	4	57957.5	223.022	47.6416
0.036	0	349	10	57997.9	223.553	47.5873
0.03624	0	355	7	58042.7	224.143	47.5275
0.03648	0	401	6	58087.5	224.732	47.4678
0.03672	0	445	10	58132.3	225.323	47.4084
0.03696	0	469	6	58179.2	225.942	47.3464
0.0372	0	485	11	58228.9	226.599	47.2811
0.03744	0	519	1	58278.6	227.256	47.2159
0.03768	0	586	4	58328.3	227.914	47.1511
0.03792	0	614	5	58382.6	228.634	47.0806
0.03816	0	656	1	58437.7	229.366	47.0093
0.0384	0	759	2	58492.8	230.098	46.9385
0.03864	0	770	8	58549.6	230.854	46.8657
0.03888	0	801	4	58610.6	231.667	46.788
0.03912	0	924	5	58671.7	232.482	46.7106
0.03936	0	1115	3	58732.8	233.298	46.6336
0.0396	0	999	7	58798.8	234.162	46.5394
0.03984	0	1139	2	58866.8	235.015	46.421
0.04008	0	1156	13	58934.8	235.867	46.3029
0.04032	0	1438	13	59004	236.735	46.1831
0.04056	0	1322	3	59080.3	237.693	46.0513
0.0408	0	1439	4	59156.6	238.65	45.9199
0.04104	0	1604	8	59232.9	239.607	45.7889
0.04128	0	1683	8	59314.3	240.627	45.6498
0.04152	0	1915	5	59399.3	241.695	45.5047
0.04176	0	1918	8	59484.4	242.762	45.3601
0.042	0	2100	8	59569.5	243.828	45.216
0.04224	0	2332	5	59664.1	245.015	45.0563
0.04248	0	2548	10	59758.8	246.2	44.8972
0.04272	0	2575	11	59853.4	247.386	44.7387
0.04296	0	2937	12	59952.6	248.628	44.5733
0.0432	0	3063	9	60057.7	249.944	44.3985
0.04344	0	3211	8	60162.9	251.26	44.2244
0.04368	0	3578	5	60268.1	252.575	44.0511
0.04392	0	3945	7	60383.3	254.015	43.8621
0.04416	0	4016	5	60500.2	255.474	43.6712
0.0444	0	4338	5	60617.1	256.978	43.5191
0.04464	0	4811	5	60737.6	258.539	43.3674
0.04488	0	4856	10	60867.2	260.224	43.2058
0.04512	0	5403	5	60996.9	261.914	43.0458
0.04536	0	6017	2	61126.5	263.609	42.8874
0.0456	0	6148	6	61265.2	265.429	42.7198
0.04584	0	6692	4	61407.5	267.304	42.5497
0.04608	0	7341	6	61549.8	269.184	42.3815
0.04632	0	7734	6	61694.1	271.097	42.213
0.04656	0	8222	7	61849.7	273.168	42.0334
0.0468	0	8766	6	62005.3	275.246	41.856
0.04704	0	9729	2	62160.9	277.332	41.6807
0.04728	0	10273	4	62322.7	279.531	41.4803
0.04752	0	10993	5	62489	281.818	41.2534
0.04776	0	11907	2	62655.3	284.101	41.0288
0.048	0	12528	4	62821.7	286.379	40.8062
0.04824	0	13714	1	62998.3	288.794	40.5722
0.04848	0	14630	6	63175	291.203	40.3405
0.04872	0	15864	4	63351.7	293.606	40.1112
0.04896	0	16831	4	63532.1	296.054	39.8794
0.0492	0	17698	0	63717.7	298.563	39.6435
0.04944	0	18864	5	63903.3	301.063	39.4101
0.04968	0	20213	5	64088.8	303.46	39.2023
0.04992	0	22027	2	64277	305.817	39.0107
0.05016	0	23404	4	64465.7	308.169	38.8215
0.0504	0	24646	8	64654.3	310.512	38.635
0.05064	0	26778	8	64841.9	312.831	38.4523
0.05088	0	28279	4	65027	315.11	38.2746
0.05112	0	30159	3	65212.2	317.377	38.0995
0.05136	0	32355	3	65397.3	319.633	37.9269
0.0516	0	34354	2	65570.9	321.739	37.7673
0.05184	0	36456	4	65740	323.784	37.6123
0.05208	0	39191	3	65909	325.865	37.447
0.05232	0	41219	2	66074.4	327.918	37.2839
0.05256	0	44021	5	66217.4	329.706	37.1415
0.0528	0	46541	4	66360.4	331.506	36.9979
0.05304	0	49216	2	66503.4	333.319	36.8533
0.05328	0	53047	3	66617.8	334.778	36.7368
0.05352	0	55863	0	66710.8	335.969	36.6416
0.05376	0	58695	4	66803.7	337.166	36.5459
0.054	0	62472	1	66896.7	338.368	36.4498
0.05424	0	65554	2	66928.4	338.78	36.4169
0.05448	0	69303	4	66960.2	339.193	36.3839
0.05472	0	73421	4	66992	339.607	36.3508
0.05496	0	75970	2	66990.4	339.585	36.3525
0.0552	0	80896	3	66944.2	338.985	36.4005
0.05544	0	84637	6	66898	338.386	36.4484
0.05568	0	88976	4	66851.9	337.788	36.4962
0.05592	0	92578	4	66716.6	336.044	36.6356
0.05616	2	96615	3	66566.4	334.121	36.7892
0.0564	1	101507	2	66416.3	332.213	36.9416
0.05664	3	105050	4	66233.4	329.907	37.1254
0.05688	11	110399	3	65968.9	326.607	37.3881
0.05712	22	115064	3	65704.4	323.35	37.6462
0.05736	42	118755	4	65439.9	320.151	37.8876
0.0576	60	122386	0	65081.4	315.777	38.2229
0.05784	73	126715	0	64685.4	310.897	38.6045
0.05808	110	132354	1	64289.4	305.972	38.9982
0.05832	183	134449	1	63877.5	300.716	39.4423
0.05856	306	138767	1	63369.9	293.854	40.0877
0.0588	427	143389	5	62862.3	286.935	40.7522
0.05904	592	146653	1	62354.7	279.972	41.4365
0.05928	847	149559	0	61787.3	272.337	42.1051
0.05952	1107	151925	4	61175.2	264.247	42.8284
0.05976	1404	154822	1	60563	256.28	43.5877
0.06	1861	157573	0	59950.9	248.607	44.5761
0.06024	2416	160374	5	59279.9	240.196	45.7086
0.06048	3292	162838	1	58608.8	231.643	46.7903
0.06072	4169	165419	3	57937.8	222.763	47.6681
0.06096	5227	166503	1	57264.8	214.001	48.6002
0.0612	6146	167488	2	56589.1	205.671	49.8425
0.06144	7239	169704	1	55913.4	197.733	51.303
0.06168	8229	171251	1	55237.7	190.048	52.8506
0.06192	9705	170626	0	54594.9	182.895	54.1872
0.06216	11010	169387	2	53957.5	175.814	55.4812
0.0624	12917	170873	2	53320.2	168.641	56.6809
0.06264	14543	170006	1	52709.7	161.643	57.7984
0.06288	16415	170448	1	52166.4	155.479	58.8755
0.06312	18335	169881	0	51623	149.516	60.186
0.06336	20555	170325	1	51079.7	143.766	61.8064
0.0636	22508	168423	1	50602.5	138.718	63.2913
0.06384	24907	168392	0	50151.9	133.962	64.7496
0.06408	26922	169867	3	49701.2	128.545	65.6916
0.06432	29785	168450	0	49264.9	123.558	66.7165
0.06456	31752	165871	0	48915	119.797	67.6787
0.0648	33580	166722	1	48565.2	116.236	68.771
0.06504	36044	166402	6	48215.3	113.454	70.4122
0.06528	38321	165330	0	47909.4	111.716	72.4361
0.06552	40602	164231	1	47636.4	110.139	74.3425
0.06576	42460	165015	3	47363.4	108.541	76.3486
0.066	44710	162379	1	47090.4	106.922	78.4599
0.06624	47399	162232	1	46883.3	105.681	80.1357
0.06648	49700	164701	1	46676.1	104.43	81.8779
0.06672	51260	161364	85	46468.9	102.528	83.4412
0.06696	53599	161481	183	46286.2	100.683	84.7257
0.0672	55448	160516	521	46136.1	99.1557	85.7456
0.06744	57706	161859	972	45985.9	97.6201	86.7318
0.06768	59629	160897	2093	45835.7	96.0769	87.6828
0.06792	61456	160440	2656	45699.3	94.669	88.5153
0.06816	63155	162414	3336	45565.1	93.2803	89.3033
0.0684	65421	164200	3896	45430.9	91.8881	90.0603
0.06864	66331	165403	5123	45299.6	90.5227	90.7702
0.06888	68111	163924	7112	45175.3	89.2291	91.4127
0.06912	69539	166015	8299	45051.1	87.9345	92.0264
0.06936	71619	166686	9901	44926.8	86.6393	92.6105
0.0696	72662	167480	11120	44806.1	85.6047	92.9711
0.06984	73870	167200	13650	44686.8	84.6472	93.254
0.07008	76008	170566	14282	44567.5	83.6847	93.5199
0.07032	76850	173098	16532	44451.7	82.7462	93.7616
0.07056	78102	173149	21092	44356.9	81.9758	93.9473
0.0708	79866	174512	21595	44262.2	81.2031	94.122
0.07104	80783	177580	25384	44167.5	80.4281	94.2858
0.07128	82587	176813	30289	44092.2	79.8108	94.4081
0.07152	82955	180120	32592	44031.5	79.3122	94.5016
0.07176	84294	182723	33366	43970.9	78.813	94.5905
0.072	85569	184008	39956	43910.2	78.313	94.6749
0.07224	86865	186676	43730	43869.3	77.9765	94.7291
0.07248	87789	190137	46819	43828.5	77.6397	94.7811
0.07272	88416	193859	51206	43787.7	77.3026	94.8311
0.07296	89619	197419	56474	43748.2	76.9763	94.8775
0.0732	90516	201143	61531	43710.5	76.6644	94.92
0.07344	91300	207406	64888	43672.7	76.3523	94.9608
0.07368	92709	210108	69626	43635	76.04	94.9997
0.07392	92893	213544	78163	43598.4	75.7369	95.0357
0.07416	94377	217863	80878	43561.9	75.4352	95.0699
0.0744	95530	223543	88095	43525.5	75.1334	95.1024
0.07464	96099	229032	93933	43490.9	74.8469	95.1318
0.07488	97616	233002	100599	43461	74.599	95.1559
0.07512	98496	239803	106415	43431.1	74.351	95.1789
0.07536	98904	244370	112931	43401.2	74.103	95.2008
0.0756	100403	249416	119530	43352.4	73.6979	95.2341
0.07584	100888	254485	125888	43296	73.23	95.2688
0.07608	101871	261322	130503	43239.5	72.7619	95.2994
0.07632	102737	268197	138257	43176.7	72.2403	95.3288
0.07656	104317	275212	146711	43075.1	71.1917	95.4067
0.0768	105247	280431	150651	42973.5	70.1224	95.5059
0.07704	104933	287896	158144	42871.9	69.0647	95.6224
0.07728	106898	295173	169367	42762.2	67.9356	95.7674
0.07752	107316	301038	174828	42646.5	66.7585	95.9424
0.07776	108374	308694	181563	42530.8	65.5961	96.1399
0.078	109027	316109	191956	42415.1	64.4483	96.3602
0.07824	108792	324669	208511	42368.5	63.9911	96.4552
0.07848	110365	332348	214616	42322	63.5361	96.5539
0.07872	111201	341013	226737	42275.5	63.0836	96.6563
0.07896	111100	351174	244719	42280.5	63.1316	96.6453
0.0792	112626	357913	255577	42354	63.8488	96.4856
0.07944	113795	364448	262627	42427.6	64.572	96.3352
0.07968	114301	377175	275906	42501.2	65.301	96.1941
0.07992	114882	387102	296839	42642.5	66.7185	95.9487
0.08016	115677	396010	301176	42795.2	68.2739	95.7216
0.0804	116643	409051	310695	42947.9	69.855	95.5336
0.08064	117824	421222	330936	43115.7	71.6225	95.3718
0.08088	118356	435338	350203	43321.4	73.4407	95.2536
0.08112	118441	443452	351408	43527	75.1458	95.1011
0.08136	119213	455384	368260	43732.7	76.8479	94.8953
0.0816	118816	472622	400852	43983.4	78.9164	94.5725
0.08184	119659	478386	402035	44252.2	81.1215	94.1398
0.08208	119813	490554	408327	44521.1	83.3092	93.6187
0.08232	119110	509772	438152	44794.2	85.5094	93.0001
0.08256	119188	527793	474559	45093.2	88.3731	91.8218
0.0828	119625	536006	454816	45392.1	91.4853	90.273
0.08304	121445	552644	470882	45691.1	94.5849	88.5639
0.08328	121555	578392	521759	46003.8	97.8037	86.616
0.08352	123320	590191	529091	46326.7	101.093	84.4448
0.08376	125630	604752	520561	46649.7	104.27	82.1049
0.084	126171	635043	561921	46972.6	106.218	79.4047
0.08424	127723	670739	647973	47314	108.249	76.7231
0.08448	128574	678995	586758	47655.3	110.249	74.2074
0.08472	129249	703162	603258	47996.6	112.214	71.8473
0.08496	129642	734507	684096	48361.8	114.275	69.4831
0.0852	132590	749112	709704	48758.9	118.184	68.1498
0.08544	134670	760477	651828	49156	122.365	67.0024
0.08568	136792	788880	698513	49553	126.813	66.0183
0.08592	140095	827460	857732	49967.2	131.758	65.1584
0.08616	143605	825748	714957	50384.3	136.413	63.9906
0.0864	146607	842015	706843	50801.3	140.82	62.6654
0.08664	149490	885509	824583	51201.5	145.056	61.4366
0.08688	151203	914582	899738	51559.6	148.845	60.3714
0.08712	154393	913267	735129	51917.6	152.68	59.3956
0.08736	155866	937073	793764	52275.7	156.714	58.6524
0.0876	157140	976687	999074	52660.8	161.085	57.8921
0.08784	157494	970760	860999	53056.6	165.611	57.1516
0.08808	154368	977344	799412	53452.5	170.166	56.4512
0.08832	150070	1.0057e+06	929760	53850.8	174.631	55.6946
0.08856	144663	1.0312e+06	1.09084e+06	54263.8	179.214	54.8635
0.0888	137486	1.00745e+06	844351	54676.9	183.806	54.0185
0.08904	127161	1.01475e+06	874875	55089.9	188.402	53.1606
0.08928	118202	1.04632e+06	1.09169e+06	55378.7	191.626	52.5343
0.08952	106795	1.03208e+06	1.01739e+06	55574.4	193.843	52.0758
0.08976	95516	1.02278e+06	863594	55770	196.08	51.6265
0.09	81690	1.03709e+06	973079	55965.7	198.338	51.1863
0.09024	68334	1.07637e+06	1.22423e+06	55683.7	195.09	51.8236
0.09048	56617	1.04436e+06	895369	55401.7	191.885	52.4799
0.09072	44871	1.04946e+06	908868	55119.7	188.734	53.0983
0.09096	34773	1.08407e+06	1.12924e+06	54640.7	183.404	54.0931
0.0912	26113	1.08574e+06	1.11763e+06	53899	175.165	55.5983
0.09144	18326	1.0727e+06	928392	53157.4	166.768	56.9695
0.09168	12408	1.0831e+06	1.01177e+06	52415.7	158.3	58.3712
0.09192	8102	1.13046e+06	1.24128e+06	51479	147.992	60.6085
0.09216	5159	1.10346e+06	1.02501e+06	50509.7	137.737	63.5872
0.0924	3268	1.10305e+06	973237	49540.4	126.668	66.0471
0.09264	1881	1.12752e+06	1.1076e+06	48541.7	116.004	68.849
0.09288	1190	1.15346e+06	1.26316e+06	47469.3	109.164	75.558
0.09312	533	1.13002e+06	991546	46396.9	101.803	83.9528
0.09336	271	1.1373e+06	1.02827e+06	45324.6	90.7826	90.6375
0.0936	138	1.17933e+06	1.32015e+06	44087.9	79.775	94.4149
0.09384	71	1.16358e+06	1.12031e+06	42785.5	68.1738	95.735
0.09408	20	1.16173e+06	992991	41483.1	55.7304	98.9859
0.09432	16	1.18099e+06	1.12978e+06	40109.2	46.6368	108.973
0.09456	3	1.22131e+06	1.40495e+06	38306.7	37.8841	129.906
0.0948	1	1.19363e+06	1.02409e+06	36504.1	28.6937	154.129
0.09504	0	1.19738e+06	1.04715e+06	34701.6	18.218	167.222
0.09528	0	1.23924e+06	1.35546e+06	32411.7	10.9492	207.478
0.09552	0	1.23445e+06	1.24758e+06	29756.4	5.04067	280.45
0.09576	0	1.22716e+06	1.03713e+06	27101	2.00972	391.415
0.096	0	1.24174e+06	1.18588e+06	24445.7	0.511384	550.661
0.09624	0	1.30041e+06	1.44608e+06	20815	0.0755106	951.219
0.09648	0	1.26528e+06	1.14111e+06	17184.2	0	1824.47
0.09672	0	1.27145e+06	1.10351e+06	13553.5	0	6401.66
0.09696	0	1.31113e+06	1.33746e+06	10438.7	0	22220.3
0.0972	0	1.31862e+06	1.36174e+06	8011.94	0	40471.3
0.09744	0	1.30653e+06	1.15332e+06	5585.17	0	64497.2
0.09768	22	1.31531e+06	1.23134e+06	3158.4	0	72445.5
0.09792	822	1.36912e+06	1.51595e+06	6801.77	0	50865.6
0.09816	22784	1.33895e+06	1.23233e+06	11456.8	0	15847.7
0.0984	441324	1.34423e+06	1.1592e+06	16111.9	0	2332.47
0.09864	1.2614e+06	1.38185e+06	876140	22870.2	0.193834	686.823
0.09888	1.92308e+06	1.40009e+06	387690	34886.5	19.1571	165.965
0.09912	2.40278e+06	1.37508e+06	82260	46902.9	105.799	79.9743
0.09936	2.5825e+06	1.39636e+06	13	58919.2	235.672	46.3299
0.0996	2.54608e+06	1.44438e+06	7	69392.1	373.827	33.7439
0.09984	2.43217e+06	1.32636e+06	17	79247.6	521.151	26.0713
0.10008	1.88732e+06	1.12585e+06	9	89103	678.094	22.2095
0.10032	1.37502e+06	908886	17	97931.4	819.192	17.5788
0.10056	1.12354e+06	715974	8	100597	861.907	16.2137
0.1008	837681	498638	14	103263	904.623	14.8486
0.10104	580858	322479	10	105929	947.338	13.4835
0.10128	380954	195928	10	106180	951.354	13.3551
0.10152	228259	107779	10	104619	926.346	14.1543
0.10176	119883	56038	10	103058	901.338	14.9536
0.102	55427	29593	9	101497	876.329	15.7528
0.10224	22561	18556	17	98950.1	835.514	17.0572
0.10248	7960	14498	14	96402.8	794.699	18.3616
0.10272	2445	13636	17	93855.5	753.884	19.6659
0.10296	872	14319	15	91531.3	716.643	20.8561
0.1032	385	15344	17	89504.5	684.464	21.983
0.10344	172	16145	17	87477.7	650.501	22.4972
0.10368	129	17404	15	85450.8	615.916	23.1985
0.10392	118	18336	12	84016.2	594.977	24.3672
0.10416	68	19612	9	82680.2	574.548	25.2974
0.1044	60	21273	21	81344.3	550.558	25.8567
0.10464	43	23201	15	80143.4	533.194	25.7367
0.10488	27	24433	15	79280.1	521.591	26.0406
0.10512	19	25837	17	78416.9	509.558	26.9611
0.10536	9	27465	7	77553.6	496.113	27.9836
0.1056	7	29873	11	76885	484.553	28.604
0.10584	5	31906	15	76294.2	474.376	29.0982
0.10608	3	33879	16	75703.4	465.456	29.536
0.10632	4	36968	8	75133.6	457.332	29.9012
0.10656	1	38910	15	74689.6	451	30.1459
0.1068	2	41301	12	74245.7	444.247	30.3182
0.10704	7	44087	16	73801.8	436.664	30.4173
0.10728	3	47035	10	73389	429.701	30.5323
0.10752	2	50711	11	72999.5	423.208	30.6613
0.10776	2	54138	8	72610	416.9	30.8361
0.108	2	56937	6	72220.5	411.585	31.2367
0.10824	0	59920	3	71822	406.275	31.6672
0.10848	0	63981	10	71423.5	401.09	32.1192
0.10872	0	68019	5	71024.9	396.029	32.5935
0.10896	2	72488	8	70594.5	390.355	32.942
0.1092	2	76742	6	70121.5	383.927	33.2588
0.10944	1	80652	20	69648.5	377.402	33.5738
0.10968	4	85661	14	69175.6	370.783	33.8903
0.10992	11	90789	7	68577.2	361.945	34.5378
0.11016	20	95498	4	67957.9	352.929	35.2504
0.1104	37	100617	11	67338.6	344.157	35.9869
0.11064	55	106192	4	66665.8	335.392	36.6877
0.11088	77	110671	0	65859.1	325.249	37.496
0.11112	127	116434	5	65052.5	315.422	38.2504
0.11136	155	121433	5	64245.8	305.426	39.0423
0.1116	214	124218	4	63289.9	292.766	40.1912
0.11184	328	129693	4	62274.2	278.865	41.5467
0.11208	345	132145	3	61258.6	265.342	42.7278
0.11232	467	136775	1	60219.3	251.965	44.1315
0.11256	638	140241	5	59038.1	237.163	46.1241
0.1128	770	142950	2	57856.9	221.702	47.7773
0.11304	940	144147	2	56675.7	206.707	49.6627
0.11328	1039	145171	4	55440.6	192.325	52.3882
0.11352	1392	144698	3	54165.2	178.118	55.0633
0.11376	1658	144324	9	52889.7	163.699	57.4588
0.114	1972	142652	4	51614.3	149.423	60.2115
0.11424	2371	139120	4	50367.4	136.234	64.0454
0.11448	2659	137047	1	49120.4	121.98	67.0984
0.11472	3080	132992	75	47873.5	111.51	72.6813
0.11496	3383	128189	1132	46678.8	104.447	81.8544
0.1152	3604	124674	4286	45554	93.165	89.3673
0.11544	3824	123676	7383	44429.1	82.5628	93.8068
0.11568	4208	123352	12923	43304.2	73.2984	95.2639
0.11592	4467	121268	18349	42305.2	63.3726	96.5904
0.11616	4654	120255	24768	41327.3	54.4987	99.7694
0.1164	5084	121133	31749	40349.3	48.0302	106.814
0.11664	5032	121179	40701	39421.7	43.1052	116.188
0.11688	5164	120670	51545	38619.9	39.3418	125.83
0.11712	5415	121873	62482	37818.2	35.6051	136.643
0.11736	5577	123532	73212	37016.4	31.4855	147.59
0.1176	5581	123799	84678	36339.6	27.7849	156.138
0.11784	5665	125843	95521	35712.7	23.8326	160.618
0.11808	5429	127283	108571	35085.8	20.212	164.636
0.11832	5499	129949	120818	34569.2	17.5688	168.135
0.11856	5411	132155	133221	34713.6	18.2778	167.14
0.1188	5237	135176	137865	34857.9	19.0095	166.158
0.11904	5479	140074	142073	35002.3	19.7646	165.19
0.11928	5292	142874	146746	36910.2	30.9134	148.979
0.11952	4616	149510	123823	40140.6	46.8152	108.68
0.11976	0	146460	74731	43371.1	73.853	95.2217
