0	0	0	0	56647.6	206.371	49.7208
0.00024	0	0	0	56652.8	206.433	49.71
0.00048	0	0	0	56658	206.495	49.6992
0.00072	0	0	0	56663.2	206.558	49.6884
0.00096	0	0	0	56668.5	206.621	49.6775
0.0012	0	0	0	56673.9	206.686	49.6663
0.00144	0	0	0	56679.4	206.751	49.6551
0.00168	0	0	0	56684.8	206.816	49.6439
0.00192	0	0	0	56690.4	206.883	49.6323
0.00216	0	0	0	56696	206.951	49.6207
0.0024	0	0	0	56701.7	207.018	49.609
0.00264	0	0	0	56707.4	207.087	49.5973
0.00288	0	0	0	56713.3	207.158	49.5852
0.00312	0	0	0	56719.1	207.228	49.5731
0.00336	0	0	0	56725	207.299	49.561
0.0036	0	0	0	56731.1	207.371	49.5485
0.00384	0	0	0	56737.2	207.445	49.5359
0.00408	0	0	0	56743.3	207.519	49.5234
0.00432	0	0	0	56749.5	207.593	49.5107
0.00456	0	0	0	56755.9	207.67	49.4976
0.0048	0	0	0	56762.3	207.747	49.4845
0.00504	0	0	0	56768.7	207.824	49.4714
0.00528	0	0	0	56775.2	207.903	49.458
0.00552	0	0	0	56781.9	207.983	49.4444
0.00576	0	0	0	56788.6	208.063	49.4307
0.006	0	0	0	56795.2	208.144	49.4171
0.00624	0	0	0	56802.2	208.228	49.4029
0.00648	0	0	0	56809.2	208.312	49.3887
0.00672	0	0	0	56816.2	208.396	49.3745
0.00696	0	0	0	56823.3	208.481	49.36
0.0072	0	0	0	56830.6	208.569	49.3452
0.00744	0	0	0	56837.8	208.657	49.3304
0.00768	0	0	0	56845.1	208.745	49.3156
0.00792	0	0	0	56852.7	208.837	49.3002
0.00816	0	0	0	56860.3	208.929	49.2848
0.0084	0	0	0	56867.9	209.021	49.2693
0.00864	0	0	0	56875.6	209.114	49.2537
0.00888	0	0	0	56883.6	209.21	49.2376
0.00912	0	0	0	56891.6	209.307	49.2215
0.00936	0	0	0	56899.6	209.403	49.2054
0.0096	0	0	0	56907.8	209.503	49.1887
0.00984	0	1	0	56916.1	209.604	49.1719
0.01008	0	0	0	56924.5	209.705	49.1551
0.01032	0	0	0	56932.9	209.807	49.1382
0.01056	0	0	0	56941.6	209.913	49.1206
0.0108	0	0	0	56950.4	210.019	49.103
0.01104	0	1	0	56959.1	210.126	49.0855
0.01128	0	0	0	56968.1	210.235	49.0675
0.01152	0	2	0	56977.3	210.346	49.0491
0.01176	0	0	0	56986.4	210.457	49.0308
0.012	0	0	0	56995.6	210.569	49.0124
0.01224	0	0	0	57005.2	210.686	48.9932
0.01248	0	0	0	57014.9	210.803	48.974
0.01272	0	3	0	57024.5	210.92	48.9548
0.01296	0	0	2	57034.3	211.04	48.9353
0.0132	0	0	0	57044.4	211.165	48.9171
0.01344	0	0	0	57054.5	211.295	48.9024
0.01368	0	1	1	57064.6	211.425	48.8878
0.01392	0	1	0	57075.2	211.56	48.8725
0.01416	0	0	0	57085.8	211.697	48.8571
0.0144	0	0	0	57096.4	211.833	48.8418
0.01464	0	0	0	57107.2	211.972	48.8262
0.01488	0	3	0	57118.4	212.115	48.8101
0.01512	0	2	0	57129.6	212.259	48.794
0.01536	0	1	0	57140.7	212.403	48.7779
0.0156	0	0	1	57152.3	212.552	48.7612
0.01584	0	0	0	57164.1	212.703	48.7443
0.01608	0	1	0	57175.9	212.855	48.7274
0.01632	0	1	1	57187.7	213.007	48.7104
0.01656	0	5	1	57200.1	213.167	48.6926
0.0168	0	1	0	57212.5	213.327	48.6749
0.01704	0	3	0	57224.9	213.487	48.6571
0.01728	0	0	1	57237.7	213.651	48.6389
0.01752	0	0	1	57250.7	213.82	48.6202
0.01776	0	5	2	57263.8	213.989	48.6016
0.018	0	4	1	57276.9	214.157	48.583
0.01824	0	3	0	57290.7	214.336	48.5634
0.01848	0	4	0	57304.5	214.514	48.5438
0.01872	0	1	3	57318.3	214.692	48.5242
0.01896	0	8	1	57332.4	214.875	48.5041
0.0192	0	4	2	57347	215.064	48.4835
0.01944	0	3	1	57361.6	215.252	48.4629
0.01968	0	2	2	57376.2	215.441	48.4423
0.01992	0	4	3	57391.5	215.639	48.4207
0.02016	0	4	1	57406.9	215.839	48.3989
0.0204	0	3	4	57422.3	216.039	48.3772
0.02064	0	3	0	57438	216.243	48.3552
0.02088	0	4	0	57454.4	216.454	48.3322
0.02112	0	6	0	57470.7	216.666	48.3093
0.02136	0	7	0	57487	216.878	48.2865
0.0216	0	7	2	57504.1	217.1	48.2627
0.02184	0	6	0	57521.4	217.324	48.2385
0.02208	0	8	0	57538.7	217.549	48.2144
0.02232	0	9	4	57556.2	217.776	48.1901
0.02256	0	7	2	57574.5	218.016	48.1646
0.0228	0	6	3	57592.9	218.255	48.1391
0.02304	0	7	1	57611.3	218.494	48.1136
0.02328	0	8	1	57630.4	218.742	48.0873
0.02352	0	5	7	57649.9	218.997	48.0603
0.02376	0	19	2	57669.4	219.252	48.0334
0.024	0	13	3	57689	219.506	48.0065
0.02424	0	11	5	57709.7	219.778	47.978
0.02448	0	13	3	57730.5	220.049	47.9495
0.02472	0	16	4	57751.3	220.32	47.9211
0.02496	0	17	2	57772.6	220.6	47.8919
0.0252	0	14	4	57794.8	220.889	47.8617
0.02544	0	15	6	57816.9	221.179	47.8316
0.02568	0	13	0	57839	221.468	47.8015
0.02592	0	17	4	57862.4	221.775	47.7698
0.02616	0	24	3	57886	222.084	47.7379
0.0264	0	24	4	57909.6	222.393	47.7061
0.02664	0	25	3	57933.6	222.709	47.6737
0.02688	0	27	4	57958.8	223.039	47.6398
0.02712	0	35	4	57984	223.37	47.606
0.02736	0	30	5	58009.2	223.701	47.5723
0.0276	0	26	5	58035.6	224.049	47.5369
0.02784	0	33	4	58062.6	224.404	47.501
0.02808	0	36	4	58089.5	224.759	47.4652
0.02832	0	27	8	58116.7	225.118	47.429
0.02856	0	37	9	58145.6	225.498	47.3908
0.0288	0	44	5	58174.4	225.879	47.3527
0.02904	0	52	9	58203.3	226.26	47.3147
0.02928	0	51	3	58233.3	226.657	47.2752
0.02952	0	42	6	58264.2	227.066	47.2347
0.02976	0	54	9	58295.1	227.475	47.1943
0.03	0	69	5	58326	227.885	47.154
0.03024	0	77	8	58359.2	228.325	47.1109
0.03048	0	65	9	58392.4	228.765	47.0678
0.03072	0	74	9	58425.7	229.206	47.0249
0.03096	0	80	12	58459.9	229.661	46.9807
0.0312	0	75	11	58495.7	230.136	46.9348
0.03144	0	71	5	58531.4	230.612	46.889
0.03168	0	102	7	58567.1	231.088	46.8433
0.03192	0	88	7	58605.2	231.595	46.7949
0.03216	0	99	8	58643.6	232.108	46.7461
0.0324	0	119	11	58682.1	232.621	46.6975
0.03264	0	131	8	58721.4	233.146	46.6479
0.03288	0	139	7	58762.8	233.699	46.5959
0.03312	0	145	7	58804.2	234.229	46.53
0.03336	0	160	6	58845.6	234.748	46.4579
0.0336	0	154	11	58889.3	235.296	46.3819
0.03384	0	193	9	58933.9	235.856	46.3045
0.03408	0	207	11	58978.5	236.416	46.2272
0.03432	0	250	7	59023.6	236.982	46.1491
0.03456	0	227	6	59071.9	237.587	46.0658
0.0348	0	229	10	59120.1	238.192	45.9827
0.03504	0	233	7	59168.4	238.797	45.8997
0.03528	0	279	6	59218.9	239.431	45.813
0.03552	0	282	12	59271.1	240.086	45.7236
0.03576	0	335	4	59323.3	240.741	45.6344
0.036	0	349	10	59375.5	241.396	45.5453
0.03624	0	355	7	59432	242.104	45.4491
0.03648	0	401	6	59488.5	242.813	45.3532
0.03672	0	445	10	59545	243.521	45.2575
0.03696	0	469	6	59603.5	244.255	45.1586
0.0372	0	485	11	59664.7	245.022	45.0554
0.03744	0	519	1	59725.9	245.788	44.9524
0.03768	0	586	4	59787.1	246.555	44.8498
0.03792	0	614	5	59852.6	247.376	44.7401
0.03816	0	656	1	59918.8	248.205	44.6295
0.0384	0	759	2	59985.1	249.035	44.5192
0.03864	0	770	8	60052.9	249.883	44.4066
0.03888	0	801	4	60124.5	250.78	44.2879
0.03912	0	924	5	60196.2	251.677	44.1695
0.03936	0	1115	3	60267.9	252.573	44.0514
0.0396	0	999	7	60343.9	253.522	43.9266
0.03984	0	1139	2	60421.6	254.493	43.7994
0.04008	0	1156	13	60499.3	255.463	43.6726
0.04032	0	1438	13	60578	256.474	43.5686
0.04056	0	1322	3	60662.5	257.566	43.4618
0.0408	0	1439	4	60747	258.661	43.3557
0.04104	0	1604	8	60831.4	259.758	43.2502
0.04128	0	1683	8	60919.9	260.91	43.1405
0.04152	0	1915	5	61011.4	262.104	43.0279
0.04176	0	1918	8	61102.9	263.301	42.9161
0.042	0	2100	8	61194.5	264.5	42.8051
0.04224	0	2332	5	61293.4	265.8	42.686
0.04248	0	2548	10	61392.3	267.103	42.5678
0.04272	0	2575	11	61491.2	268.409	42.4506
0.04296	0	2937	12	61593.5	269.763	42.3303
0.0432	0	3063	9	61700.3	271.18	42.2058
0.04344	0	3211	8	61807.1	272.6	42.0823
0.04368	0	3578	5	61913.9	274.024	41.9599
0.04392	0	3945	7	62027.7	275.547	41.8305
0.04416	0	4016	5	62142.8	277.089	41.701
0.0444	0	4338	5	62257.9	278.64	41.5692
0.04464	0	4811	5	62375.4	280.257	41.4081
0.04488	0	4856	10	62499.1	281.957	41.2397
0.04512	0	5403	5	62622.8	283.654	41.0726
0.04536	0	6017	2	62746.4	285.349	40.9066
0.0456	0	6148	6	62876	287.123	40.734
0.04584	0	6692	4	63008	288.926	40.5595
0.04608	0	7341	6	63139.9	290.726	40.3863
0.04632	0	7734	6	63273.1	292.538	40.2129
0.04656	0	8222	7	63413.2	294.442	40.0318
0.0468	0	8766	6	63553.4	296.342	39.8522
0.04704	0	9729	2	63693.6	298.237	39.674
0.04728	0	10273	4	63837.4	300.177	39.4926
0.04752	0	10993	5	63984.1	302.145	39.3102
0.04776	0	11907	2	64130.7	303.986	39.1594
0.048	0	12528	4	64277.4	305.821	39.0104
0.04824	0	13714	1	64429.7	307.722	38.8573
0.04848	0	14630	6	64582.1	309.616	38.7061
0.04872	0	15864	4	64734.4	311.504	38.5567
0.04896	0	16831	4	64888.6	313.407	38.4072
0.0492	0	17698	0	65045.3	315.333	38.2572
0.04944	0	18864	5	65201.9	317.252	38.1091
0.04968	0	20213	5	65358.6	319.163	37.9628
0.04992	0	22027	2	65515.9	321.073	37.8176
0.05016	0	23404	4	65673.4	322.976	37.6742
0.0504	0	24646	8	65830.8	324.9	37.5237
0.05064	0	26778	8	65987.4	326.836	37.3699
0.05088	0	28279	4	66141.7	328.758	37.217
0.05112	0	30159	3	66296	330.694	37.0627
0.05136	0	32355	3	66450.3	332.645	36.9071
0.0516	0	34354	2	66597.6	334.52	36.7574
0.05184	0	36456	4	66742.1	336.373	36.6093
0.05208	0	39191	3	66886.6	338.238	36.4602
0.05232	0	41219	2	67029	340.088	36.3123
0.05256	0	44021	5	67158.3	341.78	36.177
0.0528	0	46541	4	67287.6	343.483	36.0408
0.05304	0	49216	2	67417	345.196	35.9038
0.05328	0	53047	3	67530.9	346.792	35.7679
0.05352	0	55863	0	67633.4	348.259	35.6417
0.05376	0	58695	4	67735.9	349.73	35.5168
0.054	0	62472	1	67838.3	351.204	35.3931
0.05424	0	65554	2	67908.8	352.22	35.3088
0.05448	0	69303	4	67979.2	353.237	35.2251
0.05472	0	73421	4	68049.6	354.256	35.142
0.05496	0	75970	2	68103.3	355.034	35.0791
0.0552	0	80896	3	68134.5	355.487	35.0426
0.05544	0	84637	6	68165.8	355.94	35.0062
0.05568	0	88976	4	68197	356.394	34.97
0.05592	0	92578	4	68185.6	356.229	34.9832
0.05616	0	96615	3	68167.2	355.961	35.0046
0.0564	0	101507	2	68148.7	355.693	35.0261
0.05664	0	105052	4	68115.5	355.21	35.0648
0.05688	0	110401	4	68045.2	354.193	35.1472
0.05712	0	115073	3	67975	353.176	35.2301
0.05736	0	118765	5	67904.8	352.162	35.3136
0.0576	0	122404	1	67794.3	350.57	35.4461
0.05784	0	126748	0	67667.8	348.752	35.5996
0.05808	0	132393	4	67541.3	346.94	35.7551
0.05832	0	134526	4	67408.4	345.082	35.9129
0.05856	0	138883	1	67237.5	342.822	36.0937
0.0588	0	143577	5	67066.6	340.58	36.273
0.05904	0	146907	2	66895.8	338.356	36.4508
0.05928	0	149950	0	66700.9	335.842	36.6517
0.05952	0	152521	7	66487.9	333.122	36.869
0.05976	0	155570	3	66275	330.429	37.0838
0.06	0	158538	2	66062.1	327.764	37.2961
0.06024	0	161595	8	65821.6	324.786	37.5327
0.06048	0	164518	3	65581.1	321.862	37.758
0.06072	0	167606	4	65340.6	318.944	37.9795
0.06096	0	169185	3	65094.3	315.935	38.2107
0.0612	0	170865	3	64840.2	312.81	38.4539
0.06144	0	173779	3	64586.1	309.666	38.7021
0.06168	0	176172	2	64332	306.503	38.9553
0.06192	0	176680	1	64073.4	303.268	39.2181
0.06216	0	176155	2	63814.1	299.863	39.5219
0.0624	0	178524	2	63554.8	296.361	39.8504
0.06264	0	178618	5	63298.6	292.884	40.1799
0.06288	0	179836	5	63049.9	289.498	40.5043
0.06312	0	180605	2	62801.3	286.1	40.8334
0.06336	0	181994	2	62552.6	282.691	41.1673
0.0636	0	181188	2	62306.5	279.309	41.5025
0.06384	0	181899	7	62061.3	275.996	41.7926
0.06408	0	184010	4	61816.2	272.721	42.0719
0.06432	0	183959	3	61573.1	269.492	42.3543
0.06456	0	181706	2	61342.1	266.441	42.6277
0.0648	0	183703	2	61111.1	263.407	42.9062
0.06504	0	183780	13	60880.1	260.391	43.1898
0.06528	0	182811	8	60655.6	257.477	43.4705
0.06552	0	181806	7	60436	254.673	43.7759
0.06576	0	182620	4	60216.4	251.929	44.1362
0.066	0	180791	6	59996.9	249.182	44.4996
0.06624	0	179899	4	59801	246.729	44.8265
0.06648	0	181755	7	59605.1	244.274	45.156
0.06672	0	178140	88	59409.2	241.818	45.488
0.06696	0	177975	186	59230.2	239.573	45.7937
0.0672	0	175673	523	59073.7	237.609	46.0627
0.06744	0	176949	973	58917.2	235.647	46.3334
0.06768	0	174121	2099	58760.7	233.671	46.5986
0.06792	0	172036	2665	58636.6	232.013	46.7551
0.06816	0	172486	3348	58517.8	230.431	46.9063
0.0684	0	172936	4028	58399.1	228.854	47.0592
0.06864	0	173352	5587	58295.8	227.484	47.1934
0.06888	0	170757	8378	58231.1	226.627	47.2782
0.06912	0	172408	11134	58166.3	225.772	47.3635
0.06936	0	172107	14302	58101.5	224.918	47.4492
0.0696	0	172283	15830	58075.1	224.569	47.4844
0.06984	0	171935	19357	58063.9	224.422	47.4992
0.07008	0	175567	21734	58052.7	224.275	47.5141
0.07032	0	177676	25468	58050.6	224.247	47.5169
0.07056	0	177889	32089	58102.6	224.932	47.4477
0.0708	0	179288	33344	58154.6	225.618	47.3789
0.07104	0	182617	37751	58206.7	226.305	47.3103
0.07128	0	182016	44579	58292	227.433	47.1985
0.07152	0	186028	47171	58402.2	228.894	47.0552
0.07176	0	188803	48819	58512.5	230.36	46.9132
0.072	0	190600	57296	58622.7	231.828	46.7726
0.07224	0	194271	61210	58781.6	233.947	46.5693
0.07248	0	197905	64837	58940.5	235.94	46.2929
0.07272	0	203238	69755	59099.5	237.933	46.0183
0.07296	0	207299	76043	59276	240.148	45.7152
0.0732	0	212484	80847	59476.1	242.657	45.3743
0.07344	0	219946	84802	59676.1	245.165	45.0361
0.07368	0	224070	90154	59876.2	247.672	44.7006
0.07392	0	228990	99319	60107.4	250.565	44.3163
0.07416	0	235874	102647	60343.8	253.52	43.9269
0.0744	0	243168	109737	60580.1	256.501	43.5659
0.07464	0	251101	116551	60827	259.701	43.2557
0.07488	0	258363	123159	61100.2	263.265	42.9194
0.07512	0	267982	130696	61373.4	266.854	42.5903
0.07536	0	277006	137168	61646.6	270.466	42.2683
0.0756	0	286846	143071	61917.3	274.07	41.956
0.07584	0	296204	150326	62187.1	277.684	41.6514
0.07608	0	309175	155254	62456.9	281.377	41.297
0.07632	0	322974	163757	62717.8	284.956	40.945
0.07656	0	337300	172074	62925	287.792	40.6691
0.0768	0	350955	177476	63132.2	290.62	40.3964
0.07704	0	368675	185533	63339.4	293.44	40.127
0.07728	0	387692	198206	63430.6	294.678	40.0095
0.07752	0	407076	205437	63434.8	294.734	40.0042
0.07776	0	432289	211510	63438.9	294.79	39.9989
0.078	0	455465	222212	63443	294.846	39.9935
0.07824	0	484397	240860	63020.8	289.1	40.5426
0.07848	0	517212	245848	62598.5	283.322	41.1052
0.07872	0	551571	257211	62176.3	277.538	41.6636
0.07896	0	591892	274265	61454.4	267.922	42.4941
0.0792	0	627176	284517	60333.1	253.387	43.9445
0.07944	0	665499	289755	59211.7	239.341	45.8253
0.07968	0	712185	301016	58090.4	224.77	47.464
0.07992	0	761242	320536	56358.5	202.934	50.3293
0.08016	0	789812	323319	54524.9	182.115	54.331
0.0804	0	815546	330707	52691.2	161.432	57.8337
0.08064	0	840846	349341	50806.5	140.875	62.6493
0.08088	0	860579	366951	48794.2	118.545	68.041
0.08112	0	853703	365657	46781.8	105.07	80.9803
0.08136	0	848947	382926	44769.5	85.3114	93.0597
0.0816	0	858219	426466	43145.6	71.9409	95.3478
0.08184	0	850965	444399	41677.2	57.4698	98.3113
0.08208	0	853201	475262	40208.7	47.2057	108.056
0.08232	0	863207	536650	38874.8	40.5344	122.645
0.08256	0	876378	605360	38348.1	38.0764	129.356
0.0828	0	873240	608820	37821.5	35.6211	136.596
0.08304	0	882473	652319	37294.8	32.9607	143.876
0.08328	0	900901	732965	37231.5	32.6285	144.73
0.08352	0	905585	757816	37515.6	34.0997	140.862
0.08376	0	909355	757068	37799.7	35.5153	136.903
0.084	0	929697	808583	38083.8	36.8541	132.918
0.08424	0	956459	907340	38773.5	40.0598	123.897
0.08448	0	951490	835548	39463.2	43.3004	115.718
0.08472	0	964128	848585	40152.8	46.8847	108.567
0.08496	0	982825	931373	40845	51.1408	102.908
0.0852	0	988842	951568	41540.6	56.2421	98.7786
0.08544	0	990282	875168	42236.2	62.7032	96.7458
0.08568	0	1.01071e+06	904551	42931.8	69.6871	95.5516
0.08592	0	1.04042e+06	1.04909e+06	43365.5	73.8072	95.2254
0.08616	0	1.02782e+06	885363	43755.6	77.0378	94.869
0.0864	0	1.03309e+06	858807	44145.7	80.2496	94.3219
0.08664	0	1.06785e+06	960600	44429.8	82.5684	93.8055
0.08688	0	1.08564e+06	1.02102e+06	44448.7	82.722	93.7676
0.08712	0	1.07423e+06	842970	44467.6	82.8755	93.7293
0.08736	0	1.08689e+06	887988	44486.5	83.029	93.6906
0.0876	0	1.11301e+06	1.08083e+06	44306.6	81.5655	94.0415
0.08784	0	1.10144e+06	930097	44047.2	79.441	94.4779
0.08808	0	1.10455e+06	857708	43787.8	77.3037	94.831
0.08832	0	1.13323e+06	977037	43493.4	74.8673	95.1297
0.08856	0	1.16608e+06	1.1306e+06	42988.8	70.2832	95.4898
0.0888	0	1.16841e+06	891568	42484.3	65.1329	96.2257
0.08904	0	1.20308e+06	929629	41979.7	60.2603	97.3956
0.08928	0	1.25879e+06	1.15584e+06	41442.6	55.373	99.1352
0.08952	0	1.26244e+06	1.09663e+06	40881.2	51.3808	102.651
0.08976	0	1.26808e+06	964282	40319.7	47.8548	107.07
0.09	0	1.2959e+06	1.09904e+06	39758.3	44.7227	112.467
0.09024	0	1.34908e+06	1.37789e+06	39572.8	43.8167	114.489
0.09048	0	1.31402e+06	1.07383e+06	39387.4	42.9436	116.579
0.09072	0	1.31894e+06	1.11637e+06	39201.9	42.0708	118.723
0.09096	0	1.35558e+06	1.36538e+06	39250.6	42.2998	118.155
0.0912	0	1.35099e+06	1.37216e+06	39611.5	43.9985	114.061
0.09144	0	1.3334e+06	1.19027e+06	39972.3	45.8735	110.286
0.09168	0	1.3381e+06	1.28284e+06	40333.2	47.9348	106.953
0.09192	0	1.38197e+06	1.52132e+06	40846.8	51.1528	102.895
0.09216	0	1.35431e+06	1.29533e+06	41385.9	54.9309	99.4297
0.0924	0	1.35474e+06	1.23204e+06	41924.9	59.7479	97.5493
0.09264	0	1.37985e+06	1.3588e+06	42394.2	64.2427	96.4024
0.09288	0	1.40752e+06	1.50484e+06	42688.9	67.1885	95.8756
0.09312	0	1.38969e+06	1.22211e+06	42983.7	70.2296	95.4951
0.09336	0	1.40267e+06	1.25155e+06	43278.5	73.0851	95.2787
0.0936	0	1.44834e+06	1.53575e+06	43361.8	73.7763	95.2279
0.09384	0	1.43571e+06	1.33841e+06	43360.5	73.7657	95.2287
0.09408	0	1.4407e+06	1.21628e+06	43359.3	73.7552	95.2295
0.09432	0	1.46518e+06	1.35982e+06	43348	73.6618	95.2369
0.09456	0	1.51121e+06	1.6434e+06	43276.8	73.0714	95.2796
0.0948	0	1.48785e+06	1.2724e+06	43205.7	72.481	95.3158
0.09504	0	1.49888e+06	1.30796e+06	43134.5	71.8226	95.3565
0.09528	0	1.54582e+06	1.63447e+06	43107.5	71.535	95.3786
0.09552	0	1.54627e+06	1.53564e+06	43113.5	71.5992	95.3736
0.09576	0	1.547e+06	1.3345e+06	43119.6	71.6634	95.3686
0.096	0	1.56978e+06	1.49398e+06	43125.6	71.7276	95.3637
0.09624	0	1.63686e+06	1.77189e+06	43160	72.0945	95.3368
0.09648	0	1.60749e+06	1.46979e+06	43194.5	72.3879	95.321
0.09672	0	1.62592e+06	1.44318e+06	43228.9	72.6735	95.3047
0.09696	0	1.67534e+06	1.69336e+06	43258.5	72.9195	95.2895
0.0972	0	1.69208e+06	1.72427e+06	43281.8	73.1125	95.2768
0.09744	0	1.69082e+06	1.52331e+06	43305.1	73.3055	95.2634
0.09768	0	1.71376e+06	1.61247e+06	43328.3	73.4985	95.2493
0.09792	0	1.78311e+06	1.91157e+06	43336.8	73.5691	95.244
0.09816	0	1.75732e+06	1.63597e+06	43342.9	73.6193	95.2402
0.0984	0	1.77556e+06	1.59864e+06	43348.9	73.6696	95.2363
0.09864	0	1.82686e+06	1.76523e+06	43370.4	73.8473	95.2221
0.09888	0	1.85786e+06	2.00411e+06	43430.2	74.3438	95.1796
0.09912	0	1.8449e+06	1.64069e+06	43490.1	74.8401	95.1324
0.09936	0	1.8856e+06	1.74559e+06	43550	75.3362	95.0808
0.0996	0	1.96457e+06	2.18336e+06	43619.8	75.9141	95.0149
0.09984	0	1.9548e+06	1.90498e+06	43693.5	76.5243	94.9385
0.10008	0	1.96872e+06	1.7281e+06	43767.3	77.134	94.8554
0.10032	0	2.02985e+06	2.00561e+06	43822.4	77.589	94.7888
0.10056	0	2.11114e+06	2.23822e+06	43765.5	77.1192	94.8575
0.1008	0	2.08334e+06	1.91861e+06	43708.6	76.649	94.9221
0.10104	0	2.11573e+06	1.95942e+06	43651.7	76.1785	94.9826
0.10128	0	2.21122e+06	2.2444e+06	43474.5	74.7109	95.1451
0.10152	0	2.21832e+06	2.22745e+06	43207.1	72.493	95.3152
0.10176	0	2.22553e+06	1.99785e+06	42939.7	69.7697	95.5427
0.102	0	2.29924e+06	2.1315e+06	42672.3	67.0199	95.9014
0.10224	0	2.42684e+06	2.78512e+06	42032.6	60.7579	97.2522
0.10248	0	2.3798e+06	2.07743e+06	41392.8	54.9821	99.3903
0.10272	0	2.43974e+06	2.05594e+06	40753	50.5384	103.579
0.10296	0	2.5642e+06	2.51196e+06	40146.1	46.8461	108.63
0.1032	0	2.5887e+06	2.53702e+06	39582.9	43.864	114.377
0.10344	0	2.57733e+06	2.2844e+06	39019.7	41.2144	120.886
0.10368	0	2.61781e+06	2.56023e+06	38456.5	38.5801	127.933
0.10392	0	2.74867e+06	3.04465e+06	38276.7	37.7452	130.306
0.10416	0	2.72212e+06	2.64302e+06	38160.7	37.2089	131.868
0.1044	0	2.7609e+06	2.48029e+06	38044.8	36.6745	133.456
0.10464	0	2.87222e+06	2.89337e+06	37934.4	36.1635	134.998
0.10488	0	2.95013e+06	3.375e+06	37837.8	35.7001	136.366
0.10512	0	2.91708e+06	2.66497e+06	37741.1	35.2287	137.725
0.10536	0	2.97356e+06	2.80325e+06	37644.5	34.7497	139.076
0.1056	0	3.09891e+06	3.17605e+06	37690.3	34.9774	138.437
0.10584	0	3.04724e+06	2.9542e+06	37793	35.4826	136.997
0.10608	0	3.04387e+06	2.82056e+06	37895.7	35.9789	135.547
0.10632	0	3.12284e+06	3.12073e+06	38035.8	36.633	133.581
0.10656	0	3.23917e+06	4.02057e+06	38400.1	38.3178	128.671
0.1068	0	3.17033e+06	3.001e+06	38764.4	40.0173	124.01
0.10704	0	3.18662e+06	3.07165e+06	39128.7	41.7268	119.585
0.10728	0	3.29384e+06	3.48156e+06	39360.5	42.8172	116.886
0.10752	0	3.24337e+06	3.32138e+06	39492.9	43.4404	115.383
0.10776	0	3.18908e+06	2.88335e+06	39625.3	44.0635	113.908
0.108	0	3.22466e+06	3.10913e+06	39757.6	44.7193	112.474
0.10824	0	3.39018e+06	4.08866e+06	39508.7	43.5148	115.206
0.10848	0	3.25804e+06	3.03249e+06	39259.7	42.343	118.048
0.10872	0	3.26907e+06	3.04256e+06	39010.8	41.1726	120.993
0.10896	0	3.35068e+06	3.31312e+06	38742.9	39.9168	124.279
0.1092	0	3.32703e+06	3.56234e+06	38449.9	38.5492	128.02
0.10944	0	3.23854e+06	2.96467e+06	38156.8	37.1908	131.921
0.10968	0	3.26119e+06	3.28221e+06	37863.8	35.8256	135.999
0.10992	1	3.39495e+06	3.78844e+06	37734.1	35.1943	137.823
0.11016	0	3.25806e+06	3.20818e+06	37631.8	34.686	139.253
0.1104	0	3.23338e+06	3.0078e+06	37529.4	34.1699	140.671
0.11064	0	3.30131e+06	3.22407e+06	37427.8	33.6505	142.067
0.11088	0	3.32473e+06	4.00481e+06	37328.1	33.1346	143.425
0.11112	0	3.18301e+06	3.04472e+06	37228.5	32.6128	144.77
0.11136	0	3.16203e+06	3.08822e+06	37128.8	32.0857	146.103
0.1116	0	3.26483e+06	3.41001e+06	37066.1	31.7515	146.935
0.11184	0	3.12802e+06	3.17948e+06	37018.1	31.4947	147.568
0.11208	0	3.0335e+06	2.84121e+06	36970.1	31.2369	148.197
0.11232	0	3.04478e+06	3.09569e+06	36911.6	30.9211	148.961
0.11256	0	3.10457e+06	3.81847e+06	36789.7	30.2595	150.534
0.1128	0	2.93164e+06	2.86019e+06	36667.8	29.5934	152.085
0.11304	0	2.91336e+06	2.82779e+06	36545.9	28.9237	153.612
0.11328	0	2.97579e+06	3.10174e+06	36353.7	27.863	155.968
0.11352	0	2.85961e+06	2.9879e+06	36108.8	26.3694	158.202
0.11376	0	2.73118e+06	2.65708e+06	35864	24.7779	159.685
0.114	0	2.72384e+06	2.76073e+06	35619.1	23.262	161.203
0.11424	0	2.81607e+06	3.28289e+06	35525.9	22.7044	161.79
0.11448	0	2.62609e+06	2.68362e+06	35432.7	22.1573	162.383
0.11472	0	2.56545e+06	2.56494e+06	35339.5	21.6207	162.981
0.11496	0	2.59936e+06	2.88185e+06	35260.1	21.1715	163.495
0.1152	0	2.54696e+06	2.95039e+06	35199	20.8311	163.893
0.11544	0	2.43614e+06	2.49082e+06	35137.9	20.4951	164.293
0.11568	0	2.44667e+06	2.53622e+06	35076.8	20.1633	164.696
0.11592	0	2.5335e+06	2.9891e+06	34864.7	19.0442	166.113
0.11616	0	2.38295e+06	2.5484e+06	34627.3	17.8517	167.732
0.1164	0	2.34549e+06	2.31257e+06	34390	16.8084	170.068
0.11664	0	2.40885e+06	2.63546e+06	34139.7	15.8963	173.734
0.11688	0	2.37696e+06	2.92836e+06	33856.9	14.9336	178.244
0.11712	0	2.15806e+06	2.33922e+06	33574.1	14.0374	183.169
0.11736	0	2.07878e+06	2.32366e+06	33291.3	13.2027	188.537
0.1176	0	2.10419e+06	2.80154e+06	32691.4	11.6196	201.391
0.11784	0	1.91253e+06	2.29816e+06	31964.7	9.89502	217.787
0.11808	0	1.82803e+06	1.96984e+06	31237.9	8.25706	236.2
0.11832	0	1.90014e+06	2.14653e+06	30744	7.11227	249.887
0.11856	0	2.0445e+06	2.65699e+06	31646.6	9.16452	225.581
0.1188	0	2.22181e+06	2.16841e+06	32549.3	11.2783	204.45
0.11904	0	2.48804e+06	2.47267e+06	33452	13.6697	185.431
0.11928	0	2.71259e+06	3.12422e+06	40444.9	48.6049	106.004
0.11952	0	2.79955e+06	3.25693e+06	52005.5	153.667	59.2099
0.11976	0	2.72637e+06	1.91448e+06	63566.1	296.513	39.836
