0	0	0	0	56024.5	199.021	51.0558
0.00024	0	0	0	56024.8	199.024	51.0552
0.00048	0	0	0	56025.1	199.027	51.0545
0.00072	0	0	0	56025.3	199.031	51.0539
0.00096	0	0	0	56025.6	199.034	51.0532
0.0012	0	0	0	56026	199.038	51.0525
0.00144	0	0	0	56026.3	199.041	51.0518
0.00168	0	0	0	56026.6	199.045	51.0512
0.00192	0	0	0	56026.9	199.049	51.0504
0.00216	0	0	0	56027.2	199.053	51.0497
0.0024	0	0	0	56027.5	199.056	51.049
0.00264	0	0	0	56027.9	199.06	51.0483
0.00288	0	0	0	56028.2	199.064	51.0475
0.00312	0	0	0	56028.6	199.068	51.0467
0.00336	0	0	0	56028.9	199.072	51.046
0.0036	0	0	0	56029.3	199.077	51.0452
0.00384	0	0	0	56029.7	199.081	51.0443
0.00408	0	0	0	56030	199.085	51.0435
0.00432	0	0	0	56030.4	199.09	51.0427
0.00456	0	0	0	56030.8	199.094	51.0418
0.0048	0	0	0	56031.2	199.099	51.0409
0.00504	0	0	0	56031.6	199.103	51.0401
0.00528	0	0	0	56032	199.108	51.0392
0.00552	0	0	0	56032.4	199.113	51.0382
0.00576	0	0	0	56032.8	199.118	51.0373
0.006	0	0	0	56033.3	199.123	51.0364
0.00624	0	0	0	56033.7	199.128	51.0354
0.00648	0	0	0	56034.2	199.133	51.0344
0.00672	0	0	0	56034.6	199.139	51.0334
0.00696	0	0	0	56035.1	199.144	51.0324
0.0072	0	0	0	56035.6	199.15	51.0313
0.00744	0	0	0	56036	199.155	51.0302
0.00768	0	0	0	56036.5	199.161	51.0292
0.00792	0	0	0	56037	199.167	51.028
0.00816	0	0	0	56037.5	199.173	51.0269
0.0084	0	0	0	56038.1	199.179	51.0257
0.00864	0	0	0	56038.6	199.185	51.0246
0.00888	0	0	0	56039.1	199.191	51.0234
0.00912	0	0	0	56039.7	199.198	51.0221
0.00936	0	0	0	56040.2	199.204	51.0209
0.0096	0	0	0	56040.8	199.211	51.0196
0.00984	0	1	0	56041.4	199.218	51.0183
0.01008	0	0	0	56042	199.225	51.017
0.01032	0	0	0	56042.6	199.232	51.0157
0.01056	0	0	0	56043.2	199.239	51.0143
0.0108	0	0	0	56043.9	199.246	51.0129
0.01104	0	1	0	56044.5	199.254	51.0115
0.01128	0	0	0	56045.2	199.261	51.01
0.01152	0	2	0	56045.9	199.269	51.0085
0.01176	0	0	0	56046.5	199.277	51.007
0.012	0	0	0	56047.2	199.285	51.0055
0.01224	0	0	0	56048	199.294	51.0039
0.01248	0	0	0	56048.7	199.303	51.0023
0.01272	0	3	0	56049.4	199.311	51.0006
0.01296	0	0	2	56050.2	199.32	50.9989
0.0132	0	0	0	56051	199.329	50.9971
0.01344	0	0	0	56051.8	199.339	50.9954
0.01368	0	1	1	56052.6	199.348	50.9936
0.01392	0	1	0	56053.5	199.358	50.9917
0.01416	0	0	0	56054.4	199.368	50.9898
0.0144	0	0	0	56055.2	199.378	50.9879
0.01464	0	0	0	56056.1	199.389	50.9859
0.01488	0	3	0	56057	199.4	50.9838
0.01512	0	2	0	56058	199.411	50.9818
0.01536	0	1	0	56058.9	199.422	50.9797
0.0156	0	0	1	56059.9	199.433	50.9775
0.01584	0	0	0	56060.9	199.445	50.9752
0.01608	0	1	0	56062	199.457	50.973
0.01632	0	1	1	56063	199.469	50.9707
0.01656	0	5	1	56064.1	199.482	50.9683
0.0168	0	1	0	56065.2	199.495	50.9658
0.01704	0	3	0	56066.3	199.508	50.9634
0.01728	0	0	1	56067.5	199.521	50.9608
0.01752	0	0	1	56068.7	199.535	50.9581
0.01776	0	5	2	56069.9	199.549	50.9555
0.018	0	4	1	56071.1	199.564	50.9528
0.01824	0	3	0	56072.4	199.579	50.9499
0.01848	0	4	0	56073.7	199.594	50.947
0.01872	0	1	3	56075.1	199.61	50.9441
0.01896	0	8	1	56076.4	199.626	50.9411
0.0192	0	4	2	56077.9	199.643	50.9379
0.01944	0	3	1	56079.4	199.66	50.9347
0.01968	0	2	2	56080.8	199.677	50.9314
0.01992	0	4	3	56082.4	199.695	50.9279
0.02016	0	4	1	56084	199.714	50.9244
0.0204	0	3	4	56085.7	199.733	50.9208
0.02064	0	3	0	56087.3	199.752	50.9172
0.02088	0	4	0	56089.1	199.773	50.9133
0.02112	0	6	0	56090.8	199.793	50.9095
0.02136	0	7	0	56092.6	199.814	50.9056
0.0216	0	7	2	56094.4	199.836	50.9015
0.02184	0	6	0	56096.4	199.858	50.8973
0.02208	0	8	0	56098.3	199.88	50.893
0.02232	0	9	4	56100.3	199.903	50.8887
0.02256	0	7	2	56102.4	199.929	50.884
0.0228	0	6	3	56104.6	199.954	50.8792
0.02304	0	7	1	56106.8	199.979	50.8745
0.02328	0	8	1	56109.1	200.006	50.8694
0.02352	0	5	7	56111.5	200.034	50.8641
0.02376	0	19	2	56113.9	200.062	50.8589
0.024	0	13	3	56116.3	200.09	50.8536
0.02424	0	11	5	56119	200.122	50.8477
0.02448	0	13	3	56121.6	200.153	50.8419
0.02472	0	16	4	56124.3	200.184	50.836
0.02496	0	17	2	56127.1	200.217	50.8299
0.0252	0	14	4	56130.1	200.251	50.8234
0.02544	0	15	6	56133.1	200.286	50.8169
0.02568	0	13	0	56136	200.321	50.8103
0.02592	0	17	4	56139.3	200.359	50.8032
0.02616	0	24	3	56142.6	200.398	50.796
0.0264	0	24	4	56145.9	200.436	50.7888
0.02664	0	25	3	56149.3	200.476	50.7813
0.02688	0	27	4	56153	200.52	50.7732
0.02712	0	35	4	56156.7	200.563	50.7652
0.02736	0	30	5	56160.4	200.606	50.7571
0.0276	0	26	5	56164.5	200.654	50.7482
0.02784	0	33	4	56168.7	200.703	50.739
0.02808	0	36	4	56172.9	200.753	50.7298
0.02832	0	27	8	56177.2	200.803	50.7204
0.02856	0	37	9	56182	200.859	50.7099
0.0288	0	44	5	56186.8	200.915	50.6995
0.02904	0	52	9	56191.6	200.971	50.6891
0.02928	0	51	3	56196.7	201.031	50.678
0.02952	0	42	6	56202.1	201.094	50.6664
0.02976	0	54	9	56207.4	201.157	50.6547
0.03	0	69	5	56212.8	201.22	50.6431
0.03024	0	77	8	56218.9	201.292	50.6298
0.03048	0	65	9	56225.1	201.364	50.6165
0.03072	0	74	9	56231.2	201.436	50.6032
0.03096	0	80	12	56237.8	201.513	50.589
0.0312	0	75	11	56244.9	201.596	50.5736
0.03144	0	71	5	56252	201.68	50.5582
0.03168	0	102	7	56259.1	201.763	50.5429
0.03192	0	88	7	56267	201.857	50.5257
0.03216	0	99	8	56275.1	201.952	50.5083
0.0324	0	119	11	56283.2	202.047	50.4909
0.03264	0	131	8	56291.6	202.145	50.4729
0.03288	0	139	7	56300.7	202.253	50.4532
0.03312	0	145	7	56309.8	202.36	50.4336
0.03336	0	160	6	56318.9	202.467	50.4141
0.0336	0	154	11	56328.9	202.585	50.3927
0.03384	0	193	9	56339.2	202.707	50.3706
0.03408	0	207	11	56349.5	202.828	50.3485
0.03432	0	250	7	56360.1	202.953	50.326
0.03456	0	227	6	56372	203.094	50.3004
0.0348	0	229	10	56384	203.236	50.2749
0.03504	0	233	7	56396	203.377	50.2494
0.03528	0	279	6	56409	203.531	50.2217
0.03552	0	282	12	56422.9	203.695	50.1922
0.03576	0	335	4	56436.7	203.86	50.1628
0.036	0	349	10	56450.6	204.024	50.1335
0.03624	0	355	7	56466.5	204.212	50.0999
0.03648	0	401	6	56482.3	204.4	50.0664
0.03672	0	445	10	56498.2	204.589	50.033
0.03696	0	469	6	56515	204.789	49.9976
0.0372	0	485	11	56533.2	205.005	49.9594
0.03744	0	519	1	56551.3	205.221	49.9214
0.03768	0	586	4	56569.5	205.438	49.8834
0.03792	0	614	5	56589.7	205.679	49.8412
0.03816	0	656	1	56610.3	205.925	49.7983
0.0384	0	759	2	56630.9	206.171	49.7555
0.03864	0	770	8	56652.2	206.426	49.7113
0.03888	0	801	4	56675.4	206.704	49.6633
0.03912	0	924	5	56698.6	206.982	49.6154
0.03936	0	1115	3	56721.8	207.26	49.5676
0.0396	0	999	7	56747.3	207.566	49.5153
0.03984	0	1139	2	56773.7	207.884	49.4612
0.04008	0	1156	13	56800.1	208.202	49.4073
0.04032	0	1438	13	56827.1	208.527	49.3523
0.04056	0	1322	3	56857.7	208.897	49.2901
0.0408	0	1439	4	56888.3	209.267	49.2281
0.04104	0	1604	8	56918.9	209.638	49.1663
0.04128	0	1683	8	56951.7	210.036	49.1003
0.04152	0	1915	5	56986.2	210.454	49.0313
0.04176	0	1918	8	57020.6	210.873	48.9626
0.042	0	2100	8	57055	211.301	48.9017
0.04224	0	2332	5	57093	211.79	48.8467
0.04248	0	2548	10	57131.1	212.278	48.7918
0.04272	0	2575	11	57169.1	212.768	48.7371
0.04296	0	2937	12	57208.5	213.276	48.6806
0.0432	0	3063	9	57249.9	213.809	48.6215
0.04344	0	3211	8	57291.2	214.343	48.5626
0.04368	0	3578	5	57332.6	214.877	48.5039
0.04392	0	3945	7	57376.2	215.442	48.4422
0.04416	0	4016	5	57420.3	216.012	48.3801
0.0444	0	4338	5	57464.3	216.583	48.3183
0.04464	0	4811	5	57508.7	217.159	48.2563
0.04488	0	4856	10	57553.9	217.747	48.1933
0.04512	0	5403	5	57599.1	218.335	48.1306
0.04536	1	6017	2	57644.3	218.924	48.0681
0.0456	2	6148	6	57687.2	219.484	48.0089
0.04584	2	6691	4	57729.3	220.033	47.9511
0.04608	3	7339	6	57771.4	220.583	47.8936
0.04632	4	7728	5	57812.3	221.119	47.8378
0.04656	7	8220	6	57846.4	221.564	47.7916
0.0468	12	8765	5	57880.4	222.01	47.7455
0.04704	22	9727	2	57914.4	222.457	47.6995
0.04728	36	10266	4	57937.6	222.76	47.6684
0.04752	49	10983	3	57952.5	222.957	47.6483
0.04776	73	11885	1	57967.5	223.153	47.6282
0.048	91	12508	2	57982.4	223.35	47.6081
0.04824	129	13653	1	57968.7	223.17	47.6265
0.04848	171	14579	2	57955	222.99	47.6449
0.04872	231	15782	2	57941.3	222.81	47.6633
0.04896	334	16707	1	57910.9	222.41	47.7043
0.0492	405	17513	0	57858	221.717	47.7758
0.04944	574	18683	2	57805.1	221.025	47.8476
0.04968	714	19949	2	57752.3	220.333	47.9197
0.04992	889	21678	1	57655.5	219.069	48.0527
0.05016	1231	22826	2	57551.3	217.713	48.1969
0.0504	1484	23890	4	57447.1	216.361	48.3424
0.05064	1810	25867	4	57327.1	214.806	48.5116
0.05088	2287	27185	4	57167.4	212.746	48.7395
0.05112	2812	28722	0	57007.7	210.716	48.9883
0.05136	3386	30508	2	56848	208.78	49.3097
0.0516	4187	31980	2	56648.3	206.379	49.7193
0.05184	4998	33442	3	56432.6	203.811	50.1716
0.05208	5693	35496	0	56216.9	201.268	50.6342
0.05232	6728	36698	2	55994.7	198.675	51.1218
0.05256	7725	38493	3	55733.6	195.662	51.7094
0.0528	8665	39873	4	55472.5	192.686	52.3133
0.05304	9814	41210	2	55211.4	189.755	52.9059
0.05328	11086	43733	1	54931	186.634	53.4921
0.05352	12127	44909	0	54636.1	183.353	54.1024
0.05376	13855	46163	4	54341.2	180.074	54.7061
0.054	15459	47823	1	54046.4	176.8	55.3029
0.05424	17195	48667	0	53748	173.493	55.8992
0.05448	18969	50269	4	53449.7	170.134	56.456
0.05472	20775	51929	2	53151.3	166.699	56.9804
0.05496	22665	52234	2	52864.1	163.406	57.5066
0.0552	24668	53767	1	52591.7	160.299	58.0256
0.05544	26679	55016	6	52319.2	157.207	58.5644
0.05568	28669	55672	3	52046.8	154.132	59.1234
0.05592	31470	56069	3	51805.6	151.445	59.6578
0.05616	33000	57285	2	51569.6	148.951	60.3422
0.0564	35474	58586	2	51333.6	146.454	61.0401
0.05664	37696	58748	3	51111.1	144.098	61.7108
0.05688	40154	59963	2	50922.3	142.101	62.2895
0.05712	42114	60749	3	50733.6	140.104	62.8775
0.05736	44533	61224	3	50544.9	138.109	63.4749
0.0576	47424	61390	0	50395	136.526	63.9559
0.05784	49530	62541	0	50260.8	135.11	64.3921
0.05808	52033	63533	1	50126.5	133.695	64.8332
0.05832	54306	63204	1	50001.2	132.178	65.0952
0.05856	57349	63094	1	49929.8	131.298	65.2292
0.0588	59222	64080	5	49858.4	130.428	65.3681
0.05904	62328	64584	1	49787	129.567	65.512
0.05928	64317	65161	0	49755.5	129.19	65.5772
0.05952	66368	64990	4	49753.8	129.17	65.5807
0.05976	69487	65448	1	49752.1	129.149	65.5842
0.06	71873	65587	0	49750.4	129.129	65.5878
0.06024	74311	66554	5	49823.5	130.006	65.4379
0.06048	76608	66074	1	49896.6	130.892	65.2932
0.06072	79464	67029	3	49969.8	131.789	65.1536
0.06096	81695	66361	1	50079.1	133.149	64.9545
0.0612	84767	67367	2	50236.6	134.855	64.4712
0.06144	86590	67668	1	50394.1	136.517	63.9589
0.06168	89024	66875	1	50551.6	138.18	63.4533
0.06192	90330	66608	0	50786.6	140.664	62.7115
0.06216	93041	66404	2	51034.5	143.288	61.9445
0.0624	94299	65525	2	51282.4	145.912	61.1933
0.06264	95938	65029	1	51550.5	148.749	60.3981
0.06288	96690	64449	1	51869.2	152.137	59.499
0.06312	98309	63747	0	52187.8	155.721	58.8314
0.06336	98605	62990	1	52506.5	159.33	58.1919
0.0636	98057	61098	1	52857.2	163.327	57.5195
0.06384	97933	60292	0	53220.7	167.496	56.8564
0.06408	97356	59356	3	53584.2	171.681	56.2232
0.06432	96037	57579	0	53954.3	175.779	55.4876
0.06456	94952	55476	0	54364.1	180.328	54.6596
0.0648	93216	53827	1	54773.8	184.885	53.8182
0.06504	93197	51556	6	55183.5	189.445	52.9644
0.06528	92105	50029	0	55619.2	194.354	51.9719
0.06552	91890	47056	1	56074.4	199.601	50.9457
0.06576	89430	44700	3	56529.5	204.961	49.9671
0.066	86910	41438	1	56984.6	210.436	49.0344
0.06624	82155	38635	1	57384.7	215.552	48.4302
0.06648	77088	35590	1	57784.8	220.758	47.8753
0.06672	72015	32433	2	58184.8	226.017	47.339
0.06696	66571	29655	3	58517.2	230.422	46.9072
0.0672	60301	26099	0	58759.2	233.651	46.6004
0.06744	54277	23199	1	59001.2	236.7	46.1879
0.06768	48263	20168	2	59243.2	239.736	45.7714
0.06792	43359	17589	1	59348.1	241.052	45.592
0.06816	38374	15296	0	59430.2	242.081	45.4523
0.0684	33439	13208	3	59512.3	243.111	45.3129
0.06864	29464	11060	3	59559.8	243.706	45.2325
0.06888	25479	9332	0	59520.8	243.218	45.2984
0.06912	21835	7881	1	59481.9	242.729	45.3645
0.06936	18610	6544	1	59442.9	242.241	45.4306
0.0696	15871	5405	1	59354.8	241.136	45.5806
0.06984	13006	4428	1	59247	239.784	45.7648
0.07008	11247	3547	2	59139.2	238.432	45.9498
0.07032	9101	2990	0	59027.7	237.033	46.142
0.07056	7685	2319	1	58893.9	235.355	46.3738
0.0708	6077	1937	4	58760.2	233.665	46.5992
0.07104	4873	1467	0	58626.4	231.877	46.768
0.07128	3977	1187	1	58494.9	230.126	46.9357
0.07152	3224	957	3	58365.1	228.403	47.1032
0.07176	2546	728	0	58235.4	226.685	47.2725
0.072	2043	598	0	58105.6	224.972	47.4437
0.07224	1619	436	0	57995.9	223.526	47.5901
0.07248	1223	336	1	57886.1	222.085	47.7378
0.07272	1018	270	1	57776.3	220.648	47.8869
0.07296	770	198	3	57676.3	219.342	48.0239
0.0732	654	152	1	57589.4	218.209	48.144
0.07344	455	109	0	57502.4	217.078	48.265
0.07368	316	80	3	57415.5	215.95	48.3868
0.07392	253	62	3	57345.9	215.049	48.485
0.07416	180	32	1	57279.2	214.187	48.5797
0.0744	127	28	1	57212.5	213.326	48.6749
0.07464	93	19	2	57150.4	212.527	48.764
0.07488	79	15	3	57099.9	211.877	48.8368
0.07512	43	19	1	57049.4	211.229	48.9099
0.07536	39	13	1	56998.9	210.609	49.0059
0.0756	26	7	3	56957.2	210.102	49.0894
0.07584	20	8	1	56919	209.639	49.1662
0.07608	13	10	2	56880.8	209.176	49.2433
0.07632	13	12	0	56843.9	208.731	49.318
0.07656	8	3	0	56814.8	208.379	49.3773
0.0768	1	7	1	56785.7	208.028	49.4367
0.07704	2	4	1	56756.5	207.678	49.4963
0.07728	1	3	1	56731.2	207.373	49.5483
0.07752	1	7	0	56708.7	207.103	49.5945
0.07776	0	14	1	56686.2	206.833	49.6409
0.078	0	6	1	56663.7	206.564	49.6874
0.07824	1	10	3	56646.2	206.354	49.7237
0.07848	0	17	1	56628.7	206.144	49.7601
0.07872	0	13	2	56611.2	205.935	49.7965
0.07896	1	15	2	56595.3	205.746	49.8295
0.0792	1	10	3	56581.7	205.583	49.8579
0.07944	0	14	3	56568.1	205.421	49.8864
0.07968	0	13	6	56554.4	205.258	49.9149
0.07992	0	8	7	56543.4	205.127	49.9379
0.08016	0	13	1	56532.9	205.002	49.96
0.0804	0	11	4	56522.4	204.876	49.9822
0.08064	0	23	4	56512.5	204.759	50.0028
0.08088	0	25	3	56504.4	204.663	50.0198
0.08112	0	23	6	56496.4	204.567	50.0368
0.08136	0	18	5	56488.3	204.471	50.0538
0.0816	0	32	3	56481.7	204.393	50.0677
0.08184	0	22	5	56475.8	204.323	50.0803
0.08208	0	34	6	56469.8	204.252	50.0929
0.08232	0	30	3	56464.1	204.184	50.105
0.08256	0	35	6	56459.9	204.135	50.1137
0.0828	0	29	6	56455.8	204.086	50.1225
0.08304	0	46	6	56451.7	204.037	50.1312
0.08328	0	52	6	56448.5	203.999	50.1379
0.08352	0	57	7	56446.1	203.97	50.1431
0.08376	0	50	7	56443.6	203.941	50.1482
0.084	0	56	6	56441.2	203.913	50.1534
0.08424	0	39	6	56440.4	203.903	50.155
0.08448	0	52	5	56439.6	203.894	50.1567
0.08472	0	52	10	56438.9	203.885	50.1583
0.08496	0	91	8	56438.7	203.884	50.1586
0.0852	0	72	6	56439.5	203.893	50.1569
0.08544	0	83	11	56440.3	203.902	50.1552
0.08568	0	85	10	56441.1	203.912	50.1535
0.08592	0	88	8	56443.3	203.937	50.149
0.08616	0	83	16	56445.6	203.965	50.1441
0.0864	0	99	9	56447.9	203.993	50.1391
0.08664	0	118	11	56450.7	204.026	50.1332
0.08688	0	137	11	56454.7	204.072	50.1248
0.08712	0	132	11	56458.6	204.119	50.1165
0.08736	0	121	10	56462.6	204.166	50.1081
0.0876	0	143	9	56467.6	204.226	50.0974
0.08784	0	152	11	56473.2	204.292	50.0857
0.08808	0	163	8	56478.7	204.358	50.074
0.08832	0	203	12	56484.5	204.426	50.0619
0.08856	0	176	5	56491.6	204.511	50.0469
0.0888	0	206	12	56498.7	204.595	50.0319
0.08904	0	226	7	56505.8	204.68	50.0169
0.08928	0	255	4	56514	204.777	49.9997
0.08952	0	306	6	56523	204.884	49.9809
0.08976	0	280	8	56531.9	204.99	49.962
0.09	0	273	8	56540.9	205.097	49.9432
0.09024	0	311	9	56552.1	205.231	49.9197
0.09048	0	319	11	56563.4	205.365	49.8962
0.09072	0	408	7	56574.6	205.499	49.8727
0.09096	0	405	5	56587	205.646	49.8469
0.0912	0	404	9	56600.9	205.812	49.8179
0.09144	0	399	11	56614.8	205.978	49.789
0.09168	0	463	3	56628.6	206.144	49.7601
0.09192	0	501	9	56644.8	206.337	49.7266
0.09216	0	526	11	56661.3	206.535	49.6924
0.0924	0	573	18	56677.8	206.732	49.6583
0.09264	0	624	14	56695	206.938	49.6228
0.09288	0	733	8	56713.9	207.165	49.5839
0.09312	0	773	6	56732.7	207.392	49.5451
0.09336	0	842	8	56751.6	207.618	49.5063
0.0936	0	868	5	56772.7	207.872	49.4632
0.09384	0	953	13	56794.6	208.136	49.4184
0.09408	0	1000	7	56816.5	208.4	49.3737
0.09432	0	1062	14	56839.1	208.672	49.3279
0.09456	0	1160	5	56865.1	208.987	49.275
0.0948	0	1144	10	56891.1	209.301	49.2224
0.09504	0	1307	9	56917.2	209.617	49.1698
0.09528	0	1386	14	56945.2	209.957	49.1134
0.09552	0	1498	13	56974.8	210.316	49.0541
0.09576	0	1705	9	57004.4	210.676	48.9949
0.096	0	1778	3	57034	211.036	48.9359
0.09624	0	1799	9	57066.8	211.453	48.8846
0.09648	0	2028	7	57099.7	211.875	48.8371
0.09672	0	2258	11	57132.5	212.297	48.7897
0.09696	0	2407	8	57166.7	212.737	48.7405
0.0972	1	2519	13	57202.8	213.202	48.6888
0.09744	0	2762	8	57238.8	213.666	48.6372
0.09768	0	2967	8	57274.9	214.131	48.5858
0.09792	3	3183	11	57313.2	214.627	48.5313
0.09816	3	3337	8	57352	215.128	48.4764
0.0984	2	3697	11	57390.7	215.63	48.4217
0.09864	2	3924	10	57430	216.138	48.3665
0.09888	4	4244	7	57470.4	216.663	48.3097
0.09912	3	4487	6	57510.9	217.188	48.2532
0.09936	7	4805	13	57551.3	217.714	48.1968
0.0996	2	5225	6	57590.4	218.222	48.1425
0.09984	5	5581	16	57629	218.725	48.0892
0.10008	8	6118	9	57667.6	219.227	48.036
0.10032	24	6539	17	57705.4	219.721	47.984
0.10056	25	7056	7	57738.9	220.158	47.9381
0.1008	34	7247	11	57772.3	220.595	47.8923
0.10104	53	8145	8	57805.8	221.033	47.8467
0.10128	74	8510	9	57832	221.376	47.8111
0.10152	102	9163	6	57852.8	221.648	47.7829
0.10176	115	10016	7	57873.5	221.92	47.7548
0.102	136	10406	5	57894.3	222.192	47.7267
0.10224	166	11620	14	57895.3	222.206	47.7254
0.10248	237	12094	13	57896.3	222.219	47.724
0.10272	312	12767	12	57897.3	222.232	47.7226
0.10296	324	13833	9	57885.4	222.076	47.7387
0.1032	436	14926	13	57856.2	221.693	47.7782
0.10344	532	15727	16	57827	221.311	47.8178
0.10368	654	16909	14	57797.8	220.929	47.8575
0.10392	808	17748	10	57730.5	220.049	47.9495
0.10416	948	18940	9	57656.8	219.087	48.0508
0.1044	1211	20478	15	57583.1	218.127	48.1527
0.10464	1513	22209	15	57495.1	216.983	48.2752
0.10488	1806	23198	13	57371.3	215.378	48.4491
0.10512	2227	24273	16	57247.5	213.778	48.6249
0.10536	2713	25609	6	57123.7	212.183	48.8025
0.1056	3283	27386	10	56961.2	210.151	49.0813
0.10584	3828	28925	15	56783.3	208	49.4414
0.10608	4551	30332	14	56605.4	205.867	49.8084
0.10632	5457	32379	8	56420.8	203.671	50.1966
0.10656	6372	33613	12	56195.8	201.021	50.6799
0.1068	7229	34907	9	55970.8	198.398	51.1749
0.10704	7973	36392	14	55745.8	195.802	51.6816
0.10728	9346	37951	10	55498.7	192.983	52.252
0.10752	10414	39892	11	55234.9	190.016	52.8566
0.10776	11644	41618	7	54971.1	187.08	53.4086
0.108	13050	42464	5	54707.3	184.145	53.9557
0.10824	14298	43614	3	54430.8	181.069	54.5235
0.10848	15945	45217	10	54154.3	177.997	55.0853
0.10872	17799	46405	5	53877.8	174.93	55.6408
0.10896	19599	48016	8	53608.7	171.952	56.1749
0.1092	21728	48801	4	53349.7	168.981	56.6293
0.10944	23656	49682	19	53090.6	166.002	57.0898
0.10968	25556	50983	14	52831.6	163.035	57.5676
0.10992	27819	52409	7	52598.4	160.375	58.0126
0.11016	29802	52936	4	52369.5	157.776	58.4635
0.1104	32099	53902	9	52140.6	155.188	58.9286
0.11064	34449	55411	4	51924.7	152.76	59.3805
0.11088	36743	55667	0	51741.4	150.767	59.8426
0.11112	38922	56969	5	51558.1	148.829	60.3759
0.11136	41738	57772	5	51374.7	146.889	60.9174
0.1116	43718	57878	4	51234.5	145.405	61.3372
0.11184	46399	59676	4	51111.6	144.104	61.7093
0.11208	49385	59645	3	50988.6	142.802	62.0853
0.11232	51907	60311	1	50876.9	141.62	62.4302
0.11256	55016	61578	5	50832.8	141.153	62.5674
0.1128	57577	61800	2	50788.6	140.686	62.7051
0.11304	60075	62270	2	50744.5	140.219	62.8434
0.11328	62920	63000	4	50755.8	140.339	62.8078
0.11352	65468	63009	3	50808.8	140.899	62.6422
0.11376	68573	64030	9	50861.7	141.459	62.4773
0.114	71345	64082	4	50914.7	142.02	62.3132
0.11424	73683	64473	4	51077.7	143.745	61.8124
0.11448	76905	64947	1	51240.7	145.471	61.3184
0.11472	79362	65199	5	51403.8	147.196	60.8311
0.11496	82111	65342	6	51614.4	149.425	60.2111
0.1152	84557	65486	5	51888.6	152.354	59.4576
0.11544	86983	65617	3	52162.7	155.438	58.883
0.11568	88920	66135	6	52436.9	158.539	58.3293
0.11592	90915	65415	4	52784.1	162.492	57.6571
0.11616	92485	64777	1	53143.5	166.608	56.9945
0.1164	92526	64703	3	53502.9	170.747	56.3649
0.11664	91873	63690	2	53885	175.01	55.6263
0.11688	91699	62770	2	54324.1	179.884	54.7409
0.11712	91445	62171	6	54763.2	184.768	53.8401
0.11736	91093	60853	5	55202.4	189.654	52.9249
0.1176	92441	60110	3	55713.6	195.433	51.7552
0.11784	93574	59331	3	56253.6	201.699	50.5547
0.11808	94405	57416	10	56793.7	208.125	49.4203
0.11832	94168	55813	6	57336.2	214.924	48.4987
0.11856	92911	54208	5	57893.7	222.185	47.7275
0.1188	89586	51490	6	58451.1	229.544	46.992
0.11904	84744	49131	2	59008.6	236.793	46.1751
0.11928	78098	46556	5	59541.2	243.474	45.2639
0.11952	64035	43086	9	60055.3	249.914	44.4026
0.11976	0	36721	7	60569.3	256.361	43.5797
