0	0	0	0	56652.2	206.426	49.7112
0.00024	0	0	0	56657.5	206.489	49.7004
0.00048	0	0	0	56662.7	206.552	49.6895
0.00072	0	0	0	56668	206.614	49.6786
0.00096	0	0	0	56673.3	206.678	49.6676
0.0012	0	0	0	56678.8	206.744	49.6563
0.00144	0	0	0	56684.2	206.809	49.645
0.00168	0	0	0	56689.7	206.875	49.6338
0.00192	0	0	0	56695.3	206.943	49.6221
0.00216	0	0	0	56701	207.011	49.6104
0.0024	0	0	0	56706.7	207.079	49.5986
0.00264	0	0	0	56712.5	207.148	49.5868
0.00288	0	0	0	56718.4	207.219	49.5746
0.00312	0	0	0	56724.3	207.29	49.5624
0.00336	0	0	0	56730.2	207.362	49.5502
0.0036	0	0	0	56736.4	207.435	49.5377
0.00384	0	0	0	56742.5	207.509	49.525
0.00408	0	0	0	56748.7	207.584	49.5123
0.00432	0	0	0	56754.9	207.658	49.4995
0.00456	0	0	0	56761.4	207.736	49.4863
0.0048	0	0	0	56767.8	207.814	49.4731
0.00504	0	0	0	56774.3	207.891	49.4599
0.00528	0	0	0	56780.9	207.971	49.4464
0.00552	0	0	0	56787.6	208.052	49.4327
0.00576	0	0	0	56794.4	208.133	49.4189
0.006	0	0	0	56801.1	208.214	49.4052
0.00624	0	0	0	56808.1	208.299	49.3909
0.00648	0	0	0	56815.1	208.383	49.3765
0.00672	0	0	0	56822.2	208.468	49.3622
0.00696	0	0	0	56829.3	208.555	49.3476
0.0072	0	0	0	56836.7	208.643	49.3327
0.00744	0	0	0	56844	208.732	49.3178
0.00768	0	0	0	56851.4	208.821	49.3029
0.00792	0	0	0	56859	208.913	49.2874
0.00816	0	0	0	56866.7	209.006	49.2718
0.0084	0	0	0	56874.4	209.099	49.2562
0.00864	0	0	0	56882.2	209.193	49.2405
0.00888	0	0	0	56890.2	209.29	49.2242
0.00912	0	0	0	56898.3	209.388	49.208
0.00936	0	0	0	56906.3	209.485	49.1918
0.0096	0	0	0	56914.6	209.586	49.175
0.00984	0	1	0	56923	209.688	49.158
0.01008	0	0	0	56931.5	209.79	49.1411
0.01032	0	0	0	56939.9	209.893	49.124
0.01056	0	0	0	56948.8	210	49.1063
0.0108	0	0	0	56957.6	210.107	49.0886
0.01104	0	1	0	56966.4	210.214	49.0709
0.01128	0	0	0	56975.5	210.324	49.0527
0.01152	0	2	0	56984.7	210.436	49.0342
0.01176	0	0	0	56994	210.549	49.0157
0.012	0	0	0	57003.2	210.661	48.9972
0.01224	0	0	0	57012.9	210.78	48.9778
0.01248	0	0	0	57022.7	210.898	48.9585
0.01272	0	3	0	57032.4	211.016	48.9391
0.01296	0	0	2	57042.3	211.138	48.9202
0.0132	0	0	0	57052.5	211.269	48.9054
0.01344	0	0	0	57062.7	211.4	48.8906
0.01368	0	1	1	57072.9	211.531	48.8758
0.01392	0	1	0	57083.5	211.668	48.8604
0.01416	0	0	0	57094.3	211.805	48.8449
0.0144	0	0	0	57105	211.943	48.8294
0.01464	0	0	0	57115.9	212.083	48.8137
0.01488	0	3	0	57127.2	212.228	48.7974
0.01512	0	2	0	57138.4	212.373	48.7812
0.01536	0	1	0	57149.7	212.518	48.7649
0.0156	0	0	1	57161.4	212.669	48.7481
0.01584	0	0	0	57173.3	212.822	48.7311
0.01608	0	1	0	57185.2	212.975	48.714
0.01632	0	1	1	57197.1	213.129	48.6969
0.01656	0	5	1	57209.7	213.29	48.6789
0.0168	0	1	0	57222.2	213.452	48.661
0.01704	0	3	0	57234.7	213.613	48.6431
0.01728	0	0	1	57247.6	213.78	48.6247
0.01752	0	0	1	57260.8	213.95	48.6059
0.01776	0	5	2	57274	214.12	48.5871
0.018	0	4	1	57287.2	214.291	48.5683
0.01824	0	3	0	57301.1	214.471	48.5485
0.01848	0	4	0	57315.1	214.651	48.5287
0.01872	0	1	3	57329	214.831	48.5089
0.01896	0	8	1	57343.3	215.016	48.4887
0.0192	0	4	2	57358	215.206	48.4679
0.01944	0	3	1	57372.8	215.397	48.447
0.01968	0	2	2	57387.5	215.588	48.4262
0.01992	0	4	3	57403	215.788	48.4044
0.02016	0	4	1	57418.6	215.99	48.3825
0.0204	0	3	4	57434.2	216.193	48.3606
0.02064	0	3	0	57450	216.398	48.3383
0.02088	0	4	0	57466.6	216.612	48.3152
0.02112	0	6	0	57483.1	216.827	48.2921
0.02136	0	7	0	57499.6	217.041	48.269
0.0216	0	7	2	57516.8	217.265	48.2449
0.02184	0	6	0	57534.3	217.492	48.2206
0.02208	0	8	0	57551.8	217.72	48.1962
0.02232	0	9	4	57569.4	217.949	48.1717
0.02256	0	7	2	57588	218.191	48.1459
0.0228	0	6	3	57606.6	218.433	48.1201
0.02304	0	7	1	57625.2	218.675	48.0944
0.02328	0	8	1	57644.5	218.926	48.0678
0.02352	0	5	7	57664.2	219.184	48.0406
0.02376	0	19	2	57684	219.442	48.0134
0.024	0	13	3	57703.7	219.699	47.9862
0.02424	0	11	5	57724.8	219.974	47.9574
0.02448	0	13	3	57745.8	220.248	47.9286
0.02472	0	16	4	57766.8	220.523	47.8999
0.02496	0	17	2	57788.4	220.806	47.8704
0.0252	0	14	4	57810.8	221.099	47.8399
0.02544	0	15	6	57833.2	221.392	47.8095
0.02568	0	13	0	57855.6	221.685	47.7791
0.02592	0	17	4	57879.2	221.995	47.747
0.02616	0	24	3	57903.1	222.308	47.7148
0.0264	0	24	4	57927	222.622	47.6826
0.02664	0	25	3	57951.3	222.941	47.6498
0.02688	0	27	4	57976.8	223.276	47.6156
0.02712	0	35	4	58002.3	223.611	47.5814
0.02736	0	30	5	58027.8	223.947	47.5473
0.0276	0	26	5	58054.6	224.299	47.5116
0.02784	0	33	4	58081.9	224.658	47.4753
0.02808	0	36	4	58109.2	225.018	47.4391
0.02832	0	27	8	58136.7	225.382	47.4025
0.02856	0	37	9	58166	225.767	47.3639
0.0288	0	44	5	58195.2	226.153	47.3254
0.02904	0	52	9	58224.4	226.54	47.2869
0.02928	0	51	3	58254.9	226.942	47.247
0.02952	0	42	6	58286.2	227.357	47.206
0.02976	0	54	9	58317.5	227.772	47.1651
0.03	0	69	5	58348.8	228.187	47.1244
0.03024	0	77	8	58382.5	228.633	47.0807
0.03048	0	65	9	58416.2	229.08	47.0371
0.03072	0	74	9	58449.8	229.527	46.9937
0.03096	0	80	12	58484.6	229.989	46.949
0.0312	0	75	11	58520.8	230.471	46.9025
0.03144	0	71	5	58557.1	230.954	46.8562
0.03168	0	102	7	58593.3	231.437	46.81
0.03192	0	88	7	58631.9	231.952	46.7609
0.03216	0	99	8	58671	232.472	46.7115
0.0324	0	119	11	58710	232.994	46.6623
0.03264	0	131	8	58749.9	233.527	46.6121
0.03288	0	139	7	58791.9	234.075	46.5514
0.03312	0	145	7	58833.9	234.602	46.4782
0.03336	0	160	6	58875.9	235.129	46.4051
0.0336	0	154	11	58920.3	235.686	46.328
0.03384	0	193	9	58965.6	236.254	46.2494
0.03408	0	207	11	59011	236.823	46.171
0.03432	0	250	7	59056.8	237.398	46.0918
0.03456	0	227	6	59105.8	238.013	46.0073
0.0348	0	229	10	59154.9	238.628	45.9229
0.03504	0	233	7	59203.9	239.243	45.8387
0.03528	0	279	6	59255.3	239.887	45.7507
0.03552	0	282	12	59308.4	240.554	45.6599
0.03576	0	335	4	59361.5	241.22	45.5692
0.036	0	349	10	59414.6	241.885	45.4788
0.03624	0	355	7	59472.1	242.607	45.3811
0.03648	0	401	6	59529.6	243.327	45.2836
0.03672	0	445	10	59587.1	244.048	45.1864
0.03696	0	469	6	59646.6	244.795	45.0859
0.0372	0	485	11	59708.9	245.576	44.981
0.03744	0	519	1	59771.2	246.357	44.8763
0.03768	0	586	4	59833.5	247.137	44.772
0.03792	0	614	5	59900.3	247.973	44.6604
0.03816	0	656	1	59967.8	248.818	44.5479
0.0384	0	759	2	60035.3	249.663	44.4357
0.03864	0	770	8	60104.4	250.528	44.3212
0.03888	0	801	4	60177.5	251.443	44.2004
0.03912	0	924	5	60250.6	252.357	44.0799
0.03936	0	1115	3	60323.7	253.27	43.9597
0.0396	0	999	7	60401.3	254.239	43.8327
0.03984	0	1139	2	60480.6	255.229	43.7031
0.04008	0	1156	13	60559.9	256.24	43.5916
0.04032	0	1438	13	60640.3	257.278	43.4898
0.04056	0	1322	3	60726.6	258.397	43.3812
0.0408	0	1439	4	60812.9	259.517	43.2733
0.04104	0	1604	8	60899.2	260.64	43.1661
0.04128	0	1683	8	60989.7	261.82	43.0546
0.04152	0	1915	5	61083.3	263.044	42.94
0.04176	0	1918	8	61176.9	264.27	42.8263
0.042	0	2100	8	61270.5	265.499	42.7135
0.04224	0	2332	5	61371.8	266.833	42.5922
0.04248	0	2548	10	61473.1	268.169	42.472
0.04272	0	2575	11	61574.4	269.509	42.3527
0.04296	0	2937	12	61679.2	270.899	42.2303
0.0432	0	3063	9	61788.7	272.355	42.1036
0.04344	0	3211	8	61898.1	273.814	41.9779
0.04368	0	3578	5	62007.6	275.277	41.8533
0.04392	0	3945	7	62124.5	276.843	41.7215
0.04416	0	4016	5	62242.6	278.431	41.5896
0.0444	0	4338	5	62360.7	280.055	41.4281
0.04464	0	4811	5	62481.4	281.714	41.2637
0.04488	0	4856	10	62608.6	283.459	41.0917
0.04512	0	5403	5	62735.7	285.202	40.921
0.04536	0	6017	2	62862.8	286.942	40.7515
0.0456	0	6148	6	62996.2	288.765	40.575
0.04584	0	6692	4	63132	290.618	40.3966
0.04608	0	7341	6	63267.9	292.467	40.2197
0.04632	0	7734	6	63405	294.33	40.0425
0.04656	0	8222	7	63549.5	296.289	39.8572
0.0468	0	8766	6	63694	298.243	39.6735
0.04704	0	9729	2	63838.5	300.191	39.4912
0.04728	0	10273	4	63987	302.182	39.3072
0.04752	0	10993	5	64138.4	304.082	39.1516
0.04776	0	11907	2	64289.8	305.976	38.9978
0.048	0	12528	4	64441.2	307.865	38.8459
0.04824	0	13714	1	64598.8	309.823	38.6896
0.04848	0	14630	6	64756.4	311.775	38.5353
0.04872	0	15864	4	64913.9	313.719	38.3828
0.04896	0	16831	4	65073.6	315.68	38.2303
0.0492	0	17698	0	65235.9	317.667	38.0772
0.04944	0	18864	5	65398.2	319.644	37.926
0.04968	0	20213	5	65560.5	321.613	37.7768
0.04992	0	22027	2	65723.8	323.586	37.628
0.05016	0	23404	4	65887.3	325.596	37.4684
0.0504	0	24646	8	66050.7	327.623	37.3073
0.05064	0	26778	8	66213.3	329.655	37.1455
0.05088	0	28279	4	66373.9	331.676	36.9844
0.05112	0	30159	3	66534.4	333.713	36.8218
0.05136	0	32355	3	66694.9	335.766	36.6578
0.0516	0	34354	2	66848.4	337.742	36.4998
0.05184	0	36456	4	66999	339.697	36.3436
0.05208	0	39191	3	67149.6	341.666	36.1861
0.05232	0	41219	2	67298	343.62	36.0299
0.05256	0	44021	5	67433.1	345.411	35.8866
0.0528	0	46541	4	67568.3	347.327	35.7218
0.05304	0	49216	2	67703.4	349.264	35.5562
0.05328	0	53047	3	67822.7	350.98	35.4118
0.05352	0	55863	0	67930.1	352.528	35.2834
0.05376	0	58695	4	68037.5	354.081	35.1562
0.054	0	62472	1	68145	355.638	35.0305
0.05424	0	65554	2	68219.2	356.717	34.9443
0.05448	0	69303	4	68293.5	357.798	34.8587
0.05472	0	73421	4	68367.8	358.881	34.7738
0.05496	0	75970	2	68424.6	359.711	34.7092
0.0552	0	80896	3	68458.2	360.203	34.6712
0.05544	0	84637	6	68491.9	360.695	34.6333
0.05568	0	88976	4	68525.5	361.187	34.5956
0.05592	0	92578	4	68514.8	361.03	34.6076
0.05616	0	96615	3	68496.6	360.764	34.628
0.0564	0	101507	2	68478.5	360.499	34.6484
0.05664	0	105052	4	68445	360.009	34.6862
0.05688	0	110401	4	68372.9	358.956	34.7679
0.05712	0	115073	3	68300.9	357.906	34.8502
0.05736	0	118765	5	68228.8	356.857	34.9332
0.0576	0	122404	1	68114.8	355.201	35.0656
0.05784	0	126748	0	67984	353.307	35.2194
0.05808	0	132393	4	67853.2	351.419	35.3752
0.05832	0	134526	4	67715.8	349.442	35.5411
0.05856	0	138883	1	67538.9	346.906	35.7581
0.0588	0	143577	5	67362	344.466	35.9622
0.05904	0	146907	2	67185	342.131	36.1489
0.05928	0	149950	0	66983	339.489	36.3602
0.05952	0	152521	7	66762.2	336.631	36.5887
0.05976	0	155570	3	66541.5	333.803	36.8146
0.06	0	158538	2	66320.7	331.005	37.0379
0.06024	0	161595	8	66071.3	327.879	37.2869
0.06048	0	164518	3	65821.9	324.791	37.5324
0.06072	0	167606	4	65572.6	321.758	37.7658
0.06096	0	169185	3	65317.2	318.658	38.0013
0.0612	0	170865	3	65053.8	315.439	38.2491
0.06144	0	173779	3	64790.5	312.196	38.5021
0.06168	0	176172	2	64527.1	308.934	38.7604
0.06192	0	176680	1	64259.3	305.595	39.0287
0.06216	0	176155	2	63990.7	302.228	39.3033
0.0624	0	178524	2	63722.1	298.622	39.6379
0.06264	0	178618	5	63456.7	295.032	39.976
0.06288	0	179836	5	63199.5	291.537	40.3086
0.06312	0	180605	2	62942.3	288.029	40.6461
0.06336	0	181994	2	62685.1	284.509	40.9888
0.0636	0	181188	2	62430.5	281.015	41.3329
0.06384	0	181899	7	62177	277.548	41.6627
0.06408	0	184010	4	61923.5	274.152	41.949
0.06432	0	183959	3	61672	270.804	42.2386
0.06456	0	181706	2	61433.3	267.644	42.5191
0.0648	0	183703	2	61194.5	264.501	42.805
0.06504	0	183780	13	60955.8	261.378	43.0963
0.06528	0	182811	8	60723.7	258.36	43.3848
0.06552	0	181806	7	60496.7	255.43	43.6769
0.06576	0	182620	4	60269.7	252.595	44.0485
0.066	0	180791	6	60042.7	249.756	44.4235
0.06624	0	179899	4	59840.3	247.222	44.7606
0.06648	0	181755	7	59637.9	244.686	45.1005
0.06672	0	178140	88	59435.6	242.149	45.4431
0.06696	0	177975	186	59250.8	239.832	45.7583
0.0672	0	175673	523	59089.6	237.81	46.0352
0.06744	0	176949	973	58928.4	235.788	46.3139
0.06768	0	174121	2099	58767.2	233.759	46.5903
0.06792	0	172036	2665	58639.8	232.057	46.7509
0.06816	0	172486	3348	58518.1	230.434	46.906
0.0684	0	172936	4028	58396.3	228.816	47.0628
0.06864	0	173352	5587	58290.7	227.416	47.2001
0.06888	0	170757	8378	58225.5	226.554	47.2855
0.06912	0	172408	11134	58160.3	225.693	47.3714
0.06936	0	172107	14302	58095.1	224.833	47.4577
0.0696	0	172283	15830	58070.1	224.503	47.491
0.06984	0	171935	19357	58061.1	224.385	47.5029
0.07008	0	175567	21734	58052.2	224.267	47.5148
0.07032	0	177676	25468	58052.7	224.275	47.5141
0.07056	0	177889	32089	58110.3	225.034	47.4375
0.0708	0	179288	33344	58167.9	225.794	47.3613
0.07104	0	182617	37751	58225.5	226.554	47.2854
0.07128	0	182016	44579	58318.3	227.782	47.1641
0.07152	0	186028	47171	58437.4	229.362	47.0097
0.07176	0	188803	48819	58556.6	230.947	46.8568
0.072	0	190600	57296	58675.7	232.535	46.7055
0.07224	0	194271	61210	58846.5	234.76	46.4562
0.07248	0	197905	64837	59017.3	236.903	46.16
0.07272	0	203238	69755	59188.1	239.046	45.8658
0.07296	0	207299	76043	59377.9	241.425	45.5413
0.0732	0	212484	80847	59592.8	244.12	45.1767
0.07344	0	219946	84802	59807.7	246.814	44.8152
0.07368	0	224070	90154	60022.6	249.505	44.4568
0.07392	0	228990	99319	60271.3	252.615	44.0458
0.07416	0	235874	102647	60525.6	255.797	43.6352
0.0744	0	243168	109737	60780	259.089	43.3144
0.07464	0	251101	116551	61045.8	262.553	42.9858
0.07488	0	258363	123159	61340.5	266.42	42.6296
0.07512	0	267982	130696	61635.2	270.315	42.2816
0.07536	0	277006	137168	61929.8	274.237	41.9417
0.0756	0	286846	143071	62223.2	278.169	41.6112
0.07584	0	296204	150326	62516.1	282.19	41.2167
0.07608	0	309175	155254	62808.9	286.205	40.8232
0.07632	0	322974	163757	63092.6	290.08	40.4483
0.07656	0	337300	172074	63321.3	293.193	40.1505
0.0768	0	350955	177476	63550	296.295	39.8566
0.07704	0	368675	185533	63778.7	299.385	39.5665
0.07728	0	387692	198206	63885.7	300.827	39.4321
0.07752	0	407076	205437	63901.5	301.039	39.4123
0.07776	0	432289	211510	63917.3	301.252	39.3925
0.078	0	455465	222212	63933.1	301.465	39.3727
0.07824	0	484397	240860	63499.5	295.612	39.9211
0.07848	0	517212	245848	63065.9	289.716	40.4833
0.07872	0	551571	257211	62632.2	283.784	41.0598
0.07896	0	591892	274265	61882.1	273.6	41.9963
0.0792	0	627176	284517	60709.9	258.18	43.4022
0.07944	0	665499	289755	59537.7	243.429	45.2699
0.07968	0	712185	301016	58365.5	228.407	47.1028
0.07992	0	761242	320536	56547.6	205.176	49.9293
0.08016	0	789812	323319	54622.1	183.197	54.1313
0.0804	0	815546	330707	52696.6	161.493	57.8235
0.08064	0	840846	349341	50717	139.928	62.9298
0.08088	0	860579	366951	48602.2	116.604	68.649
0.08112	0	853703	365657	46487.5	102.714	83.3085
0.08136	0	848947	382926	44372.7	82.1042	93.9171
0.0816	0	858219	426466	42668.6	66.9817	95.9073
0.08184	0	850965	444399	41128.7	53.0738	100.987
0.08208	0	853201	475262	39588.8	43.8918	114.312
0.08232	0	863207	536650	38191.1	37.3491	131.456
0.08256	0	876378	605360	37646.7	34.7605	139.045
0.0828	0	873240	608820	37102.2	31.9444	146.456
0.08304	0	882473	652319	36557.8	28.9894	153.464
0.08328	0	900901	732965	36502.7	28.6861	154.146
0.08352	0	905585	757816	36814.7	30.3956	150.214
0.08376	0	909355	757068	37126.7	32.0742	146.132
0.084	0	929697	808583	37438.6	33.7061	141.919
0.08424	0	956459	907340	38177.9	37.288	131.635
0.08448	0	951490	835548	38917.1	40.7331	122.127
0.08472	0	964128	848585	39656.4	44.2101	113.565
0.08496	0	982825	931373	40397.6	48.3191	106.401
0.0852	0	988842	951568	41141.3	53.1628	100.906
0.08544	0	990282	875168	41885	59.3769	97.6645
0.08568	0	1.01071e+06	904551	42628.8	66.5795	95.9712
0.08592	0	1.04042e+06	1.04909e+06	43094	71.3922	95.3901
0.08616	0	1.02782e+06	885363	43512.8	75.0284	95.1134
0.0864	0	1.03309e+06	858807	43931.7	78.4902	94.6455
0.08664	0	1.06785e+06	960600	44237.9	81.004	94.1652
0.08688	0	1.08564e+06	1.02102e+06	44262.6	81.206	94.1214
0.08712	0	1.07423e+06	842970	44287.3	81.4079	94.0768
0.08736	0	1.08689e+06	887988	44312	81.6096	94.0315
0.0876	0	1.11301e+06	1.08083e+06	44125.7	80.085	94.3546
0.08784	0	1.10144e+06	930097	43854.9	77.8571	94.7478
0.08808	0	1.10455e+06	857708	43584.1	75.6184	95.0494
0.08832	0	1.13323e+06	977037	43276.1	73.0651	95.28
0.08856	0	1.16608e+06	1.1306e+06	42745	67.7595	95.792
0.0888	0	1.16841e+06	891568	42213.9	62.4882	96.7977
0.08904	0	1.20308e+06	929629	41682.9	57.5215	98.2925
0.08928	0	1.25879e+06	1.15584e+06	41117	52.992	101.062
0.08952	0	1.26244e+06	1.09663e+06	40525.1	49.0959	105.346
0.08976	0	1.26808e+06	964282	39933.1	45.6587	110.674
0.09	0	1.2959e+06	1.09904e+06	39341.2	42.7263	117.107
0.09024	0	1.34908e+06	1.37789e+06	39146.6	41.811	119.373
0.09048	0	1.31402e+06	1.07383e+06	38952.1	40.8971	121.702
0.09072	0	1.31894e+06	1.11637e+06	38757.6	39.9853	124.096
0.09096	0	1.35558e+06	1.36538e+06	38810.7	40.2339	123.436
0.0912	0	1.35099e+06	1.37216e+06	39194	42.0336	118.816
0.09144	0	1.3334e+06	1.19027e+06	39577.3	43.8376	114.44
0.09168	0	1.3381e+06	1.28284e+06	39960.6	45.8089	110.402
0.09192	0	1.38197e+06	1.52132e+06	40505.2	48.9732	105.508
0.09216	0	1.35431e+06	1.29533e+06	41076.6	52.7102	101.323
0.0924	0	1.35474e+06	1.23204e+06	41648.1	57.2065	98.408
0.09264	0	1.37985e+06	1.3588e+06	42145.6	61.8317	96.9623
0.09288	0	1.40752e+06	1.50484e+06	42458.1	64.8738	96.2756
0.09312	0	1.38969e+06	1.22211e+06	42770.7	68.0223	95.7555
0.09336	0	1.40267e+06	1.25155e+06	43083.3	71.2783	95.3994
0.0936	0	1.44834e+06	1.53575e+06	43171.9	72.2006	95.3308
0.09384	0	1.43571e+06	1.33841e+06	43170.9	72.1927	95.3312
0.09408	0	1.4407e+06	1.21628e+06	43170	72.1848	95.3316
0.09432	0	1.46518e+06	1.35982e+06	43158.5	72.0779	95.338
0.09456	0	1.51121e+06	1.6434e+06	43083.6	71.2817	95.3991
0.0948	0	1.48785e+06	1.2724e+06	43008.7	70.4918	95.4696
0.09504	0	1.49888e+06	1.30796e+06	42933.8	69.708	95.5493
0.09528	0	1.54582e+06	1.63447e+06	42905.8	69.4159	95.5816
0.09552	0	1.54627e+06	1.53564e+06	42912.8	69.4892	95.5734
0.09576	0	1.547e+06	1.3345e+06	42919.9	69.5626	95.5652
0.096	0	1.56978e+06	1.49398e+06	42926.9	69.636	95.5572
0.09624	0	1.63686e+06	1.77189e+06	42964.3	70.0267	95.5157
0.09648	0	1.60749e+06	1.46979e+06	43001.8	70.419	95.4766
0.09672	0	1.62592e+06	1.44318e+06	43039.2	70.8128	95.4398
0.09696	0	1.67534e+06	1.69336e+06	43071.8	71.1565	95.4096
0.0972	0	1.69208e+06	1.72427e+06	43097.8	71.4322	95.3868
0.09744	0	1.69082e+06	1.52331e+06	43123.8	71.7088	95.3651
0.09768	0	1.71376e+06	1.61247e+06	43149.9	71.9861	95.3445
0.09792	0	1.78311e+06	1.91157e+06	43160.7	72.1018	95.3363
0.09816	0	1.75732e+06	1.63597e+06	43169	72.1769	95.332
0.0984	0	1.77556e+06	1.59864e+06	43177.4	72.246	95.3285
0.09864	0	1.82686e+06	1.76523e+06	43202.1	72.4513	95.3175
0.09888	0	1.85786e+06	2.00411e+06	43267.9	72.9975	95.2845
0.09912	0	1.8449e+06	1.64069e+06	43333.8	73.5437	95.2459
0.09936	0	1.8856e+06	1.74559e+06	43399.6	74.0897	95.2019
0.0996	0	1.96457e+06	2.18336e+06	43476.3	74.7258	95.1437
0.09984	0	1.9548e+06	1.90498e+06	43557.4	75.3976	95.0741
0.10008	0	1.96872e+06	1.7281e+06	43638.5	76.0689	94.9962
0.10032	0	2.02985e+06	2.00561e+06	43699.9	76.5768	94.9317
0.10056	0	2.11114e+06	2.23822e+06	43643.1	76.1075	94.9914
0.1008	0	2.08334e+06	1.91861e+06	43586.4	75.6378	95.0471
0.10104	0	2.11573e+06	1.95942e+06	43529.7	75.1679	95.0988
0.10128	0	2.21122e+06	2.2444e+06	43345.8	73.6436	95.2383
0.10152	0	2.21832e+06	2.22745e+06	43066.6	71.102	95.4143
0.10176	0	2.22553e+06	1.99785e+06	42787.4	68.1935	95.7323
0.102	1	2.29924e+06	2.1315e+06	42508.2	65.3708	96.1812
0.10224	0	2.42684e+06	2.78512e+06	41835	58.9133	97.8132
0.10248	0	2.3798e+06	2.07743e+06	41161.8	53.307	100.777
0.10272	0	2.43974e+06	2.05594e+06	40488.5	48.8712	105.643
0.10296	0	2.5642e+06	2.51196e+06	39850.1	45.2099	111.513
0.1032	0	2.5887e+06	2.53702e+06	39258	42.3348	118.069
0.10344	0	2.57732e+06	2.2844e+06	38665.9	39.5565	125.247
0.10368	0	2.61781e+06	2.56023e+06	38073.8	36.8079	133.057
0.10392	0	2.74867e+06	3.04465e+06	37887.4	35.939	135.665
0.10416	0	2.72212e+06	2.64302e+06	37768.6	35.3634	137.34
0.1044	0	2.7609e+06	2.48029e+06	37649.8	34.7762	139.002
0.10464	0	2.87222e+06	2.89337e+06	37536.8	34.2075	140.569
0.10488	0	2.95013e+06	3.375e+06	37438.2	33.7039	141.925
0.10512	0	2.91708e+06	2.66497e+06	37339.6	33.1941	143.27
0.10536	0	2.97356e+06	2.80325e+06	37241	32.6784	144.603
0.1056	0	3.09891e+06	3.17605e+06	37292.9	32.9505	143.903
0.10584	0	3.04724e+06	2.9542e+06	37405	33.5329	142.379
0.10608	0	3.04387e+06	2.82056e+06	37517.1	34.1074	140.841
0.10632	1	3.12284e+06	3.12073e+06	37668.7	34.8704	138.738
0.10656	0	3.23917e+06	4.02057e+06	38057.5	36.7329	133.281
0.1068	0	3.17033e+06	3.001e+06	38446.3	38.5325	128.067
0.10704	0	3.18662e+06	3.07165e+06	38835	40.3481	123.135
0.10728	1	3.29384e+06	3.48156e+06	39083.4	41.5137	120.123
0.10752	0	3.24337e+06	3.32138e+06	39226.4	42.1863	118.436
0.10776	0	3.18908e+06	2.88335e+06	39369.5	42.8594	116.783
0.108	0	3.22466e+06	3.10913e+06	39512.5	43.5328	115.163
0.10824	1	3.39018e+06	4.08866e+06	39251.8	42.3054	118.141
0.10848	1	3.25804e+06	3.03249e+06	38991	41.0797	121.231
0.10872	0	3.26907e+06	3.04256e+06	38730.2	39.8574	124.437
0.10896	1	3.35068e+06	3.31312e+06	38449.5	38.5475	128.025
0.1092	0	3.32703e+06	3.56234e+06	38142.1	37.1228	132.121
0.10944	0	3.23854e+06	2.96467e+06	37834.7	35.6852	136.41
0.10968	0	3.26119e+06	3.28221e+06	37527.3	34.1592	140.7
0.10992	0	3.39495e+06	3.78844e+06	37393.1	33.4717	142.541
0.11016	5	3.25806e+06	3.20818e+06	37287.8	32.9241	143.971
0.1104	0	3.23338e+06	3.0078e+06	37182.5	32.3703	145.387
0.11064	0	3.30131e+06	3.22407e+06	37078.2	31.8161	146.775
0.11088	1	3.32473e+06	4.00481e+06	36976.3	31.2703	148.116
0.11112	6	3.18301e+06	3.04472e+06	36874.5	30.7203	149.442
0.11136	2	3.16203e+06	3.08822e+06	36772.7	30.1666	150.753
0.1116	3	3.26483e+06	3.41001e+06	36710.7	29.8286	151.541
0.11184	4	3.12802e+06	3.17948e+06	36664.8	29.5772	152.123
0.11208	2	3.0335e+06	2.84121e+06	36618.9	29.3253	152.7
0.11232	2	3.04478e+06	3.09569e+06	36562.1	29.0132	153.41
0.11256	9	3.10457e+06	3.81847e+06	36440.3	28.3415	154.914
0.1128	3	2.93164e+06	2.86019e+06	36318.4	27.668	156.393
0.11304	4	2.91336e+06	2.82778e+06	36196.6	26.9585	157.68
0.11328	3	2.97579e+06	3.10173e+06	36002.9	25.6717	158.839
0.11352	4	2.85961e+06	2.98789e+06	35755.4	24.0966	160.353
0.11376	4	2.73118e+06	2.65708e+06	35507.9	22.5978	161.904
0.114	2	2.72384e+06	2.76073e+06	35260.4	21.1731	163.493
0.11424	3	2.81607e+06	3.28289e+06	35181.8	20.7358	164.005
0.11448	6	2.62609e+06	2.68361e+06	35103.1	20.3057	164.522
0.11472	9	2.56545e+06	2.56494e+06	35024.5	19.8827	165.042
0.11496	3	2.59936e+06	2.88184e+06	34967.1	19.5781	165.425
0.1152	3	2.54696e+06	2.95039e+06	34937.9	19.4246	165.62
0.11544	4	2.43614e+06	2.49081e+06	34908.7	19.2721	165.816
0.11568	6	2.44667e+06	2.53622e+06	34879.5	19.1206	166.013
0.11592	5	2.5335e+06	2.98909e+06	34714.2	18.2811	167.135
0.11616	7	2.38295e+06	2.5484e+06	34526.3	17.3626	168.433
0.1164	10	2.34549e+06	2.31256e+06	34338.4	16.6154	170.8
0.11664	7	2.40885e+06	2.63545e+06	34150	15.9329	173.577
0.11688	5	2.37696e+06	2.92835e+06	33960.7	15.279	176.542
0.11712	9	2.15806e+06	2.33922e+06	33771.4	14.6558	179.688
0.11736	11	2.07878e+06	2.32365e+06	33582.1	14.0618	183.025
0.1176	12	2.10419e+06	2.80153e+06	33092.4	12.65	192.594
0.11784	4	1.91253e+06	2.29815e+06	32482.5	11.1183	205.912
0.11808	10	1.82803e+06	1.96983e+06	31872.7	9.68183	220
0.11832	10	1.90014e+06	2.14653e+06	31490.1	8.81236	229.566
0.11856	6	2.0445e+06	2.65698e+06	32470.9	11.0904	206.169
0.1188	3	2.22181e+06	2.16841e+06	33451.6	13.6687	185.437
0.11904	4	2.48804e+06	2.47266e+06	34432.4	16.9688	169.476
0.11928	6	2.71259e+06	3.12421e+06	41467.1	55.5892	99.0444
0.11952	5	2.79955e+06	3.25693e+06	53042.2	165.446	57.1779
0.11976	0	2.72636e+06	1.91448e+06	64617.3	310.053	38.6714
