0	0	0	0	56000.2	198.739	51.1095
0.00024	0	0	0	56000.2	198.739	51.1095
0.00048	0	0	0	56000.3	198.739	51.1095
0.00072	0	0	0	56000.3	198.739	51.1095
0.00096	0	0	0	56000.3	198.739	51.1095
0.0012	0	0	0	56000.3	198.739	51.1094
0.00144	0	0	0	56000.3	198.74	51.1094
0.00168	0	0	0	56000.3	198.74	51.1094
0.00192	0	0	0	56000.3	198.74	51.1094
0.00216	0	0	0	56000.3	198.74	51.1094
0.0024	0	0	0	56000.3	198.74	51.1094
0.00264	0	0	0	56000.3	198.74	51.1094
0.00288	0	0	0	56000.3	198.74	51.1093
0.00312	0	0	0	56000.3	198.74	51.1093
0.00336	0	0	0	56000.3	198.74	51.1093
0.0036	0	0	0	56000.3	198.74	51.1093
0.00384	0	0	0	56000.3	198.74	51.1093
0.00408	0	0	0	56000.4	198.74	51.1093
0.00432	0	0	0	56000.4	198.741	51.1092
0.00456	0	0	0	56000.4	198.741	51.1092
0.0048	0	0	0	56000.4	198.741	51.1092
0.00504	0	0	0	56000.4	198.741	51.1092
0.00528	0	0	0	56000.4	198.741	51.1092
0.00552	0	0	0	56000.4	198.741	51.1091
0.00576	0	0	0	56000.4	198.741	51.1091
0.006	0	0	0	56000.4	198.741	51.1091
0.00624	0	0	0	56000.4	198.742	51.1091
0.00648	0	0	0	56000.5	198.742	51.109
0.00672	0	0	0	56000.5	198.742	51.109
0.00696	0	0	0	56000.5	198.742	51.109
0.0072	0	0	0	56000.5	198.742	51.1089
0.00744	0	0	0	56000.5	198.742	51.1089
0.00768	0	0	0	56000.5	198.743	51.1089
0.00792	0	0	0	56000.5	198.743	51.1088
0.00816	0	0	0	56000.6	198.743	51.1088
0.0084	0	0	0	56000.6	198.743	51.1087
0.00864	0	0	0	56000.6	198.743	51.1087
0.00888	0	0	0	56000.6	198.744	51.1087
0.00912	0	0	0	56000.6	198.744	51.1086
0.00936	0	0	0	56000.7	198.744	51.1086
0.0096	0	0	0	56000.7	198.744	51.1085
0.00984	0	1	0	56000.7	198.744	51.1085
0.01008	0	0	0	56000.7	198.745	51.1085
0.01032	0	0	0	56000.7	198.745	51.1084
0.01056	0	0	0	56000.7	198.745	51.1084
0.0108	0	0	0	56000.8	198.745	51.1083
0.01104	0	1	0	56000.8	198.745	51.1083
0.01128	0	0	0	56000.8	198.746	51.1083
0.01152	0	2	0	56000.8	198.746	51.1082
0.01176	0	0	0	56000.8	198.746	51.1082
0.012	0	0	0	56000.9	198.746	51.1081
0.01224	0	0	0	56000.9	198.747	51.1081
0.01248	0	0	0	56000.9	198.747	51.108
0.01272	0	3	0	56000.9	198.747	51.1079
0.01296	0	0	2	56001	198.748	51.1079
0.0132	0	0	0	56001	198.748	51.1078
0.01344	0	0	0	56001.1	198.749	51.1077
0.01368	0	1	1	56001.1	198.749	51.1076
0.01392	0	1	0	56001.2	198.75	51.1075
0.01416	0	0	0	56001.2	198.75	51.1074
0.0144	0	0	0	56001.2	198.751	51.1073
0.01464	0	0	0	56001.3	198.751	51.1072
0.01488	0	3	0	56001.3	198.752	51.1071
0.01512	0	2	0	56001.4	198.752	51.107
0.01536	0	1	0	56001.4	198.753	51.1069
0.0156	0	0	1	56001.5	198.753	51.1068
0.01584	0	0	0	56001.5	198.754	51.1067
0.01608	0	1	0	56001.6	198.755	51.1065
0.01632	0	1	1	56001.6	198.755	51.1064
0.01656	0	5	1	56001.7	198.756	51.1063
0.0168	0	1	0	56001.8	198.757	51.1061
0.01704	0	3	0	56001.8	198.757	51.106
0.01728	0	0	1	56001.9	198.758	51.1059
0.01752	0	0	1	56001.9	198.759	51.1057
0.01776	0	5	2	56002	198.76	51.1056
0.018	0	4	1	56002.1	198.76	51.1055
0.01824	0	3	0	56002.1	198.761	51.1053
0.01848	0	4	0	56002.2	198.762	51.1052
0.01872	0	1	3	56002.3	198.763	51.105
0.01896	0	8	1	56002.4	198.764	51.1048
0.0192	0	4	2	56002.5	198.765	51.1046
0.01944	0	3	1	56002.6	198.766	51.1043
0.01968	0	2	2	56002.7	198.768	51.104
0.01992	0	4	3	56002.8	198.769	51.1037
0.02016	0	4	1	56003	198.771	51.1034
0.0204	0	3	4	56003.1	198.773	51.1031
0.02064	0	3	0	56003.3	198.775	51.1027
0.02088	0	4	0	56003.4	198.776	51.1025
0.02112	0	6	0	56003.5	198.777	51.1022
0.02136	0	7	0	56003.7	198.779	51.1019
0.0216	0	7	2	56003.8	198.78	51.1016
0.02184	0	6	0	56003.9	198.782	51.1013
0.02208	0	8	0	56004.1	198.783	51.101
0.02232	0	9	4	56004.2	198.785	51.1007
0.02256	0	7	2	56004.4	198.788	51.1002
0.0228	0	6	3	56004.6	198.79	51.0998
0.02304	0	7	1	56004.8	198.793	51.0993
0.02328	0	8	1	56005.1	198.795	51.0988
0.02352	0	5	7	56005.3	198.798	51.0982
0.02376	0	19	2	56005.6	198.801	51.0977
0.024	0	13	3	56005.8	198.804	51.0971
0.02424	0	11	5	56006.1	198.807	51.0965
0.02448	0	13	3	56006.3	198.81	51.096
0.02472	0	16	4	56006.6	198.813	51.0954
0.02496	0	17	2	56006.9	198.816	51.0947
0.0252	0	14	4	56007.2	198.82	51.0941
0.02544	0	15	6	56007.5	198.824	51.0934
0.02568	0	13	0	56007.8	198.827	51.0927
0.02592	0	17	4	56008.1	198.831	51.0921
0.02616	0	24	3	56008.4	198.834	51.0914
0.0264	0	24	4	56008.7	198.837	51.0908
0.02664	0	25	3	56009	198.841	51.0901
0.02688	0	27	4	56009.3	198.844	51.0895
0.02712	0	35	4	56009.5	198.847	51.0889
0.02736	0	30	5	56009.8	198.851	51.0882
0.0276	0	26	5	56010.2	198.855	51.0874
0.02784	0	33	4	56010.6	198.86	51.0865
0.02808	0	36	4	56011	198.864	51.0856
0.02832	0	27	8	56011.4	198.869	51.0847
0.02856	0	37	9	56011.8	198.874	51.0838
0.0288	0	44	5	56012.2	198.878	51.0829
0.02904	0	52	9	56012.6	198.883	51.082
0.02928	0	51	3	56012.9	198.887	51.0814
0.02952	0	42	6	56013.2	198.889	51.0809
0.02976	0	54	9	56013.4	198.892	51.0804
0.03	0	69	5	56013.6	198.894	51.0799
0.03024	0	77	8	56013.7	198.896	51.0796
0.03048	0	65	9	56013.9	198.897	51.0793
0.03072	0	74	9	56014	198.899	51.079
0.03096	0	80	12	56014	198.9	51.0789
0.0312	0	75	11	56014	198.899	51.079
0.03144	0	71	5	56014	198.898	51.0791
0.03168	1	102	7	56013.9	198.898	51.0792
0.03192	0	88	7	56013.3	198.891	51.0805
0.03216	0	98	8	56012.6	198.883	51.0821
0.0324	0	119	11	56011.9	198.875	51.0836
0.03264	0	131	8	56010.9	198.863	51.0859
0.03288	1	139	7	56009.2	198.843	51.0897
0.03312	4	145	7	56007.4	198.822	51.0936
0.03336	5	157	6	56005.7	198.802	51.0975
0.0336	10	151	11	56003	198.771	51.1033
0.03384	14	189	9	56000	198.737	51.11
0.03408	14	198	10	55997	198.702	51.1167
0.03432	15	244	6	55993.9	198.666	51.1236
0.03456	29	218	5	55990.3	198.624	51.1316
0.0348	45	212	8	55986.6	198.581	51.1397
0.03504	41	219	6	55983	198.539	51.1477
0.03528	68	241	5	55979.3	198.497	51.1559
0.03552	90	239	8	55975.6	198.454	51.1642
0.03576	93	300	3	55971.9	198.41	51.1724
0.036	112	285	6	55968.2	198.367	51.1807
0.03624	122	299	5	55964.8	198.328	51.1883
0.03648	157	328	4	55961.4	198.288	51.1959
0.03672	188	341	9	55958	198.249	51.2035
0.03696	220	349	3	55955.1	198.215	51.21
0.0372	247	358	6	55952.8	198.189	51.2149
0.03744	276	350	1	55950.6	198.163	51.2199
0.03768	307	365	1	55948.4	198.137	51.2249
0.03792	324	359	3	55947.1	198.123	51.2277
0.03816	318	384	1	55946.1	198.111	51.23
0.0384	349	405	1	55945	198.099	51.2324
0.03864	405	399	4	55944.3	198.09	51.234
0.03888	386	348	2	55944.4	198.091	51.2338
0.03912	404	404	3	55944.4	198.092	51.2337
0.03936	463	452	1	55944.5	198.093	51.2335
0.0396	468	370	5	55946.2	198.112	51.2298
0.03984	450	380	1	55948.5	198.139	51.2247
0.04008	465	342	3	55950.8	198.165	51.2196
0.04032	467	378	7	55953.4	198.196	51.2137
0.04056	531	332	1	55958	198.249	51.2035
0.0408	557	321	0	55962.6	198.302	51.1932
0.04104	551	310	2	55967.2	198.356	51.183
0.04128	510	258	6	55972	198.412	51.1722
0.04152	493	262	3	55977.1	198.47	51.161
0.04176	445	262	5	55982.1	198.529	51.1498
0.042	408	232	2	55987.1	198.587	51.1386
0.04224	455	214	3	55991.1	198.632	51.1299
0.04248	402	205	1	55995	198.678	51.1212
0.04272	401	190	8	55998.9	198.724	51.1125
0.04296	364	138	3	56002.3	198.763	51.1049
0.0432	318	150	7	56005.1	198.795	51.0988
0.04344	261	137	6	56007.8	198.827	51.0927
0.04368	307	136	1	56010.6	198.859	51.0866
0.04392	272	142	3	56012.8	198.885	51.0817
0.04416	274	115	3	56014.9	198.91	51.0769
0.0444	274	99	2	56017.1	198.935	51.0722
0.04464	264	92	2	56019	198.957	51.0679
0.04488	223	82	4	56020.4	198.973	51.0649
0.04512	176	60	2	56021.7	198.989	51.0619
0.04536	151	56	0	56023.1	199.004	51.0589
0.0456	137	40	3	56023.6	199.01	51.0578
0.04584	116	40	0	56023.7	199.012	51.0574
0.04608	100	30	5	56023.9	199.014	51.0571
0.04632	89	22	2	56023.9	199.014	51.057
0.04656	61	12	2	56023.2	199.006	51.0587
0.0468	50	8	4	56022.4	198.997	51.0603
0.04704	40	12	1	56021.7	198.988	51.062
0.04728	23	12	3	56020.7	198.977	51.0642
0.04752	33	14	0	56019.6	198.964	51.0667
0.04776	24	6	1	56018.4	198.951	51.0692
0.048	16	6	0	56017.3	198.937	51.0717
0.04824	26	9	0	56016.3	198.925	51.074
0.04848	15	3	1	56015.2	198.913	51.0763
0.04872	13	2	2	56014.2	198.901	51.0786
0.04896	3	2	1	56013.2	198.89	51.0807
0.0492	10	1	0	56012.4	198.881	51.0825
0.04944	6	2	0	56011.6	198.871	51.0843
0.04968	3	0	0	56010.8	198.861	51.0862
0.04992	5	0	0	56010.1	198.854	51.0877
0.05016	1	0	0	56009.4	198.846	51.0891
0.0504	2	0	0	56008.8	198.838	51.0906
0.05064	0	0	0	56008.2	198.831	51.092
0.05088	0	0	0	56007.6	198.825	51.0931
0.05112	0	0	0	56007.1	198.819	51.0942
0.05136	0	0	0	56006.6	198.813	51.0954
0.0516	0	0	0	56006.2	198.808	51.0963
0.05184	0	0	0	56005.8	198.804	51.0971
0.05208	0	0	0	56005.4	198.799	51.098
0.05232	0	0	0	56005.1	198.795	51.0988
0.05256	0	0	0	56004.8	198.792	51.0994
0.0528	0	0	0	56004.5	198.789	51.1
0.05304	0	0	0	56004.3	198.786	51.1006
0.05328	0	0	0	56004	198.783	51.1011
0.05352	0	0	0	56003.8	198.781	51.1015
0.05376	0	0	0	56003.6	198.778	51.102
0.054	0	0	0	56003.4	198.776	51.1024
0.05424	0	0	0	56003.3	198.774	51.1028
0.05448	0	0	0	56003.1	198.773	51.1031
0.05472	0	0	0	56003	198.771	51.1034
0.05496	0	0	0	56002.8	198.769	51.1037
0.0552	0	0	0	56002.7	198.768	51.104
0.05544	0	0	0	56002.6	198.767	51.1042
0.05568	0	0	0	56002.5	198.765	51.1045
0.05592	0	0	0	56002.4	198.764	51.1047
0.05616	0	0	0	56002.3	198.763	51.1049
0.0564	0	0	0	56002.2	198.762	51.1051
0.05664	0	0	0	56002.2	198.761	51.1053
0.05688	0	0	0	56002.1	198.761	51.1054
0.05712	0	0	0	56002	198.76	51.1056
0.05736	0	0	0	56001.9	198.759	51.1057
0.0576	0	0	0	56001.9	198.758	51.1058
0.05784	0	0	0	56001.8	198.758	51.106
0.05808	0	0	0	56001.8	198.757	51.1061
0.05832	0	0	0	56001.7	198.756	51.1062
0.05856	0	0	0	56001.7	198.756	51.1063
0.0588	0	0	0	56001.6	198.755	51.1064
0.05904	0	0	0	56001.6	198.755	51.1065
0.05928	0	0	0	56001.6	198.754	51.1066
0.05952	0	0	0	56001.5	198.754	51.1067
0.05976	0	0	0	56001.5	198.754	51.1067
0.06	0	0	0	56001.5	198.753	51.1068
0.06024	0	0	0	56001.4	198.753	51.1069
0.06048	0	0	0	56001.4	198.753	51.1069
0.06072	0	0	0	56001.4	198.752	51.107
0.06096	0	0	0	56001.4	198.752	51.107
0.0612	0	0	0	56001.3	198.752	51.1071
0.06144	0	0	0	56001.3	198.752	51.1071
0.06168	0	0	0	56001.3	198.751	51.1072
0.06192	0	0	0	56001.3	198.751	51.1072
0.06216	0	0	0	56001.3	198.751	51.1072
0.0624	0	0	0	56001.2	198.751	51.1073
0.06264	0	0	0	56001.2	198.751	51.1073
0.06288	0	0	0	56001.2	198.751	51.1073
0.06312	0	0	0	56001.2	198.751	51.1073
0.06336	0	0	0	56001.2	198.75	51.1074
0.0636	0	0	0	56001.2	198.75	51.1074
0.06384	0	0	0	56001.2	198.75	51.1074
0.06408	0	0	0	56001.2	198.75	51.1074
0.06432	0	0	0	56001.2	198.75	51.1074
0.06456	0	0	0	56001.2	198.75	51.1074
0.0648	0	0	0	56001.2	198.75	51.1074
0.06504	0	0	0	56001.2	198.75	51.1074
0.06528	0	0	0	56001.2	198.75	51.1074
0.06552	0	0	0	56001.2	198.75	51.1073
0.06576	0	0	0	56001.2	198.751	51.1073
0.066	0	0	0	56001.2	198.751	51.1073
0.06624	0	0	0	56001.2	198.751	51.1073
0.06648	0	0	0	56001.3	198.751	51.1073
0.06672	0	0	0	56001.3	198.751	51.1072
0.06696	0	0	0	56001.3	198.751	51.1072
0.0672	0	0	0	56001.3	198.752	51.1071
0.06744	0	0	0	56001.3	198.752	51.1071
0.06768	0	0	0	56001.3	198.752	51.107
0.06792	0	0	0	56001.4	198.752	51.107
0.06816	0	0	0	56001.4	198.753	51.1069
0.0684	0	0	0	56001.4	198.753	51.1069
0.06864	0	0	0	56001.4	198.753	51.1068
0.06888	0	0	0	56001.5	198.753	51.1068
0.06912	0	0	0	56001.5	198.754	51.1067
0.06936	0	3	0	56001.5	198.754	51.1067
0.0696	0	0	0	56001.6	198.754	51.1066
0.06984	0	0	0	56001.6	198.755	51.1065
0.07008	0	0	0	56001.6	198.755	51.1064
0.07032	0	0	0	56001.7	198.756	51.1063
0.07056	0	0	0	56001.7	198.757	51.1062
0.0708	0	0	0	56001.8	198.757	51.106
0.07104	0	0	0	56001.9	198.758	51.1059
0.07128	0	0	0	56001.9	198.759	51.1057
0.07152	0	0	0	56002	198.76	51.1056
0.07176	0	0	0	56002.1	198.761	51.1054
0.072	0	1	0	56002.2	198.762	51.1052
0.07224	0	1	0	56002.2	198.762	51.1051
0.07248	0	1	0	56002.3	198.763	51.1049
0.07272	0	2	1	56002.4	198.764	51.1048
0.07296	0	3	0	56002.4	198.765	51.1047
0.0732	0	1	0	56002.5	198.765	51.1045
0.07344	0	2	0	56002.5	198.766	51.1044
0.07368	0	4	0	56002.6	198.767	51.1042
0.07392	0	2	0	56002.7	198.768	51.104
0.07416	0	4	0	56002.8	198.769	51.1038
0.0744	0	0	1	56002.9	198.77	51.1036
0.07464	0	1	0	56003	198.772	51.1033
0.07488	0	2	1	56003.2	198.773	51.103
0.07512	0	4	1	56003.3	198.775	51.1026
0.07536	0	1	0	56003.5	198.777	51.1023
0.0756	0	3	1	56003.6	198.778	51.102
0.07584	0	4	0	56003.8	198.78	51.1017
0.07608	0	7	2	56003.9	198.782	51.1014
0.07632	0	10	0	56004	198.783	51.1011
0.07656	0	1	0	56004.2	198.785	51.1008
0.0768	0	7	1	56004.3	198.787	51.1004
0.07704	0	4	1	56004.5	198.788	51.1001
0.07728	0	3	1	56004.6	198.79	51.0998
0.07752	0	7	0	56004.8	198.792	51.0994
0.07776	0	14	1	56004.9	198.794	51.0991
0.078	0	6	1	56005.1	198.796	51.0987
0.07824	0	10	3	56005.3	198.798	51.0984
0.07848	0	17	1	56005.4	198.799	51.098
0.07872	0	13	2	56005.6	198.801	51.0976
0.07896	0	14	2	56005.8	198.804	51.0971
0.0792	0	10	3	56006.1	198.808	51.0964
0.07944	0	14	3	56006.4	198.811	51.0958
0.07968	0	13	6	56006.7	198.815	51.0951
0.07992	0	8	7	56007.1	198.819	51.0943
0.08016	0	13	1	56007.5	198.824	51.0934
0.0804	0	11	4	56007.9	198.828	51.0925
0.08064	0	23	4	56008.3	198.833	51.0916
0.08088	0	25	3	56008.7	198.837	51.0908
0.08112	0	23	6	56009	198.841	51.09
0.08136	0	18	5	56009.4	198.845	51.0892
0.0816	0	32	3	56009.7	198.849	51.0885
0.08184	0	22	5	56010	198.853	51.0878
0.08208	0	34	6	56010.4	198.857	51.087
0.08232	0	30	3	56010.7	198.86	51.0863
0.08256	0	35	6	56010.9	198.863	51.0858
0.0828	0	29	6	56011.2	198.866	51.0853
0.08304	0	46	6	56011.4	198.869	51.0848
0.08328	0	52	6	56011.6	198.871	51.0843
0.08352	0	57	7	56011.8	198.873	51.0839
0.08376	0	50	7	56011.9	198.875	51.0835
0.084	0	56	6	56012.1	198.877	51.0832
0.08424	0	39	6	56012.2	198.878	51.0829
0.08448	0	52	5	56012.3	198.88	51.0827
0.08472	1	52	10	56012.4	198.881	51.0824
0.08496	0	90	8	56012.5	198.881	51.0824
0.0852	0	72	6	56012.3	198.88	51.0827
0.08544	1	83	11	56012.2	198.878	51.0829
0.08568	0	84	10	56012.1	198.877	51.0832
0.08592	3	88	8	56011.6	198.871	51.0844
0.08616	1	83	16	56011	198.864	51.0857
0.0864	2	99	9	56010.4	198.857	51.087
0.08664	0	115	11	56009.6	198.848	51.0888
0.08688	2	133	9	56008.3	198.832	51.0917
0.08712	2	123	10	56006.9	198.817	51.0946
0.08736	5	119	8	56005.6	198.802	51.0975
0.0876	4	141	8	56003.7	198.779	51.1019
0.08784	9	149	9	56001.5	198.753	51.1068
0.08808	16	159	3	55999.3	198.728	51.1117
0.08832	22	195	11	55996.9	198.701	51.1169
0.08856	27	162	5	55993.8	198.664	51.1239
0.0888	28	185	8	55990.6	198.627	51.1309
0.08904	36	199	6	55987.5	198.591	51.1378
0.08928	54	223	3	55983.9	198.55	51.1457
0.08952	59	273	5	55980.1	198.505	51.1543
0.08976	85	235	7	55976.2	198.46	51.1629
0.09	84	229	6	55972.4	198.416	51.1715
0.09024	96	246	7	55968.3	198.368	51.1805
0.09048	105	265	2	55964.2	198.321	51.1896
0.09072	147	321	4	55960.1	198.274	51.1987
0.09096	155	314	2	55956.5	198.232	51.2067
0.0912	149	288	6	55953.6	198.198	51.2132
0.09144	188	279	3	55950.7	198.164	51.2198
0.09168	224	328	2	55947.7	198.13	51.2263
0.09192	277	309	6	55946.8	198.12	51.2284
0.09216	282	297	4	55946.2	198.113	51.2296
0.0924	304	307	15	55945.7	198.106	51.2309
0.09264	377	320	4	55945.8	198.107	51.2307
0.09288	381	335	3	55947.5	198.127	51.2269
0.09312	413	357	0	55949.2	198.147	51.223
0.09336	400	340	3	55950.9	198.167	51.2192
0.0936	408	308	3	55954.3	198.207	51.2116
0.09384	485	309	6	55958.4	198.253	51.2026
0.09408	432	306	2	55962.4	198.3	51.1936
0.09432	455	260	7	55966.7	198.35	51.1841
0.09456	476	260	4	55972.1	198.413	51.172
0.0948	479	223	3	55977.6	198.476	51.1598
0.09504	449	220	5	55983	198.539	51.1477
0.09528	412	215	7	55988.3	198.601	51.136
0.09552	362	191	6	55993.5	198.661	51.1245
0.09576	370	157	5	55998.6	198.721	51.1131
0.096	382	158	1	56003.8	198.78	51.1016
0.09624	336	132	3	56007.7	198.826	51.093
0.09648	293	123	2	56011.6	198.871	51.0844
0.09672	260	126	6	56015.5	198.916	51.0757
0.09696	258	94	3	56018.7	198.953	51.0687
0.0972	225	100	8	56020.9	198.979	51.0637
0.09744	217	76	5	56023.1	199.005	51.0588
0.09768	199	61	6	56025.3	199.031	51.0539
0.09792	165	70	10	56026	199.039	51.0524
0.09816	125	58	4	56026.5	199.044	51.0514
0.0984	99	51	7	56026.9	199.049	51.0504
0.09864	88	69	8	56027	199.05	51.0502
0.09888	96	66	3	56026.2	199.041	51.0519
0.09912	47	49	5	56025.5	199.033	51.0535
0.09936	62	48	9	56024.7	199.024	51.0552
0.0996	60	42	6	56023.9	199.014	51.0571
0.09984	45	46	14	56023	199.004	51.0591
0.10008	34	47	5	56022.1	198.993	51.061
0.10032	42	38	14	56021.2	198.983	51.063
0.10056	36	42	6	56020.3	198.972	51.0651
0.1008	30	40	9	56019.3	198.961	51.0673
0.10104	16	51	6	56018.3	198.949	51.0694
0.10128	11	41	7	56017.3	198.937	51.0718
0.10152	12	43	6	56016.1	198.923	51.0743
0.10176	10	57	5	56014.9	198.91	51.0769
0.102	18	50	3	56013.8	198.897	51.0795
0.10224	16	50	12	56012.6	198.882	51.0822
0.10248	13	68	8	56011.3	198.868	51.0849
0.10272	14	58	10	56010.1	198.854	51.0876
0.10296	7	80	8	56008.8	198.839	51.0904
0.1032	7	54	10	56007.5	198.824	51.0934
0.10344	14	54	13	56006.2	198.808	51.0963
0.10368	12	72	10	56004.8	198.793	51.0993
0.10392	9	87	6	56003.4	198.776	51.1024
0.10416	5	90	8	56002	198.76	51.1055
0.1044	22	80	9	56000.6	198.744	51.1086
0.10464	22	74	13	55999.2	198.727	51.1118
0.10488	24	91	9	55997.8	198.711	51.115
0.10512	36	82	11	55996.3	198.694	51.1182
0.10536	38	117	4	55994.9	198.677	51.1214
0.1056	52	110	5	55993.4	198.66	51.1246
0.10584	47	101	11	55992	198.643	51.1278
0.10608	60	112	10	55990.5	198.627	51.131
0.10632	53	138	4	55989.2	198.61	51.1341
0.10656	66	99	6	55988	198.598	51.1366
0.1068	90	115	5	55986.9	198.585	51.1391
0.10704	86	134	10	55985.8	198.572	51.1415
0.10728	92	128	6	55985	198.562	51.1434
0.10752	111	127	6	55984.3	198.554	51.1449
0.10776	116	131	4	55983.6	198.546	51.1464
0.108	134	131	2	55983	198.538	51.1479
0.10824	112	149	2	55983.1	198.54	51.1476
0.10848	103	112	9	55983.2	198.542	51.1473
0.10872	143	135	2	55983.4	198.543	51.147
0.10896	165	108	2	55984	198.55	51.1456
0.1092	151	107	3	55985.2	198.564	51.143
0.10944	175	114	10	55986.4	198.578	51.1403
0.10968	168	102	14	55987.6	198.592	51.1377
0.10992	177	110	4	55988.9	198.608	51.1346
0.11016	153	110	4	55990.4	198.625	51.1314
0.1104	161	109	7	55991.8	198.641	51.1283
0.11064	154	117	0	55993.2	198.657	51.1252
0.11088	168	107	0	55994.4	198.671	51.1225
0.11112	153	98	5	55995.6	198.686	51.1197
0.11136	149	86	5	55996.9	198.7	51.117
0.1116	131	76	2	55998.2	198.715	51.1141
0.11184	145	73	4	55999.4	198.73	51.1113
0.11208	152	69	3	56000.7	198.745	51.1084
0.11232	124	79	1	56002	198.76	51.1056
0.11256	134	52	4	56003.2	198.774	51.1028
0.1128	101	47	2	56004.5	198.788	51.1001
0.11304	117	51	2	56005.7	198.802	51.0974
0.11328	124	55	4	56006.7	198.814	51.0951
0.11352	75	48	3	56007.6	198.825	51.0932
0.11376	85	35	6	56008.5	198.835	51.0912
0.114	85	33	1	56009.4	198.846	51.0892
0.11424	73	40	3	56009.8	198.851	51.0882
0.11448	67	31	1	56010.3	198.856	51.0872
0.11472	60	17	4	56010.7	198.861	51.0862
0.11496	50	21	2	56011	198.864	51.0857
0.1152	44	17	5	56010.9	198.863	51.0858
0.11544	27	25	0	56010.9	198.862	51.086
0.11568	30	18	2	56010.8	198.862	51.0861
0.11592	24	11	4	56010.3	198.856	51.0872
0.11616	16	15	1	56009.7	198.849	51.0885
0.1164	9	17	1	56009.2	198.843	51.0897
0.11664	6	12	2	56008.5	198.835	51.0912
0.11688	4	15	1	56007.5	198.824	51.0934
0.11712	1	18	4	56006.5	198.812	51.0955
0.11736	1	25	2	56005.6	198.801	51.0976
0.1176	0	24	3	56004.5	198.789	51.1
0.11784	0	17	3	56003.5	198.776	51.1024
0.11808	0	25	8	56002.4	198.764	51.1048
0.11832	0	16	5	56001.3	198.752	51.1071
0.11856	0	13	1	56000.4	198.741	51.1091
0.1188	0	18	6	55999.6	198.731	51.111
0.11904	0	39	2	55998.7	198.721	51.1129
0.11928	0	18	4	55998.5	198.719	51.1133
0.11952	0	35	9	55998.9	198.723	51.1126
0.11976	0	35	4	55999.2	198.727	51.1118
