0	0	0	0	56000.1	198.738	51.1098
0.00024	0	0	0	56000.1	198.738	51.1098
0.00048	0	0	0	56000.1	198.738	51.1098
0.00072	0	0	0	56000.1	198.738	51.1098
0.00096	0	0	0	56000.1	198.738	51.1098
0.0012	0	0	0	56000.1	198.738	51.1098
0.00144	0	0	0	56000.1	198.738	51.1098
0.00168	0	0	0	56000.1	198.738	51.1097
0.00192	0	0	0	56000.1	198.738	51.1097
0.00216	0	0	0	56000.1	198.738	51.1097
0.0024	0	0	0	56000.1	198.738	51.1097
0.00264	0	0	0	56000.1	198.738	51.1097
0.00288	0	0	0	56000.1	198.738	51.1097
0.00312	0	0	0	56000.2	198.738	51.1097
0.00336	0	0	0	56000.2	198.738	51.1097
0.0036	0	0	0	56000.2	198.738	51.1097
0.00384	0	0	0	56000.2	198.738	51.1097
0.00408	0	0	0	56000.2	198.738	51.1097
0.00432	0	0	0	56000.2	198.738	51.1096
0.00456	0	0	0	56000.2	198.738	51.1096
0.0048	0	0	0	56000.2	198.739	51.1096
0.00504	0	0	0	56000.2	198.739	51.1096
0.00528	0	0	0	56000.2	198.739	51.1096
0.00552	0	0	0	56000.2	198.739	51.1096
0.00576	0	0	0	56000.2	198.739	51.1096
0.006	0	0	0	56000.2	198.739	51.1095
0.00624	0	0	0	56000.2	198.739	51.1095
0.00648	0	0	0	56000.2	198.739	51.1095
0.00672	0	0	0	56000.2	198.739	51.1095
0.00696	0	0	0	56000.3	198.739	51.1095
0.0072	0	0	0	56000.3	198.739	51.1094
0.00744	0	0	0	56000.3	198.74	51.1094
0.00768	0	0	0	56000.3	198.74	51.1094
0.00792	0	0	0	56000.3	198.74	51.1094
0.00816	0	0	0	56000.3	198.74	51.1093
0.0084	0	0	0	56000.3	198.74	51.1093
0.00864	0	0	0	56000.3	198.74	51.1093
0.00888	0	0	0	56000.4	198.74	51.1093
0.00912	0	0	0	56000.4	198.741	51.1092
0.00936	0	0	0	56000.4	198.741	51.1092
0.0096	0	0	0	56000.4	198.741	51.1092
0.00984	0	1	0	56000.4	198.741	51.1091
0.01008	0	0	0	56000.4	198.741	51.1091
0.01032	0	0	0	56000.4	198.741	51.1091
0.01056	0	0	0	56000.4	198.741	51.1091
0.0108	0	0	0	56000.4	198.742	51.1091
0.01104	0	1	0	56000.4	198.742	51.109
0.01128	0	0	0	56000.5	198.742	51.109
0.01152	0	2	0	56000.5	198.742	51.109
0.01176	0	0	0	56000.5	198.742	51.109
0.012	0	0	0	56000.5	198.742	51.109
0.01224	0	0	0	56000.5	198.742	51.1089
0.01248	0	0	0	56000.5	198.743	51.1089
0.01272	0	3	0	56000.6	198.743	51.1088
0.01296	0	0	2	56000.6	198.743	51.1087
0.0132	0	0	0	56000.6	198.744	51.1087
0.01344	0	0	0	56000.7	198.744	51.1086
0.01368	0	1	1	56000.7	198.744	51.1085
0.01392	0	1	0	56000.7	198.745	51.1084
0.01416	0	0	0	56000.8	198.745	51.1084
0.0144	0	0	0	56000.8	198.745	51.1083
0.01464	0	0	0	56000.8	198.746	51.1082
0.01488	0	3	0	56000.8	198.746	51.1082
0.01512	0	2	0	56000.9	198.747	51.1081
0.01536	0	1	0	56000.9	198.747	51.108
0.0156	0	0	1	56000.9	198.747	51.1079
0.01584	0	0	0	56001	198.748	51.1079
0.01608	0	1	0	56001	198.748	51.1078
0.01632	0	1	1	56001.1	198.749	51.1077
0.01656	0	5	1	56001.1	198.749	51.1076
0.0168	0	1	0	56001.1	198.75	51.1075
0.01704	0	3	0	56001.2	198.75	51.1074
0.01728	0	0	1	56001.2	198.751	51.1073
0.01752	0	0	1	56001.3	198.751	51.1072
0.01776	0	5	2	56001.3	198.752	51.1071
0.018	0	4	1	56001.3	198.752	51.1071
0.01824	0	3	0	56001.4	198.752	51.107
0.01848	0	4	0	56001.4	198.753	51.1069
0.01872	0	1	3	56001.5	198.753	51.1068
0.01896	0	8	1	56001.5	198.754	51.1067
0.0192	0	4	2	56001.6	198.755	51.1065
0.01944	0	3	1	56001.7	198.756	51.1063
0.01968	0	2	2	56001.8	198.757	51.1061
0.01992	0	4	3	56001.9	198.758	51.1058
0.02016	0	4	1	56002	198.76	51.1056
0.0204	0	3	4	56002.1	198.761	51.1053
0.02064	0	3	0	56002.2	198.762	51.1051
0.02088	0	4	0	56002.3	198.763	51.1049
0.02112	0	6	0	56002.4	198.764	51.1047
0.02136	0	7	0	56002.5	198.765	51.1046
0.0216	0	7	2	56002.5	198.766	51.1044
0.02184	0	6	0	56002.6	198.767	51.1042
0.02208	0	8	0	56002.7	198.768	51.1041
0.02232	0	9	4	56002.8	198.768	51.1039
0.02256	0	7	2	56002.9	198.77	51.1036
0.0228	0	6	3	56003	198.772	51.1033
0.02304	0	7	1	56003.2	198.773	51.103
0.02328	0	8	1	56003.3	198.775	51.1026
0.02352	0	5	7	56003.5	198.777	51.1023
0.02376	0	19	2	56003.6	198.779	51.1019
0.024	0	13	3	56003.8	198.781	51.1016
0.02424	0	11	5	56003.9	198.782	51.1013
0.02448	0	13	3	56004.1	198.784	51.101
0.02472	0	16	4	56004.2	198.785	51.1007
0.02496	0	17	2	56004.3	198.787	51.1004
0.0252	0	14	4	56004.5	198.788	51.1001
0.02544	0	15	6	56004.6	198.79	51.0998
0.02568	0	13	0	56004.7	198.791	51.0995
0.02592	0	17	4	56004.8	198.792	51.0994
0.02616	0	24	3	56004.8	198.792	51.0994
0.0264	0	24	4	56004.8	198.792	51.0993
0.02664	0	25	3	56004.8	198.792	51.0994
0.02688	0	27	4	56004.7	198.791	51.0996
0.02712	0	35	4	56004.6	198.79	51.0998
0.02736	0	30	5	56004.5	198.789	51.1
0.0276	0	26	5	56004.4	198.787	51.1003
0.02784	0	33	4	56004.2	198.785	51.1007
0.02808	0	36	4	56004	198.783	51.1011
0.02832	0	27	8	56003.8	198.781	51.1015
0.02856	0	37	9	56003.4	198.776	51.1025
0.0288	0	44	5	56003	198.771	51.1035
0.02904	0	52	9	56002.5	198.766	51.1044
0.02928	0	51	3	56001.8	198.757	51.1061
0.02952	1	42	6	56000.8	198.745	51.1083
0.02976	1	54	9	55999.8	198.734	51.1105
0.03	3	69	5	55998.8	198.722	51.1127
0.03024	4	77	8	55997.4	198.706	51.1158
0.03048	4	65	9	55996	198.69	51.1189
0.03072	6	74	8	55994.6	198.674	51.1219
0.03096	8	80	10	55993.2	198.658	51.125
0.0312	15	73	8	55991.8	198.642	51.1282
0.03144	22	70	4	55990.4	198.625	51.1313
0.03168	30	99	7	55989	198.609	51.1344
0.03192	24	80	6	55987.9	198.596	51.1369
0.03216	49	86	7	55986.8	198.583	51.1394
0.0324	45	98	8	55985.7	198.57	51.1418
0.03264	50	106	6	55984.7	198.559	51.144
0.03288	76	109	6	55984.1	198.552	51.1454
0.03312	78	105	5	55983.5	198.544	51.1468
0.03336	91	117	4	55982.8	198.537	51.1482
0.0336	95	102	8	55982.4	198.532	51.1491
0.03384	110	116	6	55982	198.528	51.1499
0.03408	101	119	6	55981.7	198.524	51.1507
0.03432	107	140	4	55981.4	198.52	51.1514
0.03456	116	111	4	55981.3	198.519	51.1515
0.0348	125	100	8	55981.2	198.519	51.1517
0.03504	117	112	3	55981.2	198.518	51.1519
0.03528	121	124	1	55981.6	198.522	51.151
0.03552	120	122	5	55982.3	198.531	51.1494
0.03576	156	114	2	55983	198.539	51.1478
0.036	144	92	4	55983.7	198.548	51.1462
0.03624	146	108	2	55985.4	198.567	51.1425
0.03648	155	98	4	55987	198.586	51.1389
0.03672	170	93	8	55988.7	198.605	51.1352
0.03696	156	81	3	55990.4	198.625	51.1313
0.0372	138	78	3	55992.3	198.648	51.127
0.03744	144	83	0	55994.3	198.67	51.1228
0.03768	143	62	1	55996.2	198.692	51.1185
0.03792	150	70	3	55997.7	198.709	51.1152
0.03816	129	75	1	55999.1	198.725	51.1121
0.0384	108	47	1	56000.5	198.742	51.109
0.03864	87	50	3	56001.7	198.756	51.1063
0.03888	88	41	2	56002.5	198.765	51.1046
0.03912	95	47	3	56003.2	198.774	51.1028
0.03936	87	51	1	56004	198.783	51.1011
0.0396	76	39	5	56004.7	198.791	51.0995
0.03984	71	29	1	56005.4	198.799	51.0981
0.04008	76	33	3	56006.1	198.807	51.0966
0.04032	79	22	5	56006.7	198.814	51.0952
0.04056	75	28	0	56007.2	198.82	51.0941
0.0408	45	14	0	56007.7	198.826	51.093
0.04104	35	10	2	56008.2	198.831	51.0919
0.04128	27	5	6	56008.4	198.834	51.0915
0.04152	38	10	1	56008.3	198.833	51.0915
0.04176	23	5	1	56008.3	198.833	51.0916
0.042	27	6	0	56008.3	198.833	51.0916
0.04224	9	4	1	56007.9	198.828	51.0924
0.04248	14	6	0	56007.6	198.824	51.0933
0.04272	10	5	1	56007.2	198.82	51.0941
0.04296	5	1	1	56006.8	198.815	51.095
0.0432	3	3	0	56006.4	198.811	51.0959
0.04344	7	4	0	56006	198.806	51.0968
0.04368	5	1	0	56005.6	198.801	51.0977
0.04392	10	1	0	56005.2	198.797	51.0985
0.04416	6	2	1	56004.9	198.793	51.0992
0.0444	2	0	0	56004.6	198.789	51.0999
0.04464	1	0	0	56004.2	198.786	51.1006
0.04488	0	0	0	56004	198.782	51.1012
0.04512	0	0	0	56003.7	198.779	51.1018
0.04536	0	0	0	56003.4	198.776	51.1025
0.0456	0	0	1	56003.2	198.773	51.103
0.04584	0	0	0	56003	198.771	51.1035
0.04608	0	0	0	56002.7	198.768	51.104
0.04632	0	0	0	56002.5	198.766	51.1044
0.04656	0	0	0	56002.4	198.764	51.1048
0.0468	0	0	0	56002.2	198.762	51.1051
0.04704	0	0	0	56002	198.76	51.1055
0.04728	0	0	0	56001.9	198.759	51.1058
0.04752	0	0	0	56001.8	198.757	51.1061
0.04776	0	0	0	56001.7	198.756	51.1063
0.048	0	0	0	56001.6	198.755	51.1066
0.04824	0	0	0	56001.5	198.754	51.1067
0.04848	0	0	0	56001.4	198.753	51.1069
0.04872	0	0	0	56001.3	198.752	51.1071
0.04896	0	0	0	56001.2	198.751	51.1073
0.0492	0	0	0	56001.2	198.75	51.1074
0.04944	0	0	0	56001.1	198.749	51.1075
0.04968	0	0	0	56001.1	198.749	51.1077
0.04992	0	0	0	56001	198.748	51.1078
0.05016	0	0	0	56001	198.748	51.1079
0.0504	0	0	0	56000.9	198.747	51.108
0.05064	0	0	0	56000.9	198.747	51.1081
0.05088	0	0	0	56000.8	198.746	51.1082
0.05112	0	0	0	56000.8	198.746	51.1082
0.05136	0	0	0	56000.8	198.745	51.1083
0.0516	0	0	0	56000.7	198.745	51.1084
0.05184	0	0	0	56000.7	198.745	51.1084
0.05208	0	0	0	56000.7	198.744	51.1085
0.05232	0	0	0	56000.7	198.744	51.1086
0.05256	0	0	0	56000.6	198.744	51.1086
0.0528	0	0	0	56000.6	198.744	51.1087
0.05304	0	0	0	56000.6	198.743	51.1087
0.05328	0	0	0	56000.6	198.743	51.1087
0.05352	0	0	0	56000.6	198.743	51.1088
0.05376	0	0	0	56000.5	198.743	51.1088
0.054	0	0	0	56000.5	198.743	51.1089
0.05424	0	0	0	56000.5	198.742	51.1089
0.05448	0	0	0	56000.5	198.742	51.1089
0.05472	0	0	0	56000.5	198.742	51.109
0.05496	0	0	0	56000.5	198.742	51.109
0.0552	0	0	0	56000.5	198.742	51.109
0.05544	0	0	0	56000.5	198.742	51.109
0.05568	0	0	0	56000.4	198.742	51.1091
0.05592	0	0	0	56000.4	198.741	51.1091
0.05616	0	0	0	56000.4	198.741	51.1091
0.0564	0	0	0	56000.4	198.741	51.1091
0.05664	0	0	0	56000.4	198.741	51.1091
0.05688	0	0	0	56000.4	198.741	51.1091
0.05712	0	0	0	56000.4	198.741	51.1092
0.05736	0	0	0	56000.4	198.741	51.1092
0.0576	0	0	0	56000.4	198.741	51.1092
0.05784	0	0	0	56000.4	198.741	51.1092
0.05808	0	0	0	56000.4	198.741	51.1092
0.05832	0	0	0	56000.4	198.741	51.1092
0.05856	0	0	0	56000.4	198.741	51.1092
0.0588	0	0	0	56000.4	198.741	51.1092
0.05904	0	0	0	56000.4	198.741	51.1092
0.05928	0	0	0	56000.4	198.741	51.1092
0.05952	0	0	0	56000.4	198.741	51.1092
0.05976	0	0	0	56000.4	198.741	51.1092
0.06	0	0	0	56000.4	198.741	51.1092
0.06024	0	0	0	56000.4	198.741	51.1092
0.06048	0	0	0	56000.4	198.74	51.1092
0.06072	0	0	0	56000.4	198.74	51.1092
0.06096	0	0	0	56000.4	198.74	51.1092
0.0612	0	0	0	56000.4	198.741	51.1092
0.06144	0	0	0	56000.4	198.741	51.1092
0.06168	0	0	0	56000.4	198.741	51.1092
0.06192	0	0	0	56000.4	198.741	51.1092
0.06216	0	0	0	56000.4	198.741	51.1092
0.0624	0	0	0	56000.4	198.741	51.1092
0.06264	0	0	0	56000.4	198.741	51.1092
0.06288	0	0	0	56000.4	198.741	51.1092
0.06312	0	0	0	56000.4	198.741	51.1092
0.06336	0	0	0	56000.4	198.741	51.1092
0.0636	0	0	0	56000.4	198.741	51.1092
0.06384	0	0	0	56000.4	198.741	51.1092
0.06408	0	0	0	56000.4	198.741	51.1091
0.06432	0	0	0	56000.4	198.741	51.1091
0.06456	0	0	0	56000.4	198.741	51.1091
0.0648	0	0	0	56000.4	198.741	51.1091
0.06504	0	0	0	56000.4	198.741	51.1091
0.06528	0	0	0	56000.4	198.742	51.109
0.06552	0	0	0	56000.5	198.742	51.109
0.06576	0	0	0	56000.5	198.742	51.109
0.066	0	0	0	56000.5	198.742	51.109
0.06624	0	0	0	56000.5	198.742	51.1089
0.06648	0	0	0	56000.5	198.742	51.1089
0.06672	0	0	0	56000.5	198.743	51.1089
0.06696	0	0	0	56000.6	198.743	51.1088
0.0672	0	0	0	56000.6	198.743	51.1088
0.06744	0	0	0	56000.6	198.743	51.1087
0.06768	0	0	0	56000.6	198.744	51.1087
0.06792	0	0	0	56000.6	198.744	51.1086
0.06816	0	0	0	56000.7	198.744	51.1086
0.0684	0	0	0	56000.7	198.744	51.1085
0.06864	0	0	0	56000.7	198.745	51.1085
0.06888	0	0	0	56000.7	198.745	51.1084
0.06912	0	0	0	56000.7	198.745	51.1084
0.06936	0	3	0	56000.8	198.745	51.1083
0.0696	0	0	0	56000.8	198.746	51.1083
0.06984	0	0	0	56000.8	198.746	51.1082
0.07008	0	0	0	56000.9	198.746	51.1081
0.07032	0	0	0	56000.9	198.747	51.1081
0.07056	0	0	0	56000.9	198.747	51.1079
0.0708	0	0	0	56001	198.748	51.1078
0.07104	0	0	0	56001.1	198.749	51.1077
0.07128	0	0	0	56001.1	198.75	51.1075
0.07152	0	0	0	56001.2	198.75	51.1074
0.07176	0	0	0	56001.3	198.751	51.1072
0.072	0	1	0	56001.3	198.752	51.1071
0.07224	0	1	0	56001.4	198.752	51.107
0.07248	0	1	0	56001.4	198.753	51.1069
0.07272	0	2	1	56001.5	198.753	51.1068
0.07296	0	3	0	56001.5	198.754	51.1067
0.0732	0	1	0	56001.5	198.754	51.1066
0.07344	0	2	0	56001.6	198.755	51.1065
0.07368	0	4	0	56001.6	198.755	51.1064
0.07392	0	2	0	56001.7	198.756	51.1063
0.07416	0	4	0	56001.8	198.757	51.1061
0.0744	0	0	1	56001.9	198.758	51.1059
0.07464	0	1	0	56001.9	198.759	51.1057
0.07488	0	2	1	56002.1	198.76	51.1055
0.07512	0	4	1	56002.2	198.762	51.1052
0.07536	0	1	0	56002.3	198.763	51.1049
0.0756	0	3	1	56002.4	198.764	51.1047
0.07584	0	4	0	56002.5	198.765	51.1045
0.07608	0	7	2	56002.6	198.766	51.1043
0.07632	0	10	0	56002.7	198.767	51.1041
0.07656	0	1	0	56002.8	198.768	51.1039
0.0768	0	7	1	56002.8	198.769	51.1037
0.07704	0	4	1	56002.9	198.77	51.1035
0.07728	0	3	1	56003	198.771	51.1033
0.07752	0	7	0	56003.1	198.772	51.1032
0.07776	0	14	1	56003.2	198.773	51.103
0.078	0	6	1	56003.2	198.774	51.1029
0.07824	0	10	3	56003.3	198.775	51.1027
0.07848	0	17	1	56003.3	198.775	51.1026
0.07872	0	13	2	56003.4	198.776	51.1025
0.07896	0	14	2	56003.5	198.777	51.1023
0.0792	0	10	3	56003.6	198.779	51.1019
0.07944	0	14	3	56003.8	198.781	51.1016
0.07968	0	13	6	56004	198.783	51.1012
0.07992	0	8	7	56004.2	198.785	51.1008
0.08016	0	13	1	56004.4	198.787	51.1004
0.0804	0	11	4	56004.6	198.789	51.0999
0.08064	0	23	4	56004.7	198.791	51.0996
0.08088	0	25	3	56004.8	198.792	51.0994
0.08112	0	23	6	56004.8	198.793	51.0993
0.08136	0	18	5	56004.9	198.793	51.0992
0.0816	0	32	3	56004.8	198.792	51.0993
0.08184	0	22	5	56004.7	198.791	51.0996
0.08208	0	34	6	56004.6	198.789	51.0999
0.08232	0	30	3	56004.4	198.787	51.1003
0.08256	0	35	6	56003.9	198.782	51.1013
0.0828	1	29	6	56003.5	198.777	51.1022
0.08304	1	46	6	56003.1	198.772	51.1032
0.08328	0	52	6	56002.5	198.765	51.1045
0.08352	0	54	7	56001.8	198.757	51.1061
0.08376	3	49	7	56001.1	198.749	51.1077
0.084	4	56	6	56000.3	198.74	51.1093
0.08424	4	39	5	55999.4	198.729	51.1114
0.08448	5	52	5	55998.5	198.719	51.1134
0.08472	6	52	9	55997.5	198.708	51.1155
0.08496	18	85	6	55996.5	198.695	51.1179
0.0852	11	68	6	55995.2	198.681	51.1206
0.08544	14	79	11	55994	198.666	51.1234
0.08568	18	80	9	55992.7	198.652	51.1262
0.08592	26	73	7	55991.2	198.634	51.1296
0.08616	23	75	15	55989.6	198.615	51.1332
0.0864	34	86	6	55987.9	198.596	51.1368
0.08664	31	95	7	55986.3	198.578	51.1404
0.08688	31	118	7	55984.7	198.559	51.144
0.08712	36	97	6	55983.1	198.54	51.1476
0.08736	52	90	6	55981.5	198.521	51.1512
0.0876	60	106	4	55980.5	198.51	51.1534
0.08784	70	110	4	55979.7	198.501	51.1551
0.08808	111	113	2	55979	198.492	51.1568
0.08832	115	127	7	55978.4	198.485	51.1581
0.08856	117	90	3	55978.8	198.491	51.1571
0.0888	121	104	3	55979.3	198.496	51.1561
0.08904	136	101	5	55979.7	198.501	51.1551
0.08928	122	112	2	55980.8	198.513	51.1527
0.08952	138	126	4	55982.4	198.532	51.1491
0.08976	153	87	5	55984	198.55	51.1456
0.09	142	80	3	55985.6	198.569	51.1421
0.09024	168	79	7	55988	198.597	51.1367
0.09048	138	80	2	55990.4	198.625	51.1313
0.09072	146	78	4	55992.9	198.653	51.1259
0.09096	154	72	2	55995.2	198.681	51.1206
0.0912	158	55	6	55997.5	198.708	51.1155
0.09144	128	49	3	55999.9	198.735	51.1104
0.09168	101	47	0	56002.2	198.761	51.1052
0.09192	110	43	4	56003.8	198.781	51.1016
0.09216	90	39	3	56005.3	198.798	51.0982
0.0924	78	22	9	56006.9	198.816	51.0948
0.09264	87	25	4	56008.2	198.831	51.0919
0.09288	59	27	2	56008.8	198.839	51.0905
0.09312	61	23	0	56009.5	198.846	51.0891
0.09336	41	28	3	56010.1	198.854	51.0876
0.0936	35	18	3	56010.3	198.856	51.0873
0.09384	43	15	6	56010.3	198.855	51.0873
0.09408	24	8	2	56010.2	198.855	51.0873
0.09432	25	18	4	56010.2	198.855	51.0875
0.09456	21	15	2	56009.9	198.851	51.0882
0.0948	11	12	2	56009.5	198.847	51.0889
0.09504	9	14	0	56009.2	198.843	51.0896
0.09528	15	13	5	56008.9	198.839	51.0904
0.09552	12	17	4	56008.5	198.835	51.0912
0.09576	10	5	4	56008.1	198.83	51.0921
0.096	11	14	1	56007.7	198.826	51.0929
0.09624	12	16	2	56007.4	198.822	51.0937
0.09648	5	20	2	56007	198.817	51.0945
0.09672	4	8	2	56006.6	198.813	51.0954
0.09696	3	14	2	56006.2	198.809	51.0962
0.0972	3	18	4	56005.9	198.804	51.097
0.09744	5	11	3	56005.5	198.8	51.0979
0.09768	3	12	5	56005.1	198.796	51.0987
0.09792	3	24	4	56004.6	198.79	51.0998
0.09816	0	14	2	56004.2	198.785	51.1008
0.0984	2	21	1	56003.7	198.779	51.1019
0.09864	0	23	6	56003.2	198.773	51.103
0.09888	1	28	2	56002.6	198.767	51.1042
0.09912	0	25	1	56002.1	198.761	51.1053
0.09936	2	21	6	56001.6	198.755	51.1065
0.0996	2	16	5	56001.1	198.749	51.1077
0.09984	4	29	11	56000.6	198.743	51.1088
0.10008	2	28	5	56000	198.737	51.1099
0.10032	4	28	9	55999.5	198.731	51.1111
0.10056	8	33	3	55998.9	198.724	51.1124
0.1008	7	31	8	55998.3	198.717	51.1137
0.10104	9	39	1	55997.8	198.71	51.115
0.10128	6	33	5	55997.2	198.704	51.1162
0.10152	13	34	5	55996.7	198.698	51.1174
0.10176	19	38	3	55996.2	198.692	51.1185
0.102	12	29	1	55995.6	198.686	51.1197
0.10224	21	36	9	55995.3	198.682	51.1204
0.10248	28	50	6	55995	198.679	51.1211
0.10272	28	34	5	55994.7	198.675	51.1217
0.10296	30	45	5	55994.5	198.672	51.1223
0.1032	33	35	6	55994.3	198.67	51.1227
0.10344	29	37	5	55994.1	198.668	51.1231
0.10368	32	47	6	55993.9	198.666	51.1235
0.10392	49	50	6	55993.9	198.665	51.1236
0.10416	40	52	4	55993.9	198.665	51.1236
0.1044	40	46	2	55993.9	198.665	51.1236
0.10464	45	40	5	55993.9	198.666	51.1235
0.10488	43	37	6	55994.2	198.669	51.1229
0.10512	65	32	7	55994.5	198.672	51.1223
0.10536	34	42	3	55994.7	198.675	51.1217
0.1056	53	40	3	55995.2	198.68	51.1207
0.10584	45	30	3	55995.7	198.686	51.1196
0.10608	51	38	8	55996.2	198.692	51.1185
0.10632	53	40	3	55996.7	198.698	51.1174
0.10656	49	36	4	55997.3	198.705	51.116
0.1068	63	24	1	55997.9	198.712	51.1147
0.10704	49	27	8	55998.5	198.719	51.1133
0.10728	42	29	2	55999.1	198.726	51.112
0.10752	49	24	4	55999.7	198.732	51.1108
0.10776	50	19	1	56000.2	198.739	51.1096
0.108	39	26	2	56000.8	198.745	51.1083
0.10824	37	25	1	56001.3	198.751	51.1072
0.10848	25	9	2	56001.8	198.757	51.1061
0.10872	33	15	1	56002.2	198.762	51.105
0.10896	42	10	2	56002.7	198.768	51.104
0.1092	31	11	2	56003.1	198.773	51.1031
0.10944	21	6	3	56003.6	198.778	51.1021
0.10968	22	6	2	56004	198.783	51.1011
0.10992	22	9	0	56004.3	198.786	51.1006
0.11016	17	7	3	56004.5	198.788	51.1001
0.1104	18	2	4	56004.7	198.791	51.0996
0.11064	13	3	0	56004.9	198.793	51.0992
0.11088	13	5	0	56004.9	198.793	51.0993
0.11112	7	4	0	56004.8	198.793	51.0993
0.11136	3	1	0	56004.8	198.792	51.0993
0.1116	3	0	0	56004.7	198.791	51.0996
0.11184	1	1	0	56004.5	198.789	51.1
0.11208	1	1	0	56004.4	198.787	51.1003
0.11232	0	6	0	56004.2	198.785	51.1007
0.11256	0	5	1	56004	198.783	51.1011
0.1128	0	2	0	56003.8	198.781	51.1016
0.11304	0	2	1	56003.6	198.778	51.102
0.11328	0	2	1	56003.4	198.776	51.1025
0.11352	0	14	1	56003.2	198.774	51.1029
0.11376	0	2	1	56003	198.771	51.1034
0.114	0	8	0	56002.8	198.769	51.1038
0.11424	0	10	2	56002.6	198.767	51.1042
0.11448	0	12	0	56002.4	198.764	51.1047
0.11472	0	6	0	56002.2	198.762	51.1051
0.11496	0	7	2	56002	198.76	51.1055
0.1152	0	8	4	56001.8	198.758	51.106
0.11544	0	8	0	56001.6	198.755	51.1064
0.11568	0	15	1	56001.4	198.753	51.1069
0.11592	0	7	3	56001.1	198.749	51.1075
0.11616	0	13	1	56000.8	198.746	51.1083
0.1164	0	16	1	56000.5	198.742	51.109
0.11664	0	10	1	56000.1	198.737	51.1099
0.11688	0	15	1	55999.5	198.731	51.1111
0.11712	0	17	4	55999	198.724	51.1123
0.11736	0	25	2	55998.4	198.718	51.1136
0.1176	0	24	3	55997.7	198.71	51.1152
0.11784	0	17	3	55996.9	198.701	51.1168
0.11808	0	25	8	55996.2	198.692	51.1185
0.11832	0	16	5	55995.4	198.683	51.1202
0.11856	0	13	1	55994.7	198.675	51.1218
0.1188	0	18	6	55994	198.667	51.1234
0.11904	0	39	2	55993.3	198.658	51.125
0.11928	0	18	4	55993.2	198.657	51.1251
0.11952	0	35	9	55993.6	198.662	51.1242
0.11976	0	35	4	55994	198.667	51.1233
