0	0	0	0	56004	198.783	51.1011
0.00024	0	0	0	56004.1	198.784	51.101
0.00048	0	0	0	56004.1	198.784	51.1009
0.00072	0	0	0	56004.2	198.785	51.1008
0.00096	0	0	0	56004.2	198.786	51.1006
0.0012	0	0	0	56004.3	198.786	51.1005
0.00144	0	0	0	56004.4	198.787	51.1004
0.00168	0	0	0	56004.4	198.788	51.1002
0.00192	0	0	0	56004.5	198.789	51.1001
0.00216	0	0	0	56004.6	198.789	51.0999
0.0024	0	0	0	56004.6	198.79	51.0998
0.00264	0	0	0	56004.7	198.791	51.0996
0.00288	0	0	0	56004.8	198.792	51.0995
0.00312	0	0	0	56004.8	198.792	51.0993
0.00336	0	0	0	56004.9	198.793	51.0992
0.0036	0	0	0	56005	198.794	51.099
0.00384	0	0	0	56005	198.795	51.0988
0.00408	0	0	0	56005.1	198.796	51.0987
0.00432	0	0	0	56005.2	198.797	51.0985
0.00456	0	0	0	56005.3	198.798	51.0983
0.0048	0	0	0	56005.4	198.799	51.0981
0.00504	0	0	0	56005.4	198.8	51.0979
0.00528	0	0	0	56005.5	198.801	51.0978
0.00552	0	0	0	56005.6	198.802	51.0976
0.00576	0	0	0	56005.7	198.803	51.0974
0.006	0	0	0	56005.8	198.804	51.0972
0.00624	0	0	0	56005.9	198.805	51.0969
0.00648	0	0	0	56006	198.806	51.0967
0.00672	0	0	0	56006.1	198.807	51.0965
0.00696	0	0	0	56006.2	198.808	51.0963
0.0072	0	0	0	56006.3	198.81	51.0961
0.00744	0	0	0	56006.4	198.811	51.0958
0.00768	0	0	0	56006.5	198.812	51.0956
0.00792	0	0	0	56006.6	198.813	51.0953
0.00816	0	0	0	56006.7	198.815	51.0951
0.0084	0	0	0	56006.9	198.816	51.0948
0.00864	0	0	0	56007	198.817	51.0946
0.00888	0	0	0	56007.1	198.819	51.0943
0.00912	0	0	0	56007.2	198.82	51.094
0.00936	0	0	0	56007.4	198.822	51.0937
0.0096	0	0	0	56007.5	198.823	51.0934
0.00984	0	1	0	56007.6	198.825	51.0931
0.01008	0	0	0	56007.8	198.826	51.0928
0.01032	0	0	0	56007.9	198.828	51.0925
0.01056	0	0	0	56008	198.83	51.0922
0.0108	0	0	0	56008.2	198.831	51.0919
0.01104	0	1	0	56008.3	198.833	51.0916
0.01128	0	0	0	56008.5	198.835	51.0912
0.01152	0	2	0	56008.6	198.837	51.0909
0.01176	0	0	0	56008.8	198.838	51.0905
0.012	0	0	0	56008.9	198.84	51.0902
0.01224	0	0	0	56009.1	198.842	51.0898
0.01248	0	0	0	56009.3	198.844	51.0894
0.01272	0	3	0	56009.5	198.847	51.089
0.01296	0	0	2	56009.7	198.849	51.0886
0.0132	0	0	0	56009.9	198.851	51.0881
0.01344	0	0	0	56010.1	198.854	51.0877
0.01368	0	1	1	56010.3	198.856	51.0872
0.01392	0	1	0	56010.5	198.858	51.0867
0.01416	0	0	0	56010.7	198.861	51.0862
0.0144	0	0	0	56010.9	198.864	51.0858
0.01464	0	0	0	56011.2	198.866	51.0853
0.01488	0	3	0	56011.4	198.869	51.0847
0.01512	0	2	0	56011.7	198.872	51.0842
0.01536	0	1	0	56011.9	198.875	51.0837
0.0156	0	0	1	56012.2	198.878	51.0831
0.01584	0	0	0	56012.4	198.881	51.0825
0.01608	0	1	0	56012.7	198.884	51.0819
0.01632	0	1	1	56013	198.887	51.0813
0.01656	0	5	1	56013.3	198.89	51.0806
0.0168	0	1	0	56013.6	198.894	51.08
0.01704	0	3	0	56013.9	198.897	51.0793
0.01728	0	0	1	56014.2	198.901	51.0786
0.01752	0	0	1	56014.5	198.905	51.0779
0.01776	0	5	2	56014.8	198.909	51.0771
0.018	0	4	1	56015.2	198.912	51.0764
0.01824	0	3	0	56015.5	198.917	51.0756
0.01848	0	4	0	56015.9	198.921	51.0748
0.01872	0	1	3	56016.2	198.925	51.074
0.01896	0	8	1	56016.6	198.93	51.0731
0.0192	0	4	2	56017.1	198.935	51.0722
0.01944	0	3	1	56017.5	198.94	51.0712
0.01968	0	2	2	56017.9	198.945	51.0703
0.01992	0	4	3	56018.4	198.95	51.0692
0.02016	0	4	1	56018.9	198.956	51.0681
0.0204	0	3	4	56019.4	198.962	51.067
0.02064	0	3	0	56019.9	198.968	51.0658
0.02088	0	4	0	56020.5	198.974	51.0647
0.02112	0	6	0	56021	198.98	51.0635
0.02136	0	7	0	56021.5	198.987	51.0623
0.0216	0	7	2	56022.1	198.993	51.061
0.02184	0	6	0	56022.7	199	51.0597
0.02208	0	8	0	56023.3	199.007	51.0584
0.02232	0	9	4	56023.9	199.014	51.057
0.02256	0	7	2	56024.6	199.023	51.0555
0.0228	0	6	3	56025.3	199.031	51.0539
0.02304	0	7	1	56026.1	199.039	51.0523
0.02328	0	8	1	56026.8	199.048	51.0506
0.02352	0	5	7	56027.7	199.058	51.0487
0.02376	0	19	2	56028.5	199.067	51.0469
0.024	0	13	3	56029.3	199.077	51.0451
0.02424	0	11	5	56030.2	199.088	51.043
0.02448	0	13	3	56031.2	199.099	51.041
0.02472	0	16	4	56032.1	199.109	51.0389
0.02496	0	17	2	56033.1	199.121	51.0367
0.0252	0	14	4	56034.2	199.133	51.0344
0.02544	0	15	6	56035.2	199.146	51.032
0.02568	0	13	0	56036.3	199.158	51.0296
0.02592	0	17	4	56037.5	199.172	51.027
0.02616	0	24	3	56038.7	199.186	51.0244
0.0264	0	24	4	56039.9	199.2	51.0217
0.02664	0	25	3	56041.1	199.214	51.019
0.02688	0	27	4	56042.5	199.23	51.016
0.02712	0	35	4	56043.9	199.246	51.0129
0.02736	0	30	5	56045.2	199.262	51.0099
0.0276	0	26	5	56046.8	199.28	51.0064
0.02784	0	33	4	56048.5	199.3	51.0028
0.02808	0	36	4	56050.1	199.319	50.9991
0.02832	0	27	8	56051.8	199.339	50.9953
0.02856	0	37	9	56053.8	199.362	50.991
0.0288	0	44	5	56055.7	199.384	50.9867
0.02904	0	52	9	56057.7	199.407	50.9824
0.02928	0	51	3	56059.8	199.431	50.9778
0.02952	0	42	6	56062	199.457	50.973
0.02976	0	54	9	56064.1	199.482	50.9682
0.03	0	69	5	56066.3	199.508	50.9634
0.03024	0	77	8	56068.9	199.538	50.9576
0.03048	0	65	9	56071.6	199.569	50.9519
0.03072	0	74	9	56074.2	199.599	50.9461
0.03096	0	80	12	56077	199.632	50.9398
0.0312	0	75	11	56080.2	199.669	50.9328
0.03144	0	71	5	56083.4	199.706	50.9258
0.03168	0	102	7	56086.6	199.744	50.9188
0.03192	0	88	7	56090.1	199.785	50.911
0.03216	0	99	8	56093.8	199.828	50.9029
0.0324	0	119	11	56097.4	199.871	50.8949
0.03264	0	131	8	56101.2	199.915	50.8866
0.03288	0	139	7	56105.3	199.962	50.8776
0.03312	0	145	7	56109.4	200.01	50.8686
0.03336	0	160	6	56113.5	200.058	50.8597
0.0336	0	154	11	56118	200.11	50.8499
0.03384	0	193	9	56122.5	200.163	50.8399
0.03408	0	207	11	56127.1	200.217	50.8299
0.03432	0	250	7	56131.8	200.271	50.8196
0.03456	0	227	6	56137.2	200.335	50.8077
0.0348	0	229	10	56142.6	200.398	50.7959
0.03504	0	233	7	56148.1	200.462	50.784
0.03528	0	279	6	56154	200.531	50.7711
0.03552	0	282	12	56160.3	200.605	50.7573
0.03576	0	335	4	56166.6	200.679	50.7435
0.036	0	349	10	56173	200.753	50.7297
0.03624	0	355	7	56180	200.835	50.7144
0.03648	0	401	6	56187	200.918	50.699
0.03672	0	445	10	56194.1	201	50.6837
0.03696	0	469	6	56201.4	201.086	50.6678
0.0372	0	485	11	56209.1	201.177	50.651
0.03744	0	519	1	56216.8	201.267	50.6343
0.03768	0	586	4	56224.5	201.358	50.6176
0.03792	0	614	5	56232.5	201.451	50.6004
0.03816	0	656	1	56240.4	201.544	50.5832
0.0384	0	759	2	56248.4	201.638	50.5659
0.03864	0	770	8	56256.3	201.73	50.5489
0.03888	0	801	4	56263.9	201.82	50.5324
0.03912	0	924	5	56271.6	201.91	50.5159
0.03936	0	1115	3	56279.2	202	50.4994
0.0396	0	999	7	56286.4	202.084	50.4841
0.03984	0	1139	2	56293.3	202.165	50.4692
0.04008	3	1156	13	56300.2	202.246	50.4544
0.04032	2	1438	13	56306.9	202.326	50.4399
0.04056	5	1322	3	56312.7	202.394	50.4274
0.0408	4	1438	4	56318.5	202.462	50.415
0.04104	6	1603	8	56324.3	202.531	50.4026
0.04128	10	1676	8	56327.9	202.573	50.3948
0.04152	14	1914	5	56329.9	202.597	50.3905
0.04176	18	1916	8	56331.9	202.621	50.3862
0.042	29	2092	7	56333.9	202.644	50.3819
0.04224	32	2320	4	56329.3	202.589	50.3919
0.04248	46	2545	6	56324.6	202.534	50.402
0.04272	64	2549	8	56319.9	202.479	50.412
0.04296	82	2907	10	56310.9	202.373	50.4312
0.0432	97	3018	7	56296.3	202.201	50.4627
0.04344	118	3158	6	56281.7	202.029	50.4942
0.04368	170	3538	1	56267	201.857	50.5257
0.04392	206	3863	3	56241.5	201.556	50.5809
0.04416	286	3925	3	56214.1	201.235	50.6402
0.0444	361	4224	2	56186.8	200.915	50.6996
0.04464	439	4633	2	56155.4	200.547	50.7681
0.04488	546	4661	4	56113.9	200.062	50.8589
0.04512	660	5082	2	56072.3	199.578	50.9501
0.04536	841	5637	1	56030.8	199.094	51.0418
0.0456	1007	5751	3	55978.6	198.488	51.1575
0.04584	1181	6149	0	55922.2	197.834	51.2834
0.04608	1412	6587	5	55865.7	197.182	51.41
0.04632	1657	6854	2	55807.7	196.514	51.5409
0.04656	1924	7119	3	55740.4	195.74	51.6939
0.0468	2238	7477	5	55673	194.969	51.848
0.04704	2675	8118	1	55605.7	194.2	52.0032
0.04728	3097	8311	3	55534.4	193.388	52.1687
0.04752	3407	8603	3	55460.1	192.545	52.3425
0.04776	3881	9007	1	55385.7	191.705	52.5176
0.048	4228	9332	1	55311.4	190.869	52.694
0.04824	4751	9855	1	55238.8	190.059	52.8484
0.04848	5381	10206	2	55166.1	189.251	53.001
0.04872	5883	10680	2	55093.4	188.442	53.1532
0.04896	6618	10715	1	55027.4	187.707	53.2913
0.0492	7167	10697	0	54970.1	187.069	53.4108
0.04944	7666	10939	2	54912.8	186.431	53.53
0.04968	8299	11279	2	54855.5	185.794	53.649
0.04992	9088	11683	1	54820.1	185.4	53.7225
0.05016	9609	11725	2	54788.3	185.046	53.7882
0.0504	10432	11899	4	54756.5	184.693	53.8539
0.05064	11119	11996	4	54733.7	184.439	53.9011
0.05088	11846	11916	4	54733.2	184.434	53.9021
0.05112	12328	12038	0	54732.7	184.428	53.9031
0.05136	12863	12240	2	54732.3	184.423	53.9041
0.0516	13339	11701	2	54753.8	184.663	53.8595
0.05184	13883	11824	3	54784.3	185.001	53.7966
0.05208	14281	11823	0	54814.7	185.34	53.7336
0.05232	14558	11618	2	54848.9	185.721	53.6626
0.05256	15007	11509	3	54906.1	186.357	53.5439
0.0528	15155	11014	4	54963.3	186.993	53.4249
0.05304	15142	10731	2	55020.4	187.63	53.3057
0.05328	15544	10883	1	55089.5	188.398	53.1614
0.05352	15572	10254	0	55167.5	189.267	52.998
0.05376	15565	9977	4	55245.5	190.135	52.8342
0.054	15537	9702	1	55323.6	191.005	52.6652
0.05424	15213	9146	0	55409.9	191.978	52.4606
0.05448	15008	8829	4	55496.2	192.955	52.2578
0.05472	14770	8464	2	55582.5	193.936	52.0568
0.05496	14463	7910	2	55667.3	194.903	51.8612
0.0552	13847	7529	1	55750.1	195.851	51.6719
0.05544	13381	7053	6	55832.8	196.803	51.4843
0.05568	12729	6447	3	55915.6	197.758	51.2982
0.05592	12359	6084	3	55989.7	198.617	51.1329
0.05616	11731	5525	2	56062.4	199.462	50.972
0.0564	11238	5283	2	56135.1	200.31	50.8123
0.05664	10690	4789	3	56202.9	201.103	50.6646
0.05688	9914	4536	2	56258.2	201.753	50.5448
0.05712	9297	3853	3	56313.5	202.404	50.4257
0.05736	8633	3419	3	56368.9	203.057	50.3072
0.0576	7861	3195	0	56408.2	203.522	50.2233
0.05784	7207	2843	0	56441.2	203.913	50.1533
0.05808	6495	2567	1	56474.2	204.305	50.0835
0.05832	5901	2165	1	56504	204.658	50.0207
0.05856	5342	1937	1	56514.5	204.783	49.9986
0.0588	4704	1724	5	56525	204.908	49.9766
0.05904	4287	1419	1	56535.5	205.033	49.9546
0.05928	3614	1322	0	56536.4	205.044	49.9526
0.05952	3203	1094	4	56530.2	204.97	49.9657
0.05976	2759	917	1	56524	204.896	49.9787
0.06	2403	741	0	56517.8	204.822	49.9918
0.06024	2087	617	5	56501.9	204.633	50.0252
0.06048	1799	524	1	56486	204.444	50.0587
0.06072	1490	422	3	56470.1	204.256	50.0922
0.06096	1202	373	1	56452.5	204.046	50.1295
0.0612	1026	283	2	56432.5	203.809	50.1718
0.06144	811	236	1	56412.5	203.573	50.2142
0.06168	775	187	1	56392.5	203.336	50.2567
0.06192	629	161	0	56372.6	203.1	50.2993
0.06216	480	116	2	56352.6	202.865	50.3419
0.0624	325	80	2	56332.7	202.63	50.3846
0.06264	279	78	1	56313.4	202.402	50.426
0.06288	232	68	1	56295.7	202.193	50.4641
0.06312	189	42	0	56277.9	201.985	50.5022
0.06336	142	22	1	56260.2	201.777	50.5404
0.0636	100	20	1	56245	201.598	50.5733
0.06384	83	14	0	56230.8	201.431	50.6041
0.06408	52	19	3	56216.6	201.264	50.6349
0.06432	52	12	0	56202.8	201.103	50.6647
0.06456	43	6	0	56192	200.976	50.6883
0.0648	31	8	1	56181.1	200.848	50.712
0.06504	14	4	2	56170.2	200.721	50.7357
0.06528	18	2	0	56160.9	200.612	50.756
0.06552	8	2	1	56152.7	200.516	50.7739
0.06576	7	0	0	56144.5	200.42	50.7918
0.066	6	2	1	56136.3	200.324	50.8097
0.06624	1	0	0	56130.2	200.252	50.8232
0.06648	0	0	0	56124	200.18	50.8367
0.06672	0	0	0	56117.8	200.109	50.8502
0.06696	0	0	0	56112.3	200.044	50.8623
0.0672	0	0	0	56107.7	199.99	50.8725
0.06744	0	0	0	56103	199.936	50.8827
0.06768	0	0	0	56098.4	199.881	50.8929
0.06792	0	0	0	56094.7	199.838	50.901
0.06816	0	0	0	56091.1	199.797	50.9088
0.0684	0	0	0	56087.6	199.755	50.9166
0.06864	0	0	0	56084.3	199.717	50.9239
0.06888	0	0	0	56081.5	199.685	50.9299
0.06912	0	0	0	56078.8	199.653	50.936
0.06936	0	3	0	56076	199.621	50.942
0.0696	0	0	0	56073.7	199.594	50.9471
0.06984	0	0	0	56071.5	199.569	50.9519
0.07008	0	0	0	56069.4	199.544	50.9566
0.07032	0	0	0	56067.3	199.519	50.9612
0.07056	0	0	0	56065.6	199.5	50.9649
0.0708	0	0	0	56064	199.48	50.9686
0.07104	0	0	0	56062.3	199.461	50.9723
0.07128	0	0	0	56060.8	199.443	50.9756
0.07152	0	0	0	56059.5	199.428	50.9785
0.07176	0	0	0	56058.2	199.413	50.9814
0.072	0	1	0	56056.8	199.397	50.9843
0.07224	0	1	0	56055.8	199.385	50.9866
0.07248	0	1	0	56054.8	199.373	50.9889
0.07272	0	2	1	56053.7	199.361	50.9912
0.07296	0	3	0	56052.8	199.35	50.9932
0.0732	0	1	0	56052	199.341	50.995
0.07344	0	2	0	56051.2	199.331	50.9968
0.07368	0	4	0	56050.4	199.322	50.9985
0.07392	0	2	0	56049.8	199.315	50.9999
0.07416	0	4	0	56049.2	199.308	51.0011
0.0744	0	0	1	56048.6	199.302	51.0024
0.07464	0	1	0	56048.1	199.296	51.0035
0.07488	0	2	1	56047.8	199.292	51.0043
0.07512	0	4	1	56047.4	199.288	51.0051
0.07536	0	1	0	56047.1	199.283	51.0059
0.0756	0	3	1	56046.8	199.281	51.0064
0.07584	0	4	0	56046.6	199.278	51.0069
0.07608	0	7	2	56046.4	199.276	51.0073
0.07632	0	10	0	56046.2	199.274	51.0077
0.07656	0	1	0	56046.2	199.273	51.0078
0.0768	0	7	1	56046.2	199.273	51.0079
0.07704	0	4	1	56046.1	199.272	51.008
0.07728	0	3	1	56046.2	199.273	51.0079
0.07752	0	7	0	56046.3	199.274	51.0076
0.07776	0	14	1	56046.4	199.276	51.0074
0.078	0	6	1	56046.5	199.277	51.0071
0.07824	0	10	3	56046.8	199.28	51.0065
0.07848	0	17	1	56047	199.283	51.0059
0.07872	0	13	2	56047.3	199.286	51.0054
0.07896	0	14	2	56047.7	199.291	51.0045
0.0792	0	10	3	56048.2	199.297	51.0034
0.07944	0	14	3	56048.7	199.303	51.0022
0.07968	0	13	6	56049.2	199.309	51.0011
0.07992	0	8	7	56050	199.317	50.9995
0.08016	0	13	1	56050.7	199.326	50.9978
0.0804	0	11	4	56051.5	199.335	50.9961
0.08064	0	23	4	56052.3	199.344	50.9944
0.08088	0	25	3	56053.2	199.355	50.9923
0.08112	0	23	6	56054.1	199.365	50.9903
0.08136	0	18	5	56055	199.376	50.9883
0.0816	0	32	3	56056.1	199.389	50.986
0.08184	0	22	5	56057.2	199.401	50.9835
0.08208	0	34	6	56058.3	199.414	50.981
0.08232	0	30	3	56059.5	199.428	50.9785
0.08256	0	35	6	56060.8	199.443	50.9756
0.0828	0	29	6	56062.1	199.458	50.9727
0.08304	0	46	6	56063.4	199.474	50.9698
0.08328	0	52	6	56064.9	199.491	50.9666
0.08352	0	57	7	56066.5	199.51	50.963
0.08376	0	50	7	56068.1	199.528	50.9595
0.084	0	56	6	56069.7	199.547	50.9559
0.08424	0	39	6	56071.7	199.57	50.9515
0.08448	0	52	5	56073.7	199.594	50.9471
0.08472	0	52	10	56075.7	199.617	50.9427
0.08496	0	91	8	56077.9	199.642	50.9379
0.0852	0	72	6	56080.3	199.67	50.9327
0.08544	0	83	11	56082.7	199.698	50.9274
0.08568	0	85	10	56085.1	199.726	50.9221
0.08592	0	88	8	56087.9	199.759	50.916
0.08616	0	83	16	56090.7	199.792	50.9097
0.0864	0	99	9	56093.6	199.825	50.9034
0.08664	0	118	11	56096.6	199.86	50.8969
0.08688	0	137	11	56099.9	199.899	50.8895
0.08712	0	132	11	56103.3	199.938	50.8822
0.08736	0	121	10	56106.6	199.977	50.8748
0.0876	0	143	9	56110.3	200.02	50.8667
0.08784	0	152	11	56114.1	200.065	50.8584
0.08808	0	163	8	56117.9	200.109	50.85
0.08832	0	203	12	56121.8	200.155	50.8415
0.08856	0	176	5	56126	200.204	50.8323
0.0888	0	206	12	56130.2	200.253	50.8231
0.08904	0	226	7	56134.4	200.302	50.814
0.08928	0	255	4	56138.9	200.354	50.8041
0.08952	0	306	6	56143.6	200.41	50.7937
0.08976	0	280	8	56148.4	200.465	50.7834
0.09	0	273	8	56153.1	200.521	50.773
0.09024	0	311	9	56158.7	200.586	50.7608
0.09048	0	319	11	56164.3	200.651	50.7486
0.09072	0	408	7	56169.9	200.717	50.7365
0.09096	0	405	5	56175.9	200.787	50.7234
0.0912	0	404	9	56182.4	200.864	50.7091
0.09144	0	399	11	56189	200.941	50.6948
0.09168	0	463	3	56195.6	201.018	50.6805
0.09192	0	501	9	56202.6	201.1	50.6653
0.09216	0	526	11	56209.6	201.183	50.6499
0.0924	0	573	18	56216.7	201.266	50.6346
0.09264	0	624	14	56223.7	201.347	50.6195
0.09288	1	733	8	56230.3	201.425	50.6051
0.09312	2	772	6	56237	201.503	50.5907
0.09336	2	841	8	56243.6	201.582	50.5763
0.0936	2	868	5	56249.9	201.656	50.5626
0.09384	2	952	12	56256.1	201.728	50.5493
0.09408	4	1000	7	56262.3	201.801	50.536
0.09432	8	1059	13	56268.4	201.873	50.5228
0.09456	5	1159	5	56274.1	201.94	50.5105
0.0948	10	1142	10	56279.8	202.007	50.4982
0.09504	13	1304	7	56285.5	202.074	50.486
0.09528	16	1380	14	56289.5	202.121	50.4772
0.09552	20	1492	11	56292.4	202.155	50.4711
0.09576	26	1694	7	56295.2	202.188	50.465
0.096	37	1767	1	56298.1	202.222	50.4588
0.09624	46	1787	5	56295.3	202.189	50.4648
0.09648	54	2003	5	56292.5	202.156	50.4708
0.09672	48	2237	7	56289.7	202.123	50.4768
0.09696	83	2375	4	56283.3	202.048	50.4906
0.0972	76	2475	8	56272.1	201.916	50.5148
0.09744	92	2694	5	56260.9	201.784	50.539
0.09768	114	2889	6	56249.6	201.652	50.5633
0.09792	158	3091	10	56229	201.41	50.608
0.09816	193	3235	4	56206.8	201.149	50.6561
0.0984	221	3583	7	56184.6	200.889	50.7044
0.09864	288	3769	8	56159	200.589	50.7602
0.09888	417	4047	3	56124.9	200.19	50.8348
0.09912	556	4260	5	56090.7	199.792	50.9097
0.09936	684	4497	9	56056.6	199.395	50.9848
0.0996	796	4842	6	56012.6	198.882	51.0822
0.09984	907	5058	16	55964.5	198.325	51.1889
0.10008	1177	5479	7	55916.5	197.769	51.2961
0.10032	1284	5798	15	55866.6	197.192	51.4081
0.10056	1489	6088	6	55805.4	196.487	51.5461
0.1008	1719	6224	9	55744.3	195.785	51.685
0.10104	1938	6816	7	55683.1	195.084	51.8248
0.10128	2259	6991	7	55617.5	194.334	51.9759
0.10152	2685	7304	6	55548.5	193.548	52.1358
0.10176	3166	7699	7	55479.5	192.765	52.2969
0.102	3397	7814	5	55410.5	191.984	52.4592
0.10224	3944	8493	14	55344	191.235	52.6166
0.10248	4280	8541	13	55277.5	190.49	52.767
0.10272	4965	8742	12	55211	189.75	52.9068
0.10296	5385	9205	9	55151.4	189.088	53.0317
0.1032	5951	9454	13	55101.2	188.528	53.137
0.10344	6710	9365	16	55050.9	187.969	53.2421
0.10368	7146	9742	14	55000.6	187.409	53.3471
0.10392	7776	9633	10	54972.3	187.094	53.4061
0.10416	8708	9940	9	54947.7	186.82	53.4573
0.1044	9137	10072	15	54923.1	186.546	53.5086
0.10464	9668	10407	15	54907.8	186.376	53.5404
0.10488	10310	10401	13	54915.8	186.465	53.5238
0.10512	10818	10218	16	54923.7	186.554	53.5072
0.10536	11302	10103	6	54931.7	186.643	53.4905
0.1056	12293	10244	10	54964.8	187.011	53.4217
0.10584	12390	10179	15	55007.9	187.49	53.3319
0.10608	12793	9978	14	55051	187.97	53.2419
0.10632	13251	9713	8	55098	188.493	53.1436
0.10656	13406	9592	12	55168.5	189.278	52.996
0.1068	13531	9374	9	55239	190.062	52.8479
0.10704	13632	9105	14	55309.5	190.847	52.6986
0.10728	13471	8550	10	55390.2	191.756	52.507
0.10752	13398	8397	11	55478.6	192.755	52.2991
0.10776	13494	7941	7	55566.9	193.758	52.093
0.108	13226	7629	5	55655.3	194.766	51.8888
0.10824	12876	7318	3	55747.5	195.822	51.6777
0.10848	12548	6643	10	55839.8	196.883	51.4686
0.10872	12174	6258	5	55932	197.948	51.2614
0.10896	11584	5978	8	56018.5	198.951	51.069
0.1092	10897	5512	4	56097.3	199.869	50.8952
0.10944	10583	5017	19	56176.1	200.79	50.7229
0.10968	9821	4893	14	56254.9	201.714	50.5519
0.10992	9043	4480	7	56313.1	202.399	50.4265
0.11016	8482	4037	4	56367.9	203.046	50.3092
0.1104	7744	3647	9	56422.7	203.694	50.1925
0.11064	7092	3541	4	56469.9	204.253	50.0927
0.11088	6518	3239	0	56497.8	204.584	50.0339
0.11112	5806	3042	5	56525.7	204.916	49.9752
0.11136	5286	2675	5	56553.6	205.248	49.9167
0.1116	4786	2607	4	56565.3	205.387	49.8922
0.11184	4232	2412	4	56570.5	205.449	49.8813
0.11208	3710	2112	3	56575.7	205.512	49.8705
0.11232	3337	2069	1	56578.4	205.544	49.8648
0.11256	2866	1939	5	56566.1	205.398	49.8904
0.1128	2541	1986	2	56553.9	205.252	49.916
0.11304	2228	1906	2	56541.6	205.106	49.9417
0.11328	1874	1868	4	56522.4	204.877	49.9821
0.11352	1688	1788	3	56497.9	204.586	50.0335
0.11376	1471	1830	9	56473.5	204.295	50.0851
0.114	1269	1855	4	56449	204.005	50.1368
0.11424	1162	1953	4	56417.1	203.627	50.2044
0.11448	1069	1991	1	56385.3	203.25	50.2722
0.11472	999	2144	5	56353.4	202.874	50.3403
0.11496	942	2141	6	56319.3	202.472	50.4133
0.1152	963	2202	5	56282.3	202.036	50.4929
0.11544	891	2193	3	56245.2	201.6	50.5729
0.11568	897	2459	6	56208.2	201.166	50.6531
0.11592	1003	2589	4	56167.2	200.685	50.7423
0.11616	974	2684	1	56125.5	200.198	50.8333
0.1164	1023	2901	3	56083.9	199.712	50.9247
0.11664	1156	2970	2	56041.1	199.214	51.019
0.11688	1322	3115	2	55995.6	198.686	51.1197
0.11712	1514	3246	6	55950.1	198.158	51.2209
0.11736	1513	3377	5	55904.7	197.632	51.3226
0.1176	1708	3442	3	55857.5	197.087	51.4286
0.11784	2004	3826	3	55809.7	196.536	51.5365
0.11808	2135	3675	10	55761.9	195.986	51.6451
0.11832	2306	3837	6	55715.9	195.459	51.7499
0.11856	2400	4117	5	55681	195.06	51.8297
0.1188	2771	4117	6	55646.2	194.662	51.9098
0.11904	2863	4106	2	55611.3	194.264	51.9902
0.11928	2908	4217	5	55615.6	194.313	51.9802
0.11952	2844	4238	9	55649.3	194.698	51.9025
0.11976	0	3819	7	55683	195.083	51.8251
