0	0	0	0	56660.8	206.529	49.6934
0.00024	0	0	0	56666.2	206.593	49.6824
0.00048	0	0	0	56671.5	206.657	49.6714
0.00072	0	0	0	56676.8	206.721	49.6603
0.00096	0	0	0	56682.2	206.785	49.6492
0.0012	0	0	0	56687.8	206.852	49.6377
0.00144	0	0	0	56693.3	206.918	49.6263
0.00168	0	0	0	56698.9	206.985	49.6148
0.00192	0	0	0	56704.6	207.054	49.603
0.00216	0	0	0	56710.4	207.123	49.5911
0.0024	0	0	0	56716.1	207.192	49.5792
0.00264	0	0	0	56722	207.262	49.5672
0.00288	0	0	0	56728	207.335	49.5548
0.00312	0	0	0	56734	207.407	49.5424
0.00336	0	0	0	56740	207.479	49.5301
0.0036	0	0	0	56746.2	207.554	49.5174
0.00384	0	0	0	56752.5	207.629	49.5045
0.00408	0	0	0	56758.8	207.705	49.4916
0.00432	0	0	0	56765.1	207.781	49.4787
0.00456	0	0	0	56771.7	207.86	49.4653
0.0048	0	0	0	56778.2	207.938	49.4519
0.00504	0	0	0	56784.8	208.017	49.4385
0.00528	0	0	0	56791.5	208.098	49.4248
0.00552	0	0	0	56798.3	208.181	49.4108
0.00576	0	0	0	56805.1	208.263	49.3969
0.006	0	0	0	56812	208.345	49.383
0.00624	0	0	0	56819.1	208.431	49.3684
0.00648	0	0	0	56826.3	208.518	49.3539
0.00672	0	0	0	56833.4	208.604	49.3394
0.00696	0	0	0	56840.7	208.692	49.3246
0.0072	0	0	0	56848.2	208.782	49.3094
0.00744	0	0	0	56855.6	208.872	49.2943
0.00768	0	0	0	56863.1	208.962	49.2791
0.00792	0	0	0	56870.8	209.056	49.2634
0.00816	0	0	0	56878.7	209.15	49.2476
0.0084	0	0	0	56886.5	209.245	49.2318
0.00864	0	0	0	56894.4	209.341	49.2158
0.00888	0	0	0	56902.6	209.44	49.1993
0.00912	0	0	0	56910.7	209.539	49.1828
0.00936	0	0	0	56918.9	209.638	49.1664
0.0096	0	0	0	56927.3	209.74	49.1493
0.00984	0	1	0	56935.9	209.844	49.1321
0.01008	0	0	0	56944.5	209.948	49.1149
0.01032	0	0	0	56953.1	210.052	49.0976
0.01056	0	0	0	56962.1	210.161	49.0796
0.0108	0	0	0	56971	210.27	49.0616
0.01104	0	1	0	56980	210.379	49.0437
0.01128	0	0	0	56989.2	210.491	49.0252
0.01152	0	2	0	56998.6	210.606	49.0064
0.01176	0	0	0	57008	210.72	48.9876
0.012	0	0	0	57017.4	210.834	48.9689
0.01224	0	0	0	57027.3	210.955	48.9492
0.01248	0	0	0	57037.2	211.075	48.9295
0.01272	0	3	0	57047.1	211.199	48.9132
0.01296	0	0	2	57057.2	211.329	48.8986
0.0132	0	0	0	57067.6	211.462	48.8836
0.01344	0	0	0	57077.9	211.596	48.8685
0.01368	0	1	1	57088.3	211.729	48.8535
0.01392	0	1	0	57099.2	211.868	48.8378
0.01416	0	0	0	57110.1	212.008	48.8221
0.0144	0	0	0	57121	212.149	48.8063
0.01464	0	0	0	57132.1	212.291	48.7904
0.01488	0	3	0	57143.5	212.439	48.7738
0.01512	0	2	0	57155	212.586	48.7573
0.01536	0	1	0	57166.5	212.734	48.7408
0.0156	0	0	1	57178.4	212.888	48.7237
0.01584	0	0	0	57190.5	213.043	48.7064
0.01608	0	1	0	57202.6	213.199	48.689
0.01632	0	1	1	57214.8	213.356	48.6716
0.01656	0	5	1	57227.5	213.521	48.6534
0.0168	0	1	0	57240.3	213.685	48.6352
0.01704	0	3	0	57253	213.849	48.617
0.01728	0	0	1	57266.2	214.019	48.5982
0.01752	0	0	1	57279.6	214.193	48.5791
0.01776	0	5	2	57293.1	214.366	48.56
0.018	0	4	1	57306.5	214.54	48.5409
0.01824	0	3	0	57320.7	214.724	48.5207
0.01848	0	4	0	57334.9	214.907	48.5006
0.01872	0	1	3	57349.1	215.091	48.4805
0.01896	0	8	1	57363.7	215.279	48.4599
0.0192	0	4	2	57378.7	215.474	48.4387
0.01944	0	3	1	57393.7	215.668	48.4175
0.01968	0	2	2	57408.7	215.863	48.3964
0.01992	0	4	3	57424.5	216.067	48.3742
0.02016	0	4	1	57440.4	216.273	48.3518
0.0204	0	3	4	57456.3	216.48	48.3295
0.02064	0	3	0	57472.5	216.689	48.3069
0.02088	0	4	0	57489.3	216.908	48.2833
0.02112	0	6	0	57506.2	217.127	48.2598
0.02136	0	7	0	57523	217.345	48.2363
0.0216	0	7	2	57540.6	217.574	48.2118
0.02184	0	6	0	57558.4	217.806	48.187
0.02208	0	8	0	57576.3	218.038	48.1622
0.02232	0	9	4	57594.3	218.273	48.1372
0.02256	0	7	2	57613.3	218.52	48.1109
0.0228	0	6	3	57632.3	218.767	48.0847
0.02304	0	7	1	57651.2	219.014	48.0585
0.02328	0	8	1	57670.9	219.271	48.0314
0.02352	0	5	7	57691.1	219.534	48.0036
0.02376	0	19	2	57711.2	219.797	47.9759
0.024	0	13	3	57731.4	220.061	47.9483
0.02424	0	11	5	57752.9	220.341	47.9189
0.02448	0	13	3	57774.4	220.622	47.8895
0.02472	0	16	4	57795.8	220.903	47.8603
0.02496	0	17	2	57817.9	221.192	47.8302
0.0252	0	14	4	57840.8	221.492	47.7991
0.02544	0	15	6	57863.7	221.792	47.7681
0.02568	0	13	0	57886.6	222.092	47.7371
0.02592	0	17	4	57910.8	222.409	47.7044
0.02616	0	24	3	57935.2	222.73	47.6715
0.0264	0	24	4	57959.6	223.05	47.6387
0.02664	0	25	3	57984.5	223.378	47.6052
0.02688	0	27	4	58010.6	223.721	47.5703
0.02712	0	35	4	58036.7	224.064	47.5354
0.02736	0	30	5	58062.8	224.407	47.5007
0.0276	0	26	5	58090.2	224.769	47.4642
0.02784	0	33	4	58118.2	225.137	47.4271
0.02808	0	36	4	58146.1	225.506	47.3901
0.02832	0	27	8	58174.4	225.878	47.3528
0.02856	0	37	9	58204.3	226.274	47.3133
0.0288	0	44	5	58234.3	226.67	47.274
0.02904	0	52	9	58264.3	227.066	47.2347
0.02928	0	51	3	58295.5	227.479	47.1939
0.02952	0	42	6	58327.6	227.905	47.152
0.02976	0	54	9	58359.7	228.331	47.1102
0.03	0	69	5	58391.8	228.757	47.0686
0.03024	0	77	8	58426.4	229.216	47.0239
0.03048	0	65	9	58461	229.675	46.9794
0.03072	0	74	9	58495.5	230.134	46.935
0.03096	0	80	12	58531.2	230.609	46.8892
0.0312	0	75	11	58568.5	231.105	46.8416
0.03144	0	71	5	58605.7	231.602	46.7942
0.03168	0	102	7	58643	232.099	46.7469
0.03192	0	88	7	58682.7	232.629	46.6967
0.03216	0	99	8	58722.8	233.165	46.6461
0.0324	0	119	11	58762.9	233.702	46.5957
0.03264	0	131	8	58804	234.227	46.5303
0.03288	0	139	7	58847.2	234.77	46.4549
0.03312	0	145	7	58890.5	235.312	46.3797
0.03336	0	160	6	58933.8	235.855	46.3046
0.0336	0	154	11	58979.5	236.429	46.2254
0.03384	0	193	9	59026.2	237.015	46.1446
0.03408	0	207	11	59072.9	237.601	46.064
0.03432	0	250	7	59120.2	238.193	45.9825
0.03456	0	227	6	59170.8	238.828	45.8955
0.0348	0	229	10	59221.4	239.463	45.8086
0.03504	0	233	7	59272.1	240.098	45.722
0.03528	0	279	6	59325.1	240.764	45.6313
0.03552	0	282	12	59380	241.452	45.5377
0.03576	0	335	4	59434.9	242.14	45.4443
0.036	0	349	10	59489.8	242.829	45.3511
0.03624	0	355	7	59549.3	243.575	45.2502
0.03648	0	401	6	59608.8	244.321	45.1496
0.03672	0	445	10	59668.4	245.067	45.0492
0.03696	0	469	6	59730.1	245.841	44.9455
0.0372	0	485	11	59794.7	246.65	44.8371
0.03744	0	519	1	59859.3	247.459	44.7289
0.03768	0	586	4	59923.9	248.269	44.6211
0.03792	0	614	5	59993.2	249.137	44.5057
0.03816	0	656	1	60063.3	250.014	44.3893
0.0384	0	759	2	60133.4	250.891	44.2732
0.03864	0	770	8	60205.2	251.789	44.1546
0.03888	0	801	4	60281.3	252.74	44.0294
0.03912	0	924	5	60357.4	253.691	43.9045
0.03936	0	1115	3	60433.5	254.641	43.7801
0.0396	0	999	7	60514.3	255.651	43.6497
0.03984	0	1139	2	60597	256.719	43.5445
0.04008	0	1156	13	60679.7	257.789	43.4401
0.04032	0	1438	13	60763.5	258.876	43.3349
0.04056	0	1322	3	60853.8	260.049	43.2225
0.0408	0	1439	4	60944	261.224	43.1108
0.04104	0	1604	8	61034.2	262.402	43
0.04128	0	1683	8	61129	263.642	42.8844
0.04152	0	1915	5	61227.1	264.928	42.7657
0.04176	0	1918	8	61325.2	266.218	42.6479
0.042	0	2100	8	61423.3	267.511	42.531
0.04224	0	2332	5	61529.7	268.918	42.4052
0.04248	0	2548	10	61636.2	270.328	42.2805
0.04272	0	2575	11	61742.6	271.742	42.1568
0.04296	0	2937	12	61852.9	273.21	42.0297
0.0432	0	3063	9	61968.2	274.75	41.898
0.04344	0	3211	8	62083.6	276.295	41.7675
0.04368	0	3578	5	62199	277.844	41.6382
0.04392	0	3945	7	62322.5	279.529	41.4805
0.04416	0	4016	5	62447.3	281.246	41.31
0.0444	0	4338	5	62572.2	282.961	41.1407
0.04464	0	4811	5	62699.9	284.712	40.9688
0.04488	0	4856	10	62834.8	286.559	40.7887
0.04512	0	5403	5	62969.7	288.403	40.61
0.04536	0	6017	2	63104.5	290.243	40.4326
0.0456	0	6148	6	63246.4	292.175	40.2476
0.04584	0	6692	4	63391	294.14	40.0605
0.04608	0	7341	6	63535.6	296.1	39.875
0.04632	0	7734	6	63681.6	298.075	39.6892
0.04656	0	8222	7	63836	300.158	39.4944
0.0468	0	8766	6	63990.4	302.225	39.3036
0.04704	0	9729	2	64144.8	304.163	39.145
0.04728	0	10273	4	64303.8	306.151	38.9837
0.04752	0	10993	5	64466.2	308.176	38.821
0.04776	0	11907	2	64628.6	310.193	38.6603
0.048	0	12528	4	64791	312.202	38.5017
0.04824	0	13714	1	64960.6	314.293	38.3381
0.04848	0	14630	6	65130.3	316.375	38.1766
0.04872	0	15864	4	65299.9	318.448	38.0173
0.04896	0	16831	4	65472.1	320.542	37.8579
0.0492	0	17698	0	65647.7	322.666	37.6975
0.04944	0	18864	5	65823.2	324.807	37.5311
0.04968	0	20213	5	65998.8	326.977	37.3587
0.04992	0	22027	2	66176.1	329.188	37.1827
0.05016	0	23404	4	66353.6	331.421	37.0048
0.0504	0	24646	8	66531.2	333.672	36.825
0.05064	0	26778	8	66708.1	335.935	36.6443
0.05088	0	28279	4	66883.3	338.195	36.4637
0.05112	0	30159	3	67058.5	340.474	36.2814
0.05136	0	32355	3	67233.8	342.772	36.0976
0.0516	0	34354	2	67401.8	344.995	35.9199
0.05184	0	36456	4	67567	347.309	35.7233
0.05208	0	39191	3	67732.2	349.678	35.5212
0.05232	0	41219	2	67895.2	352.023	35.3251
0.05256	0	44021	5	68044.3	354.179	35.1483
0.0528	0	46541	4	68193.4	356.342	34.9741
0.05304	0	49216	2	68342.6	358.513	34.8026
0.05328	0	53047	3	68474.7	360.443	34.6527
0.05352	0	55863	0	68594	362.192	34.519
0.05376	0	58695	4	68713.4	363.945	34.3869
0.054	0	62472	1	68832.7	365.703	34.2565
0.05424	0	65554	2	68916.3	366.939	34.1659
0.05448	0	69303	4	69000	368.176	34.0762
0.05472	0	73421	4	69083.6	369.417	33.9872
0.05496	0	75970	2	69148.3	370.378	33.9189
0.0552	0	80896	3	69187.9	370.963	33.879
0.05544	0	84637	6	69227.4	371.518	33.8529
0.05568	0	88976	4	69266.9	372.074	33.8267
0.05592	0	92578	4	69257.9	371.947	33.8327
0.05616	0	96615	3	69240.8	371.707	33.844
0.0564	0	101507	2	69223.8	371.467	33.8553
0.05664	0	105052	4	69189.8	370.99	33.8777
0.05688	0	110401	4	69113.6	369.862	33.9555
0.05712	0	115073	3	69037.4	368.732	34.0363
0.05736	0	118765	5	68961.2	367.603	34.1177
0.0576	0	122404	1	68838.9	365.794	34.2498
0.05784	0	126748	0	68698	363.719	34.4038
0.05808	0	132393	4	68557.2	361.651	34.5601
0.05832	0	134526	4	68409.1	359.484	34.7268
0.05856	0	138883	1	68217.8	356.696	34.946
0.0588	0	143577	5	68026.4	353.92	35.1693
0.05904	0	146907	2	67835.1	351.157	35.397
0.05928	0	149950	0	67616.3	348.014	35.6627
0.05952	0	152521	7	67376.8	344.663	35.9464
0.05976	0	155570	3	67137.4	341.506	36.1989
0.06	0	158538	2	66898	338.385	36.4485
0.06024	0	161595	8	66627.4	334.901	36.7269
0.06048	0	164518	3	66356.9	331.462	37.0014
0.06072	0	167606	4	66086.4	328.068	37.2719
0.06096	0	169185	3	65809.6	324.638	37.5445
0.0612	0	170865	3	65524.2	321.174	37.81
0.06144	0	173779	3	65238.9	317.704	38.0744
0.06168	0	176172	2	64953.6	314.207	38.3448
0.06192	0	176680	1	64663.7	310.629	38.6258
0.06216	0	176155	2	64373.1	307.016	38.914
0.0624	0	178524	2	64082.5	303.381	39.2088
0.06264	0	178618	5	63795.7	299.615	39.5451
0.06288	0	179836	5	63518.3	295.867	39.897
0.06312	0	180605	2	63241	292.101	40.2547
0.06336	0	181994	2	62963.6	288.32	40.618
0.0636	0	181188	2	62689.1	284.564	40.9834
0.06384	0	181899	7	62415.8	280.812	41.353
0.06408	0	184010	4	62142.4	277.084	41.7014
0.06432	0	183959	3	61871.4	273.458	42.0084
0.06456	0	181706	2	61614.4	270.039	42.3059
0.0648	0	183703	2	61357.3	266.642	42.6095
0.06504	0	183780	13	61100.3	263.266	42.9193
0.06528	0	182811	8	60850.4	260.004	43.2267
0.06552	0	181806	7	60605.8	256.833	43.5334
0.06576	0	182620	4	60361.2	253.738	43.8983
0.066	0	180791	6	60116.6	250.681	44.301
0.06624	0	179899	4	59898.9	247.956	44.6627
0.06648	0	181755	7	59681.2	245.228	45.0276
0.06672	0	178140	88	59463.5	242.499	45.3957
0.06696	0	177975	186	59265.2	240.012	45.7336
0.0672	0	175673	523	59093	237.852	46.0294
0.06744	0	176949	973	58920.7	235.691	46.3273
0.06768	0	174121	2099	58748.5	233.508	46.6138
0.06792	0	172036	2665	58613.4	231.704	46.7844
0.06816	0	172486	3348	58484.5	229.988	46.9491
0.0684	0	172936	4028	58355.7	228.277	47.1155
0.06864	0	173352	5587	58244.7	226.808	47.2603
0.06888	0	170757	8378	58178.8	225.936	47.347
0.06912	0	172408	11134	58112.8	225.066	47.4342
0.06936	0	172107	14302	58046.8	224.197	47.522
0.0696	0	172283	15830	58025.7	223.918	47.5502
0.06984	0	171935	19357	58022.4	223.876	47.5545
0.07008	0	175567	21734	58019.2	223.834	47.5588
0.07032	0	177676	25468	58026.7	223.932	47.5489
0.07056	0	177889	32089	58098.3	224.875	47.4535
0.0708	0	179288	33344	58169.9	225.819	47.3587
0.07104	0	182617	37751	58241.5	226.765	47.2645
0.07128	0	182016	44579	58352.9	228.241	47.1191
0.07152	0	186028	47171	58494.2	230.117	46.9366
0.07176	0	188803	48819	58635.5	231.999	46.7564
0.072	0	190600	57296	58776.8	233.886	46.5777
0.07224	0	194271	61210	58977.4	236.402	46.2291
0.07248	0	197905	64837	59177.9	238.917	45.8833
0.07272	0	203238	69755	59378.5	241.433	45.5402
0.07296	0	207299	76043	59601.2	244.226	45.1625
0.0732	0	212484	80847	59853.4	247.386	44.7388
0.07344	0	219946	84802	60105.5	250.542	44.3193
0.07368	0	224070	90154	60357.7	253.695	43.904
0.07392	0	228990	99319	60650.4	257.41	43.477
0.07416	0	235874	102647	60950	261.302	43.1035
0.0744	0	243168	109737	61249.5	265.222	42.7388
0.07464	0	251101	116551	61563.1	269.36	42.3659
0.07488	0	258363	123159	61912.2	274.001	41.9619
0.07512	0	267982	130696	62261.2	278.686	41.5646
0.07536	0	277006	137168	62610.3	283.483	41.0894
0.0756	0	286846	143071	62961.2	288.287	40.6212
0.07584	0	296204	150326	63312.8	293.078	40.1615
0.07608	0	309175	155254	63664.4	297.843	39.7109
0.07632	0	322974	163757	64006.4	302.426	39.2871
0.07656	0	337300	172074	64290.3	305.983	38.9973
0.0768	0	350955	177476	64574.3	309.519	38.7138
0.07704	0	368675	185533	64858.2	313.033	38.4365
0.07728	0	387692	198206	65006.9	314.863	38.2938
0.07752	0	407076	205437	65054.2	315.442	38.2488
0.07776	0	432289	211510	65101.4	316.022	38.2039
0.078	0	455465	222212	65148.6	316.6	38.1593
0.07824	0	484397	240860	64689.4	310.946	38.6006
0.07848	0	517212	245848	64230.2	305.231	39.0582
0.07872	0	551571	257211	63771	299.281	39.5762
0.07896	0	591892	274265	62953.1	288.177	40.6318
0.0792	0	627176	284517	61657.1	270.606	42.256
0.07944	0	665499	289755	60361.2	253.738	43.8984
0.07968	0	712185	301016	59065.2	237.503	46.0774
0.07992	0	761242	320536	57036	211.06	48.9319
0.08016	0	789812	323319	54884.6	186.118	53.5885
0.0804	0	815546	330707	52733.2	161.912	57.7535
0.08064	0	840846	349341	50520.3	137.849	63.5535
0.08088	0	860579	366951	48153.3	113.104	70.8131
0.08112	0	853703	365657	45786.3	95.5676	87.9878
0.08136	0	848947	382926	43419.3	74.2532	95.1877
0.0816	0	858219	426466	41518	56.0407	98.8593
0.08184	0	850965	444399	39803	44.9587	111.999
0.08208	0	853201	475262	38087.9	36.8731	132.862
0.08232	0	863207	536650	36534.2	28.8593	153.757
0.08256	0	876378	605360	35948.1	25.3159	159.171
0.0828	0	873240	608820	35362	21.7493	162.836
0.08304	0	882473	652319	34775.9	18.591	166.714
0.08328	0	900901	732965	34743.9	18.4298	166.932
0.08352	0	905585	757816	35127.5	20.4382	164.361
0.08376	0	909355	757068	35511.1	22.6166	161.884
0.084	0	929697	808583	35894.7	24.9731	159.497
0.08424	0	956459	907340	36759.4	30.0942	150.922
0.08448	0	951490	835548	37624.1	34.6474	139.36
0.08472	0	964128	848585	38488.8	38.7303	127.514
0.08496	0	982825	931373	39353.6	42.7847	116.965
0.0852	0	988842	951568	40218.6	47.263	107.966
0.08544	0	990282	875168	41083.6	52.759	101.277
0.08568	0	1.01071e+06	904551	41948.6	59.9694	97.482
0.08592	0	1.04042e+06	1.04909e+06	42493.3	65.2229	96.2087
0.08616	0	1.02782e+06	885363	42984.6	70.2388	95.4942
0.0864	0	1.03309e+06	858807	43475.9	74.7221	95.144
0.08664	0	1.06785e+06	960600	43838.1	77.7191	94.769
0.08688	0	1.08564e+06	1.02102e+06	43877.8	78.0465	94.718
0.08712	0	1.07423e+06	842970	43917.5	78.3736	94.6649
0.08736	0	1.08689e+06	887988	43957.2	78.7005	94.6099
0.0876	0	1.11301e+06	1.08083e+06	43755	77.0322	94.8697
0.08784	0	1.10144e+06	930097	43456	74.557	95.1599
0.08808	0	1.10455e+06	857708	43157	72.0617	95.3391
0.08832	1	1.13323e+06	977037	42815.4	68.4809	95.6946
0.08856	0	1.16608e+06	1.1306e+06	42218.2	62.5292	96.7877
0.0888	0	1.16841e+06	891568	41621	56.9625	98.4994
0.08904	0	1.20308e+06	929629	41023.8	52.3457	101.671
0.08928	0	1.25879e+06	1.15584e+06	40386.1	48.25	106.499
0.08952	0	1.26244e+06	1.09663e+06	39717.9	44.5112	112.896
0.08976	1	1.26808e+06	964282	39049.7	41.3554	120.526
0.09	0	1.2959e+06	1.09904e+06	38381.5	38.2314	128.915
0.09024	0	1.34908e+06	1.37789e+06	38164	37.224	131.823
0.09048	1	1.31402e+06	1.07383e+06	37946.5	36.2211	134.826
0.09072	0	1.31894e+06	1.11637e+06	37729	35.1691	137.895
0.09096	4	1.35558e+06	1.36538e+06	37792.8	35.4816	137
0.0912	1	1.35099e+06	1.37216e+06	38231.5	37.5361	130.911
0.09144	1	1.3334e+06	1.19027e+06	38670.3	39.5769	125.192
0.09168	1	1.3381e+06	1.28284e+06	39109	41.634	119.819
0.09192	2	1.38197e+06	1.52132e+06	39730.3	44.5757	112.764
0.09216	3	1.35431e+06	1.29533e+06	40381.9	48.2251	106.534
0.0924	2	1.35474e+06	1.23204e+06	41033.6	52.413	101.606
0.09264	3	1.37985e+06	1.3588e+06	41600.9	56.7815	98.5682
0.09288	8	1.40752e+06	1.50484e+06	41957.1	60.0485	97.4583
0.09312	6	1.38969e+06	1.22211e+06	42313.3	63.4511	96.5728
0.09336	3	1.40267e+06	1.25155e+06	42669.5	66.9913	95.9058
0.0936	15	1.44834e+06	1.53574e+06	42770.6	68.021	95.7557
0.09384	6	1.43571e+06	1.33841e+06	42769.6	68.0108	95.7571
0.09408	16	1.4407e+06	1.21628e+06	42768.6	68.0007	95.7584
0.09432	17	1.46517e+06	1.35981e+06	42755.6	67.8676	95.7768
0.09456	19	1.51121e+06	1.6434e+06	42670.6	67.0021	95.9041
0.0948	17	1.48785e+06	1.27239e+06	42585.6	66.1445	96.0436
0.09504	37	1.49888e+06	1.30795e+06	42500.6	65.2949	96.1953
0.09528	36	1.54581e+06	1.63446e+06	42469.1	64.9829	96.2544
0.09552	36	1.54626e+06	1.53564e+06	42477.9	65.0701	96.2377
0.09576	41	1.547e+06	1.3345e+06	42486.7	65.1574	96.2211
0.096	48	1.56978e+06	1.49397e+06	42495.5	65.2448	96.2046
0.09624	49	1.63685e+06	1.77188e+06	42539.8	65.6859	96.1237
0.09648	68	1.60748e+06	1.46978e+06	42584	66.1292	96.0462
0.09672	64	1.62591e+06	1.44316e+06	42628.3	66.5747	95.9719
0.09696	74	1.67534e+06	1.69335e+06	42667.5	66.9713	95.9089
0.0972	91	1.69207e+06	1.72426e+06	42700	67.3013	95.8586
0.09744	104	1.69081e+06	1.5233e+06	42732.6	67.6325	95.8101
0.09768	106	1.71376e+06	1.61245e+06	42765.1	67.9648	95.7634
0.09792	138	1.7831e+06	1.91155e+06	42781.6	68.1337	95.7404
0.09816	162	1.75731e+06	1.63595e+06	42795.4	68.2754	95.7214
0.0984	158	1.77554e+06	1.59862e+06	42809.2	68.4173	95.7028
0.09864	180	1.82684e+06	1.76519e+06	42842.2	68.7574	95.6597
0.09888	180	1.85785e+06	2.00407e+06	42923.2	69.5971	95.5614
0.09912	192	1.84488e+06	1.64066e+06	43004.2	70.4442	95.4741
0.09936	224	1.88559e+06	1.74555e+06	43085.2	71.2984	95.3977
0.0996	284	1.96454e+06	2.18331e+06	43180	72.268	95.3273
0.09984	301	1.95477e+06	1.90492e+06	43280.4	73.101	95.2776
0.10008	337	1.96869e+06	1.72805e+06	43380.8	73.9337	95.2151
0.10032	338	2.0298e+06	2.00557e+06	43459.1	74.5827	95.1574
0.10056	354	2.11111e+06	2.23816e+06	43404.6	74.1309	95.1984
0.1008	361	2.08333e+06	1.91855e+06	43350.1	73.6789	95.2356
0.10104	452	2.11571e+06	1.95937e+06	43295.6	73.2269	95.269
0.10128	463	2.21118e+06	2.24433e+06	43097.3	71.4271	95.3872
0.10152	473	2.21828e+06	2.22734e+06	42791.2	68.2323	95.7272
0.10176	523	2.2255e+06	1.99776e+06	42485	65.1408	96.2243
0.102	553	2.29922e+06	2.13135e+06	42178.9	62.1514	96.8809
0.10224	612	2.42681e+06	2.78499e+06	41425.1	55.2232	99.2072
0.10248	608	2.37978e+06	2.0773e+06	40671.3	50.0132	104.196
0.10272	653	2.43973e+06	2.05574e+06	39917.4	45.5734	110.831
0.10296	691	2.56418e+06	2.51173e+06	39203	42.0761	118.71
0.1032	745	2.5887e+06	2.53672e+06	38541.1	38.9739	126.839
0.10344	720	2.57732e+06	2.28408e+06	37879.1	35.8994	135.782
0.10368	807	2.6178e+06	2.55985e+06	37217.2	32.5533	144.922
0.10392	765	2.74866e+06	3.04421e+06	37015.8	31.4823	147.598
0.10416	829	2.72212e+06	2.64253e+06	36891.2	30.8107	149.226
0.1044	799	2.76089e+06	2.4798e+06	36766.6	30.1336	150.83
0.10464	829	2.87221e+06	2.8928e+06	36648	29.4851	152.334
0.10488	835	2.95013e+06	3.37442e+06	36544.6	28.9166	153.628
0.10512	840	2.91707e+06	2.66442e+06	36441.1	28.3461	154.904
0.10536	812	2.97356e+06	2.80261e+06	36337.7	27.7743	156.161
0.1056	831	3.09891e+06	3.17535e+06	36404.8	28.1453	155.348
0.10584	774	3.04723e+06	2.95355e+06	36540.1	28.8918	153.684
0.10608	853	3.04387e+06	2.81989e+06	36675.4	29.6351	151.989
0.10632	876	3.12283e+06	3.12012e+06	36855.7	30.6184	149.685
0.10656	851	3.23916e+06	4.0199e+06	37306	33.0192	143.725
0.1068	907	3.17033e+06	3.00044e+06	37756.3	35.3032	137.513
0.10704	909	3.18661e+06	3.0711e+06	38206.6	37.4208	131.247
0.10728	894	3.29384e+06	3.48099e+06	38497.3	38.7698	127.404
0.10752	940	3.24336e+06	3.32084e+06	38668.2	39.5673	125.218
0.10776	930	3.18908e+06	2.88281e+06	38839.1	40.3672	123.084
0.108	901	3.22464e+06	3.10858e+06	39010.1	41.1691	121.002
0.10824	933	3.39017e+06	4.08818e+06	38720.9	39.8135	124.555
0.10848	869	3.25804e+06	3.03184e+06	38431.7	38.4645	128.258
0.10872	960	3.26906e+06	3.04188e+06	38142.5	37.1245	132.116
0.10896	956	3.35068e+06	3.31246e+06	37830	35.6627	136.475
0.1092	918	3.32702e+06	3.56157e+06	37486.7	33.9523	141.26
0.10944	950	3.23853e+06	2.96387e+06	37143.3	32.1627	145.91
0.10968	982	3.26118e+06	3.28143e+06	36799.9	30.3153	150.403
0.10992	968	3.39495e+06	3.7876e+06	36653.1	29.513	152.27
0.11016	960	3.25805e+06	3.20728e+06	36539	28.8861	153.697
0.1104	937	3.23338e+06	3.00681e+06	36425	28.257	155.101
0.11064	980	3.30131e+06	3.22316e+06	36312.1	27.6327	156.469
0.11088	927	3.32473e+06	4.0039e+06	36202.1	26.9957	157.647
0.11112	904	3.183e+06	3.04377e+06	36092.1	26.2581	158.303
0.11136	850	3.16203e+06	3.08725e+06	35982.1	25.5362	158.965
0.1116	878	3.26482e+06	3.40907e+06	35919	25.1285	159.349
0.11184	835	3.12802e+06	3.17849e+06	35874.5	24.8447	159.62
0.11208	836	3.03349e+06	2.84018e+06	35830.1	24.5635	159.893
0.11232	803	3.04478e+06	3.09472e+06	35774	24.2121	160.238
0.11256	753	3.10456e+06	3.81752e+06	35648.1	23.4377	161.021
0.1128	788	2.93164e+06	2.85928e+06	35522.3	22.6828	161.813
0.11304	787	2.91336e+06	2.82681e+06	35396.4	21.9471	162.615
0.11328	762	2.97578e+06	3.10078e+06	35194.5	20.8062	163.922
0.11352	697	2.85961e+06	2.98701e+06	34935.6	19.4125	165.636
0.11376	742	2.73118e+06	2.65611e+06	34676.6	18.0942	167.393
0.114	672	2.72383e+06	2.75973e+06	34417.7	16.9128	169.681
0.11424	678	2.81607e+06	3.28193e+06	34370.2	16.7339	170.348
0.11448	654	2.62609e+06	2.68268e+06	34322.6	16.5571	171.026
0.11472	575	2.56544e+06	2.56402e+06	34275.1	16.3825	171.714
0.11496	616	2.59936e+06	2.88093e+06	34267.2	16.3537	171.829
0.1152	622	2.54696e+06	2.94955e+06	34312.1	16.5182	171.177
0.11544	615	2.43614e+06	2.48991e+06	34357	16.6847	170.535
0.11568	580	2.44667e+06	2.53537e+06	34401.9	16.853	169.902
0.11592	527	2.5335e+06	2.98826e+06	34348.2	16.6521	170.659
0.11616	502	2.38295e+06	2.54762e+06	34278.2	16.3937	171.669
0.1164	518	2.34549e+06	2.31175e+06	34208.1	16.14	172.702
0.11664	487	2.40885e+06	2.63465e+06	34169.2	16.0008	173.287
0.11688	515	2.37696e+06	2.92754e+06	34207.9	16.1392	172.705
0.11712	432	2.15806e+06	2.3385e+06	34246.7	16.279	172.131
0.11736	450	2.07878e+06	2.3229e+06	34285.4	16.4201	171.564
0.1176	453	2.10419e+06	2.80084e+06	34065.9	15.6384	174.873
0.11784	395	1.91253e+06	2.29741e+06	33743.1	14.5651	180.175
0.11808	367	1.82803e+06	1.96908e+06	33420.2	13.576	186.033
0.11832	394	1.90013e+06	2.14578e+06	33311	13.259	188.148
0.11856	373	2.0445e+06	2.65624e+06	34483.3	17.1635	168.777
0.1188	388	2.22181e+06	2.1678e+06	35655.6	23.4829	160.974
0.11904	366	2.48804e+06	2.4721e+06	36827.8	30.4671	150.044
0.11928	364	2.71258e+06	3.12369e+06	43963.4	78.7512	94.6012
0.11952	337	2.79948e+06	3.25679e+06	55571.3	193.808	52.0829
0.11976	0	2.72589e+06	1.91446e+06	67179.2	342.055	36.155
