0	0	0	0	56618.6	206.023	49.7811
0.00024	0	0	0	56623.6	206.084	49.7706
0.00048	0	0	0	56628.7	206.144	49.7601
0.00072	0	0	0	56633.7	206.204	49.7496
0.00096	0	0	0	56638.8	206.266	49.739
0.0012	0	0	0	56644.1	206.329	49.7281
0.00144	0	0	0	56649.4	206.392	49.7172
0.00168	0	0	0	56654.6	206.455	49.7063
0.00192	0	0	0	56660.1	206.52	49.695
0.00216	0	0	0	56665.5	206.586	49.6836
0.0024	0	0	0	56671	206.651	49.6723
0.00264	0	0	0	56676.6	206.718	49.6608
0.00288	0	0	0	56682.3	206.786	49.649
0.00312	0	0	0	56688	206.855	49.6372
0.00336	0	0	0	56693.7	206.923	49.6254
0.0036	0	0	0	56699.6	206.994	49.6133
0.00384	0	0	0	56705.6	207.065	49.601
0.00408	0	0	0	56711.5	207.137	49.5887
0.00432	0	0	0	56717.5	207.209	49.5764
0.00456	0	0	0	56723.8	207.284	49.5635
0.0048	0	0	0	56730	207.359	49.5507
0.00504	0	0	0	56736.2	207.433	49.5379
0.00528	0	0	0	56742.6	207.51	49.5248
0.00552	0	0	0	56749.1	207.588	49.5115
0.00576	0	0	0	56755.6	207.667	49.4982
0.006	0	0	0	56762.1	207.745	49.4848
0.00624	0	0	0	56768.9	207.827	49.4709
0.00648	0	0	0	56775.7	207.908	49.457
0.00672	0	0	0	56782.5	207.99	49.4431
0.00696	0	0	0	56789.5	208.074	49.4289
0.0072	0	0	0	56796.6	208.16	49.4144
0.00744	0	0	0	56803.7	208.245	49.3999
0.00768	0	0	0	56810.8	208.331	49.3854
0.00792	0	0	0	56818.2	208.42	49.3703
0.00816	0	0	0	56825.6	208.51	49.3552
0.0084	0	0	0	56833.1	208.6	49.34
0.00864	0	0	0	56840.6	208.691	49.3247
0.00888	0	0	0	56848.4	208.785	49.3088
0.00912	0	0	0	56856.2	208.879	49.293
0.00936	0	0	0	56864	208.974	49.2772
0.0096	0	0	0	56872.1	209.071	49.2609
0.00984	0	1	0	56880.3	209.17	49.2443
0.01008	0	0	0	56888.5	209.269	49.2278
0.01032	0	0	0	56896.7	209.369	49.2112
0.01056	0	0	0	56905.3	209.472	49.1939
0.0108	0	0	0	56913.8	209.576	49.1766
0.01104	0	1	0	56922.4	209.68	49.1593
0.01128	0	0	0	56931.2	209.787	49.1416
0.01152	0	2	0	56940.2	209.896	49.1235
0.01176	0	0	0	56949.2	210.005	49.1054
0.012	0	0	0	56958.2	210.115	49.0873
0.01224	0	0	0	56967.7	210.229	49.0683
0.01248	0	0	0	56977.1	210.344	49.0494
0.01272	0	3	0	56986.6	210.459	49.0305
0.01296	0	0	2	56996.3	210.577	49.0111
0.0132	0	0	0	57006.2	210.698	48.9913
0.01344	0	0	0	57016.2	210.819	48.9714
0.01368	0	1	1	57026.1	210.94	48.9516
0.01392	0	1	0	57036.5	211.067	48.9309
0.01416	0	0	0	57047	211.198	48.9134
0.0144	0	0	0	57057.4	211.332	48.8982
0.01464	0	0	0	57068.1	211.469	48.8828
0.01488	0	3	0	57079.1	211.61	48.8669
0.01512	0	2	0	57090.1	211.752	48.8509
0.01536	0	1	0	57101.1	211.894	48.835
0.0156	0	0	1	57112.6	212.041	48.8185
0.01584	0	0	0	57124.2	212.19	48.8017
0.01608	0	1	0	57135.8	212.34	48.7849
0.01632	0	1	1	57147.5	212.49	48.7681
0.01656	0	5	1	57159.8	212.648	48.7504
0.0168	0	1	0	57172.1	212.806	48.7328
0.01704	0	3	0	57184.3	212.964	48.7152
0.01728	0	0	1	57197	213.127	48.6971
0.01752	0	0	1	57209.9	213.294	48.6785
0.01776	0	5	2	57222.9	213.461	48.66
0.018	0	4	1	57235.9	213.628	48.6415
0.01824	0	3	0	57249.5	213.805	48.6219
0.01848	0	4	0	57263.2	213.981	48.6024
0.01872	0	1	3	57276.9	214.158	48.5829
0.01896	0	8	1	57291	214.339	48.5629
0.0192	0	4	2	57305.5	214.527	48.5423
0.01944	0	3	1	57320	214.714	48.5217
0.01968	0	2	2	57334.5	214.902	48.5012
0.01992	0	4	3	57349.8	215.099	48.4796
0.02016	0	4	1	57365.1	215.298	48.4578
0.0204	0	3	4	57380.5	215.497	48.4361
0.02064	0	3	0	57396.2	215.7	48.4141
0.02088	0	4	0	57412.5	215.911	48.3911
0.02112	0	6	0	57428.8	216.122	48.3682
0.02136	0	7	0	57445.1	216.334	48.3453
0.0216	0	7	2	57462.1	216.555	48.3214
0.02184	0	6	0	57479.4	216.779	48.2972
0.02208	0	8	0	57496.7	217.004	48.273
0.02232	0	9	4	57514.2	217.231	48.2486
0.02256	0	7	2	57532.6	217.47	48.2229
0.0228	0	6	3	57551	217.71	48.1972
0.02304	0	7	1	57569.5	217.95	48.1716
0.02328	0	8	1	57588.6	218.198	48.1451
0.02352	0	5	7	57608.2	218.454	48.1179
0.02376	0	19	2	57627.8	218.71	48.0908
0.024	0	13	3	57647.5	218.965	48.0637
0.02424	0	11	5	57668.4	219.238	48.0348
0.02448	0	13	3	57689.3	219.511	48.006
0.02472	0	16	4	57710.3	219.784	47.9773
0.02496	0	17	2	57731.8	220.066	47.9478
0.0252	0	14	4	57754.1	220.358	47.9172
0.02544	0	15	6	57776.5	220.65	47.8866
0.02568	0	13	0	57798.8	220.942	47.8562
0.02592	0	17	4	57822.5	221.252	47.824
0.02616	0	24	3	57846.4	221.565	47.7916
0.0264	0	24	4	57870.3	221.878	47.7592
0.02664	0	25	3	57894.6	222.197	47.7263
0.02688	0	27	4	57920.2	222.532	47.6918
0.02712	0	35	4	57945.8	222.868	47.6573
0.02736	0	30	5	57971.3	223.204	47.623
0.0276	0	26	5	57998.2	223.558	47.5869
0.02784	0	33	4	58025.7	223.919	47.5502
0.02808	0	36	4	58053.2	224.28	47.5135
0.02832	0	27	8	58080.9	224.646	47.4766
0.02856	0	37	9	58110.4	225.035	47.4374
0.0288	0	44	5	58139.9	225.424	47.3983
0.02904	0	52	9	58169.4	225.813	47.3593
0.02928	0	51	3	58200.2	226.22	47.3187
0.02952	0	42	6	58231.9	226.639	47.2771
0.02976	0	54	9	58263.7	227.058	47.2355
0.03	0	69	5	58295.4	227.478	47.194
0.03024	0	77	8	58329.6	227.931	47.1494
0.03048	0	65	9	58363.8	228.385	47.1049
0.03072	0	74	9	58398	228.839	47.0606
0.03096	0	80	12	58433.4	229.309	47.0149
0.0312	0	75	11	58470.4	229.801	46.9672
0.03144	0	71	5	58507.4	230.293	46.9197
0.03168	0	102	7	58544.4	230.785	46.8723
0.03192	0	88	7	58584	231.312	46.8218
0.03216	0	99	8	58624	231.846	46.771
0.0324	0	119	11	58664	232.379	46.7203
0.03264	0	131	8	58704.9	232.926	46.6686
0.03288	0	139	7	58748.2	233.504	46.6142
0.03312	0	145	7	58791.4	234.07	46.5522
0.03336	0	160	6	58834.7	234.612	46.4768
0.0336	0	154	11	58880.5	235.187	46.3971
0.03384	0	193	9	58927.4	235.775	46.3157
0.03408	0	207	11	58974.3	236.363	46.2345
0.03432	0	250	7	59021.7	236.958	46.1524
0.03456	0	227	6	59072.7	237.597	46.0644
0.0348	0	229	10	59123.7	238.237	45.9765
0.03504	0	233	7	59174.7	238.877	45.8889
0.03528	0	279	6	59228.3	239.549	45.7969
0.03552	0	282	12	59283.8	240.246	45.7018
0.03576	0	335	4	59339.4	240.943	45.6069
0.036	0	349	10	59395	241.64	45.5122
0.03624	0	355	7	59455.5	242.399	45.4093
0.03648	0	401	6	59516	243.158	45.3066
0.03672	0	445	10	59576.5	243.917	45.2041
0.03696	0	469	6	59639.4	244.705	45.098
0.0372	0	485	11	59705.5	245.532	44.9868
0.03744	0	519	1	59771.5	246.36	44.8759
0.03768	0	586	4	59837.5	247.187	44.7653
0.03792	0	614	5	59908.7	248.078	44.6465
0.03816	0	656	1	59980.7	248.98	44.5265
0.0384	0	759	2	60052.7	249.881	44.4069
0.03864	0	770	8	60126.6	250.805	44.2846
0.03888	0	801	4	60205.1	251.787	44.1549
0.03912	0	924	5	60283.7	252.769	44.0256
0.03936	0	1115	3	60362.2	253.751	43.8967
0.0396	0	999	7	60446	254.797	43.7596
0.03984	0	1139	2	60532	255.879	43.6272
0.04008	0	1156	13	60617.9	256.989	43.5181
0.04032	0	1438	13	60705.1	258.117	43.4082
0.04056	0	1322	3	60799.5	259.343	43.29
0.0408	0	1439	4	60894	260.572	43.1726
0.04104	0	1604	8	60988.4	261.804	43.0561
0.04128	0	1683	8	61088	263.105	42.9343
0.04152	0	1915	5	61191.4	264.461	42.8087
0.04176	0	1918	8	61294.9	265.819	42.6842
0.042	0	2100	8	61398.3	267.182	42.5607
0.04224	0	2332	5	61511.3	268.675	42.4269
0.04248	0	2548	10	61624.4	270.172	42.2942
0.04272	0	2575	11	61737.4	271.673	42.1628
0.04296	0	2937	12	61854.9	273.238	42.0273
0.0432	0	3063	9	61978.4	274.887	41.8864
0.04344	0	3211	8	62101.9	276.541	41.7469
0.04368	0	3578	5	62225.4	278.2	41.6087
0.04392	0	3945	7	62358.6	280.027	41.431
0.04416	0	4016	5	62493.5	281.88	41.2473
0.0444	0	4338	5	62628.3	283.73	41.0651
0.04464	0	4811	5	62766.6	285.625	40.8797
0.04488	0	4856	10	62913.6	287.636	40.6842
0.04512	0	5403	5	63060.5	289.643	40.4904
0.04536	0	6017	2	63207.5	291.646	40.2982
0.0456	0	6148	6	63363	293.761	40.0965
0.04584	0	6692	4	63522.1	295.917	39.8923
0.04608	0	7341	6	63681.1	298.068	39.6899
0.04632	0	7734	6	63841.8	300.236	39.4871
0.04656	0	8222	7	64013.3	302.512	39.28
0.0468	0	8766	6	64184.7	304.662	39.1044
0.04704	0	9729	2	64356.1	306.805	38.931
0.04728	0	10273	4	64533.5	309.013	38.7541
0.04752	0	10993	5	64715.3	311.268	38.5753
0.04776	0	11907	2	64897.2	313.512	38.399
0.048	0	12528	4	65079	315.747	38.2252
0.04824	0	13714	1	65270.8	318.093	38.0445
0.04848	0	14630	6	65462.6	320.426	37.8666
0.04872	0	15864	4	65654.4	322.746	37.6914
0.04896	0	16831	4	65849.9	325.135	37.5051
0.0492	0	17698	0	66050.4	327.618	37.3077
0.04944	0	18864	5	66250.8	330.126	37.108
0.04968	0	20213	5	66451.3	332.657	36.9061
0.04992	0	22027	2	66655.4	335.259	36.6983
0.05016	0	23404	4	66860.1	337.895	36.4877
0.0504	0	24646	8	67064.8	340.556	36.2748
0.05064	0	26778	8	67269.3	343.241	36.0602
0.05088	0	28279	4	67473.2	345.967	35.8396
0.05112	0	30159	3	67677	348.885	35.5884
0.05136	0	32355	3	67880.9	351.818	35.3421
0.0516	0	34354	2	68077.5	354.66	35.1093
0.05184	0	36456	4	68271.2	357.473	34.8844
0.05208	0	39191	3	68464.9	360.299	34.6638
0.05232	0	41219	2	68656	363.102	34.4502
0.05256	0	44021	5	68832.3	365.697	34.2569
0.0528	0	46541	4	69008.5	368.303	34.0671
0.05304	0	49216	2	69184.7	370.918	33.8811
0.05328	0	53047	3	69341	373.113	33.7777
0.05352	0	55863	0	69482.4	375.09	33.6841
0.05376	0	58695	4	69623.8	377.059	33.5903
0.054	0	62472	1	69765.2	379.021	33.4963
0.05424	0	65554	2	69864.6	380.394	33.4301
0.05448	0	69303	4	69964	381.764	33.3639
0.05472	0	73421	4	70063.3	383.129	33.2976
0.05496	0	75970	2	70140.1	384.181	33.2464
0.0552	0	80896	3	70186.8	384.82	33.2152
0.05544	0	84637	6	70233.5	385.458	33.1839
0.05568	0	88976	4	70280.2	386.094	33.1527
0.05592	0	92578	4	70267.8	385.926	33.161
0.05616	0	96615	3	70245.6	385.622	33.1759
0.0564	0	101507	2	70223.3	385.319	33.1907
0.05664	0	105052	4	70180.5	384.734	33.2194
0.05688	0	110401	4	70086	383.44	33.2825
0.05712	0	115073	3	69991.6	382.143	33.3455
0.05736	0	118765	5	69897.1	380.843	33.4085
0.0576	0	122404	1	69745.6	378.749	33.5093
0.05784	0	126748	0	69571.3	376.329	33.6251
0.05808	0	132393	4	69397	373.897	33.7406
0.05832	0	134526	4	69213.9	371.329	33.8618
0.05856	0	138883	1	68977.8	367.849	34.0999
0.0588	0	143577	5	68741.8	364.363	34.3557
0.05904	0	146907	2	68505.7	360.897	34.6178
0.05928	0	149950	0	68235.6	356.955	34.9254
0.05952	0	152521	7	67940	352.671	35.2716
0.05976	0	155570	3	67644.4	348.417	35.6282
0.06	0	158538	2	67348.9	344.293	35.976
0.06024	0	161595	8	67015.1	339.907	36.3267
0.06048	0	164518	3	66681.4	335.592	36.6717
0.06072	0	167606	4	66347.6	331.345	37.0108
0.06096	0	169185	3	66006.2	327.069	37.3514
0.0612	0	170865	3	65654.4	322.747	37.6914
0.06144	0	173779	3	65302.6	318.481	38.0148
0.06168	0	176172	2	64950.9	314.174	38.3474
0.06192	0	176680	1	64593.2	309.755	38.6951
0.06216	0	176155	2	64234.6	305.287	39.0536
0.0624	0	178524	2	63876	300.697	39.4442
0.06264	0	178618	5	63522	295.917	39.8923
0.06288	0	179836	5	63179.5	291.265	40.3346
0.06312	0	180605	2	62837	286.589	40.7858
0.06336	0	181994	2	62494.5	281.893	41.246
0.0636	0	181188	2	62153.8	277.237	41.6887
0.06384	0	181899	7	61813.9	272.69	42.0745
0.06408	0	184010	4	61473.9	268.18	42.471
0.06432	0	183959	3	61136.5	263.74	42.8753
0.06456	0	181706	2	60813.8	259.528	43.2722
0.0648	0	183703	2	60491.1	255.359	43.6861
0.06504	0	183780	13	60168.4	251.328	44.2155
0.06528	0	182811	8	59851.9	247.367	44.7413
0.06552	0	181806	7	59540	243.459	45.2659
0.06576	0	182620	4	59228.2	239.548	45.7971
0.066	0	180791	6	58916.3	235.636	46.3349
0.06624	0	179899	4	58632.9	231.965	46.7597
0.06648	0	181755	7	58349.5	228.195	47.1235
0.06672	0	178140	88	58066.1	224.451	47.4963
0.06696	0	177975	186	57804.8	221.021	47.848
0.0672	0	175673	523	57573.1	217.997	48.1666
0.06744	0	176949	973	57341.4	214.991	48.4914
0.06768	0	174121	2099	57109.7	212.003	48.8227
0.06792	0	172036	2665	56918.9	209.638	49.1663
0.06816	0	172486	3348	56735	207.419	49.5404
0.0684	1	172936	4028	56551.1	205.218	49.9219
0.06864	0	173352	5587	56387.9	203.281	50.2666
0.06888	0	170757	8378	56276.4	201.967	50.5055
0.06912	0	172407	11134	56165	200.659	50.7471
0.06936	4	172107	14302	56053.5	199.359	50.9916
0.0696	1	172283	15829	55992.9	198.654	51.1257
0.06984	3	171934	19357	55952.7	198.188	51.2152
0.07008	6	175566	21733	55912.5	197.723	51.305
0.07032	11	177674	25468	55884.6	197.4	51.3677
0.07056	7	177886	32087	55930.3	197.928	51.2654
0.0708	17	179282	33343	55975.9	198.457	51.1635
0.07104	19	182612	37748	56021.6	198.988	51.0621
0.07128	33	182004	44579	56111.5	200.034	50.8641
0.07152	36	186018	47169	56234.5	201.474	50.5962
0.07176	60	188785	48817	56357.4	202.922	50.3316
0.072	52	190576	57294	56480.4	204.378	50.0705
0.07224	75	194236	61208	56663.8	206.565	49.6872
0.07248	90	197860	64833	56847.3	208.771	49.3112
0.07272	111	203189	69753	57030.7	210.996	48.9425
0.07296	152	207240	76041	57233.5	213.598	48.6448
0.0732	196	212413	80843	57462.4	216.558	48.321
0.07344	229	219818	84800	57691.2	219.535	48.0035
0.07368	319	223924	90153	57920	222.53	47.692
0.07392	376	228775	99312	58177.4	225.919	47.3488
0.07416	473	235596	102645	58439.7	229.392	47.0068
0.0744	570	242813	109734	58701.9	232.886	46.6724
0.07464	780	250648	116547	58973.4	236.352	46.236
0.07488	1035	257736	123159	59268	240.047	45.7289
0.07512	1269	267117	130696	59562.6	243.742	45.2276
0.07536	1594	275801	137166	59857.3	247.434	44.7323
0.0756	2010	285325	143070	60138.4	250.953	44.265
0.07584	2561	294123	150325	60414	254.398	43.8118
0.07608	3189	306376	155252	60689.7	257.919	43.4275
0.07632	4071	319525	163756	60956.9	261.392	43.0949
0.07656	5027	332751	172070	61173.2	264.221	42.8308
0.0768	6287	345078	177476	61389.4	267.065	42.5712
0.07704	7753	360890	185532	61605.7	269.924	42.3161
0.07728	9583	377474	198206	61740.2	271.709	42.1596
0.07752	11734	393679	205437	61813.3	272.683	42.0752
0.07776	14288	414841	211509	61886.4	273.658	41.9913
0.078	17227	434026	222211	61959.5	274.634	41.9079
0.07824	20454	456854	240857	61748.9	271.826	42.1495
0.07848	24494	483348	245848	61538.2	269.031	42.3952
0.07872	28317	510054	257208	61327.6	266.25	42.645
0.07896	32130	541966	274265	60888.6	260.502	43.1793
0.0792	37176	569911	284517	60145.2	251.038	44.2537
0.07944	44430	602213	289755	59401.8	241.725	45.5006
0.07968	52573	640760	301015	58658.4	232.304	46.7275
0.07992	58543	680469	320535	57315.7	214.659	48.5278
0.08016	62594	711610	323319	55873.2	197.269	51.3932
0.0804	68984	742895	330705	54430.7	181.069	54.5236
0.08064	77155	773624	349339	52859.1	163.349	57.5159
0.08088	82483	805345	366944	50964.7	142.549	62.1588
0.08112	87035	818000	365630	49070.3	121.441	67.2359
0.08136	90285	834227	380279	47175.9	107.431	77.7871
0.0816	92960	854935	411901	45333.6	90.8761	90.5895
0.08184	95309	850957	410919	43512	75.0218	95.114
0.08208	96972	853196	417078	41690.5	57.591	98.2674
0.08232	96379	863206	451978	39953.7	45.7709	110.471
0.08256	97204	876377	496758	38724.7	39.8314	124.507
0.0828	96879	873240	486576	37495.7	33.9984	141.135
0.08304	96019	882472	517383	36266.7	27.3817	157.012
0.08328	93277	900900	587472	35514.8	22.6387	161.86
0.08352	90574	905585	611221	35120.7	20.4013	164.406
0.08376	88067	909355	616505	34726.6	18.3431	167.05
0.084	84803	929696	673366	34332.6	16.5938	170.884
0.08424	81771	956458	777023	34706	18.24	167.192
0.08448	79200	951486	720822	35079.4	20.1772	164.678
0.08472	77832	964127	744998	35452.8	22.2745	162.254
0.08496	76437	982822	834990	36012.2	25.732	158.783
0.0852	75990	988836	862861	36819.5	30.4215	150.152
0.08544	75089	990277	797150	37626.7	34.6608	139.323
0.08568	73997	1.0107e+06	839670	38434	38.4754	128.227
0.08592	73586	1.04041e+06	995284	39203.6	42.0789	118.703
0.08616	73353	1.02779e+06	839461	39966.9	45.8438	110.34
0.0864	74245	1.03305e+06	819876	40730.3	50.3915	103.749
0.08664	75177	1.06782e+06	927659	41415.9	55.1545	99.259
0.08688	76050	1.08558e+06	993380	41907.3	59.5836	97.5999
0.08712	77646	1.07419e+06	816795	42398.7	64.2868	96.3933
0.08736	79475	1.08684e+06	864093	42890	69.2526	95.6003
0.0876	80913	1.11299e+06	1.05891e+06	43162.3	72.1191	95.3351
0.08784	82236	1.10139e+06	908157	43347	73.6534	95.2375
0.08808	84174	1.1045e+06	834188	43531.7	75.1845	95.0971
0.08832	85636	1.13321e+06	951756	43646.8	76.138	94.9877
0.08856	87086	1.16605e+06	1.10337e+06	43344.9	73.6356	95.2389
0.0888	89102	1.16839e+06	857750	43042.9	70.8514	95.4363
0.08904	90274	1.20306e+06	889533	42740.9	67.7174	95.798
0.08928	91292	1.25878e+06	1.10734e+06	42171.1	62.0766	96.8998
0.08952	91625	1.26243e+06	1.03804e+06	41400.5	55.0397	99.3462
0.08976	91451	1.26807e+06	893848	40629.9	49.7507	104.515
0.09	91037	1.2959e+06	1.01436e+06	39859.3	45.2592	111.419
0.09024	90955	1.34908e+06	1.27752e+06	39193	42.0291	118.827
0.09048	90513	1.31402e+06	965495	38526.8	38.9072	127.023
0.09072	89786	1.31894e+06	999762	37860.5	35.8098	136.045
0.09096	87838	1.35558e+06	1.24162e+06	37466	33.8464	141.544
0.0912	86661	1.35099e+06	1.24735e+06	37433.7	33.681	141.986
0.09144	85251	1.3334e+06	1.07201e+06	37401.5	33.5149	142.427
0.09168	83871	1.3381e+06	1.16927e+06	37369.3	33.3482	142.866
0.09192	82618	1.38197e+06	1.41341e+06	37732.2	35.1847	137.851
0.09216	81272	1.3543e+06	1.19819e+06	38161	37.2101	131.864
0.0924	79949	1.35473e+06	1.14657e+06	38589.8	39.2012	126.214
0.09264	79292	1.37984e+06	1.28255e+06	39003.9	41.1405	121.075
0.09288	78680	1.40749e+06	1.43768e+06	39381.4	42.9157	116.646
0.09312	78206	1.38967e+06	1.16157e+06	39758.9	44.7259	112.461
0.09336	77818	1.40264e+06	1.19666e+06	40136.4	46.791	108.719
0.0936	78099	1.44832e+06	1.48542e+06	40322.1	47.869	107.049
0.09384	78088	1.43568e+06	1.29008e+06	40431.2	48.5218	106.118
0.09408	78425	1.44068e+06	1.16814e+06	40540.3	49.1899	105.224
0.09432	78259	1.46511e+06	1.31337e+06	40635.5	49.7863	104.471
0.09456	78529	1.51116e+06	1.59588e+06	40648.1	49.8661	104.373
0.0948	77987	1.48782e+06	1.22466e+06	40660.7	49.9461	104.276
0.09504	78687	1.49885e+06	1.25945e+06	40673.3	50.0264	104.18
0.09528	78204	1.5458e+06	1.58435e+06	40726.1	50.3643	103.78
0.09552	78840	1.54624e+06	1.48579e+06	40808.9	50.9028	103.169
0.09576	78112	1.54698e+06	1.2842e+06	40891.7	51.4508	102.577
0.096	77973	1.56975e+06	1.44517e+06	40974.5	52.0086	102.004
0.09624	78597	1.63683e+06	1.72356e+06	41071.6	52.6757	101.356
0.09648	78261	1.60745e+06	1.42242e+06	41168.8	53.3569	100.732
0.09672	78215	1.62588e+06	1.39695e+06	41266	54.0523	100.134
0.09696	78465	1.6753e+06	1.64713e+06	41353.3	54.6899	99.6175
0.0972	78673	1.69204e+06	1.67942e+06	41427.5	55.2411	99.1938
0.09744	78603	1.69079e+06	1.47987e+06	41501.7	55.8958	98.9181
0.09768	78405	1.71373e+06	1.56926e+06	41575.9	56.5576	98.6546
0.09792	79026	1.78306e+06	1.86885e+06	41634.4	57.0833	98.454
0.09816	79162	1.75726e+06	1.59412e+06	41690.3	57.5887	98.2682
0.0984	79546	1.77552e+06	1.55695e+06	41746.1	58.0975	98.0881
0.09864	79608	1.82683e+06	1.72395e+06	41841.8	58.9765	97.7926
0.09888	79639	1.85782e+06	1.96545e+06	42037	60.8002	97.2403
0.09912	79879	1.84484e+06	1.60297e+06	42232.2	62.6647	96.755
0.09936	80783	1.88553e+06	1.7113e+06	42427.4	64.5704	96.3356
0.0996	81675	1.96451e+06	2.15146e+06	42750.2	67.8121	95.7846
0.09984	82569	1.95469e+06	1.87658e+06	43123.9	71.7093	95.3651
0.10008	83968	1.96864e+06	1.70272e+06	43497.6	74.9021	95.1262
0.10032	84611	2.02976e+06	1.98401e+06	43879.8	78.0626	94.7154
0.10056	85447	2.11104e+06	2.22074e+06	44312.7	81.6152	94.0302
0.1008	85865	2.08292e+06	1.90523e+06	44745.6	85.1201	93.1165
0.10104	87911	2.11375e+06	1.94932e+06	45178.6	89.2629	91.3963
0.10128	89107	2.2049e+06	2.23627e+06	45593.5	93.5742	89.1393
0.10152	91359	2.20887e+06	2.21953e+06	45994.8	97.7113	86.6743
0.10176	94275	2.21119e+06	1.9885e+06	46396.1	101.794	83.9587
0.102	97280	2.28091e+06	2.12111e+06	46797.5	105.164	80.8491
0.10224	99835	2.40521e+06	2.7726e+06	46648.2	104.261	82.1175
0.10248	102931	2.36468e+06	2.05865e+06	46499	102.83	83.2255
0.10272	106474	2.4294e+06	2.0281e+06	46349.8	101.326	84.2841
0.10296	108942	2.55706e+06	2.475e+06	46093.7	98.7238	86.027
0.1032	111040	2.58542e+06	2.48808e+06	45695.2	94.6274	88.5394
0.10344	112563	2.57686e+06	2.2213e+06	45296.7	90.4931	90.7851
0.10368	113498	2.6178e+06	2.47991e+06	44898.2	86.3413	92.7407
0.10392	114725	2.74866e+06	2.94798e+06	44698.3	84.7396	93.2274
0.10416	115438	2.72212e+06	2.53737e+06	44531.4	83.3928	93.5969
0.1044	116254	2.76089e+06	2.36899e+06	44364.5	82.0375	93.9328
0.10464	116812	2.87221e+06	2.77515e+06	44103.7	79.9045	94.39
0.10488	117935	2.95013e+06	3.25087e+06	43607.9	75.8157	95.0265
0.10512	118104	2.91707e+06	2.53161e+06	43112.1	71.5843	95.3747
0.10536	118053	2.97356e+06	2.65915e+06	42616.3	66.4541	95.9917
0.1056	118017	3.09891e+06	3.02315e+06	42210.1	62.4509	96.8068
0.10584	117275	3.04723e+06	2.79709e+06	41839.6	58.956	97.7993
0.10608	116541	3.04387e+06	2.66147e+06	41469.1	55.607	99.037
0.10632	115259	3.12283e+06	2.95906e+06	41178.4	53.4249	100.672
0.10656	114099	3.23916e+06	3.85817e+06	41366.2	54.7854	99.5426
0.1068	113199	3.17033e+06	2.85168e+06	41554.1	56.3621	98.7311
0.10704	111929	3.18661e+06	2.93565e+06	41741.9	58.0587	98.1016
0.10728	112085	3.29384e+06	3.35782e+06	41950.4	59.9862	97.477
0.10752	112051	3.24336e+06	3.20592e+06	42174.5	62.1089	96.8916
0.10776	112259	3.18908e+06	2.77573e+06	42398.6	64.2858	96.3935
0.108	111840	3.22464e+06	3.00757e+06	42622.6	66.5173	95.9813
0.10824	112070	3.39017e+06	3.99551e+06	42478.1	65.072	96.2373
0.10848	113078	3.25804e+06	2.93276e+06	42333.6	63.6496	96.5289
0.10872	113935	3.26906e+06	2.93694e+06	42189.2	62.2497	96.8564
0.10896	114281	3.35068e+06	3.20305e+06	41967.5	60.1461	97.4293
0.1092	115894	3.32702e+06	3.445e+06	41643	57.1608	98.425
0.10944	117143	3.23853e+06	2.83833e+06	41318.5	54.4343	99.8211
0.10968	117912	3.26118e+06	3.14696e+06	40994	52.1412	101.872
0.10992	119106	3.39495e+06	3.64422e+06	40726.2	50.365	103.779
0.11016	119962	3.25805e+06	3.0577e+06	40467.8	48.7446	105.814
0.1104	121142	3.23338e+06	2.85395e+06	40209.5	47.2103	108.049
0.11064	121661	3.30131e+06	3.06598e+06	39909	45.5274	110.916
0.11088	123629	3.32473e+06	3.84346e+06	39503	43.4879	115.27
0.11112	126179	3.183e+06	2.87737e+06	39097	41.5775	119.962
0.11136	128789	3.16203e+06	2.91424e+06	38691	39.6737	124.931
0.1116	132598	3.26482e+06	3.23097e+06	38326.8	37.9773	129.639
0.11184	136437	3.12802e+06	2.9948e+06	37979.3	36.3732	134.365
0.11208	140950	3.03349e+06	2.65209e+06	37631.8	34.6861	139.253
0.11232	146223	3.04478e+06	2.90138e+06	37286.2	32.9157	143.993
0.11256	153083	3.10456e+06	3.61944e+06	36952	31.1392	148.434
0.1128	160312	2.93164e+06	2.65399e+06	36617.8	29.3193	152.714
0.11304	168838	2.91336e+06	2.61325e+06	36283.6	27.4752	156.811
0.11328	179698	2.97578e+06	2.88281e+06	35996.5	25.6295	158.878
0.11352	191552	2.85961e+06	2.76292e+06	35744.6	24.0298	160.42
0.11376	202977	2.73118e+06	2.4259e+06	35492.8	22.5089	162
0.114	216748	2.72383e+06	2.5163e+06	35241	21.0646	163.619
0.11424	232319	2.81607e+06	3.02344e+06	35538.1	22.7765	161.713
0.11448	245408	2.62609e+06	2.4177e+06	35835.2	24.5957	159.861
0.11472	257734	2.56544e+06	2.29223e+06	36132.3	26.5256	158.062
0.11496	267706	2.59936e+06	2.60171e+06	36499.6	28.6689	154.185
0.1152	273047	2.54696e+06	2.66573e+06	36960.6	31.1857	148.322
0.11544	272482	2.43614e+06	2.20458e+06	37421.6	33.6188	142.151
0.11568	266717	2.44667e+06	2.24965e+06	37882.7	35.9164	135.732
0.11592	256264	2.5335e+06	2.704e+06	37892.3	35.9626	135.595
0.11616	239609	2.38295e+06	2.26637e+06	37826.7	35.6464	136.522
0.1164	215158	2.34549e+06	2.03221e+06	37761.1	35.3266	137.446
0.11664	187941	2.40885e+06	2.36016e+06	37601.5	34.5344	139.673
0.11688	159142	2.37696e+06	2.66231e+06	37207.1	32.5003	145.057
0.11712	130780	2.15806e+06	2.09345e+06	36812.7	30.3847	150.239
0.11736	102959	2.07878e+06	2.09764e+06	36418.3	28.2199	155.183
0.1176	76412	2.10419e+06	2.5923e+06	35649	23.4429	161.016
0.11784	54119	1.91253e+06	2.10528e+06	34729.8	18.3588	167.029
0.11808	38143	1.82803e+06	1.79207e+06	33810.6	14.7823	179.022
0.11832	25461	1.90013e+06	1.98358e+06	33114.7	12.7106	192.128
0.11856	16259	2.0445e+06	2.51073e+06	33758.6	14.6149	179.907
0.1188	9908	2.22181e+06	2.04947e+06	34402.6	16.8557	169.892
0.11904	6066	2.48804e+06	2.3811e+06	35046.5	20.0004	164.896
0.11928	3528	2.71258e+06	3.0624e+06	41528.3	56.1323	98.8225
0.11952	1971	2.783e+06	3.2561e+06	52388.4	157.99	58.4256
0.11976	0	2.59063e+06	1.91446e+06	63248.5	292.204	40.2448
