0	0	0	0	56651	206.412	49.7137
0.00024	0	0	0	56656.3	206.475	49.7028
0.00048	0	0	0	56661.5	206.537	49.692
0.00072	0	0	0	56666.7	206.6	49.6812
0.00096	0	0	0	56672.1	206.664	49.6701
0.0012	0	0	0	56677.5	206.729	49.6589
0.00144	0	0	0	56683	206.794	49.6476
0.00168	0	0	0	56688.4	206.86	49.6364
0.00192	0	0	0	56694.1	206.927	49.6247
0.00216	0	0	0	56699.7	206.995	49.613
0.0024	0	0	0	56705.4	207.064	49.6013
0.00264	0	0	0	56711.2	207.132	49.5895
0.00288	0	0	0	56717.1	207.203	49.5773
0.00312	0	0	0	56723	207.274	49.5651
0.00336	0	0	0	56728.9	207.346	49.553
0.0036	0	0	0	56735	207.419	49.5404
0.00384	0	0	0	56741.2	207.493	49.5278
0.00408	0	0	0	56747.3	207.567	49.5151
0.00432	0	0	0	56753.5	207.642	49.5024
0.00456	0	0	0	56760	207.719	49.4892
0.0048	0	0	0	56766.4	207.796	49.476
0.00504	0	0	0	56772.8	207.874	49.4629
0.00528	0	0	0	56779.4	207.953	49.4494
0.00552	0	0	0	56786.2	208.034	49.4357
0.00576	0	0	0	56792.9	208.115	49.4219
0.006	0	0	0	56799.6	208.196	49.4082
0.00624	0	0	0	56806.6	208.28	49.3939
0.00648	0	0	0	56813.6	208.365	49.3796
0.00672	0	0	0	56820.6	208.45	49.3653
0.00696	0	0	0	56827.8	208.536	49.3508
0.0072	0	0	0	56835.1	208.624	49.3359
0.00744	0	0	0	56842.4	208.713	49.321
0.00768	0	0	0	56849.8	208.801	49.3061
0.00792	0	0	0	56857.4	208.894	49.2907
0.00816	0	0	0	56865.1	208.986	49.2751
0.0084	0	0	0	56872.7	209.079	49.2596
0.00864	0	0	0	56880.5	209.173	49.2439
0.00888	0	0	0	56888.5	209.27	49.2276
0.00912	0	0	0	56896.6	209.367	49.2114
0.00936	0	0	0	56904.6	209.464	49.1952
0.0096	0	0	0	56912.9	209.565	49.1785
0.00984	0	1	0	56921.3	209.666	49.1616
0.01008	0	0	0	56929.7	209.768	49.1447
0.01032	0	0	0	56938.1	209.871	49.1277
0.01056	0	0	0	56946.9	209.978	49.11
0.0108	0	0	0	56955.7	210.084	49.0923
0.01104	0	1	0	56964.5	210.191	49.0746
0.01128	0	0	0	56973.6	210.301	49.0565
0.01152	0	2	0	56982.8	210.413	49.038
0.01176	0	0	0	56992.1	210.526	49.0196
0.012	0	0	0	57001.3	210.638	49.0011
0.01224	0	0	0	57011	210.756	48.9818
0.01248	0	0	0	57020.7	210.874	48.9625
0.01272	0	3	0	57030.4	210.992	48.9432
0.01296	0	0	2	57040.3	211.112	48.9235
0.0132	0	0	0	57050.4	211.242	48.9084
0.01344	0	0	0	57060.6	211.373	48.8936
0.01368	0	1	1	57070.8	211.504	48.8789
0.01392	0	1	0	57081.4	211.64	48.8635
0.01416	0	0	0	57092.1	211.778	48.848
0.0144	0	0	0	57102.8	211.915	48.8326
0.01464	0	0	0	57113.7	212.055	48.8169
0.01488	0	3	0	57124.9	212.199	48.8007
0.01512	0	2	0	57136.2	212.344	48.7844
0.01536	0	1	0	57147.4	212.489	48.7683
0.0156	0	0	1	57159.1	212.639	48.7515
0.01584	0	0	0	57170.9	212.792	48.7344
0.01608	0	1	0	57182.8	212.944	48.7174
0.01632	0	1	1	57194.7	213.098	48.7003
0.01656	0	5	1	57207.2	213.259	48.6824
0.0168	0	1	0	57219.7	213.42	48.6646
0.01704	0	3	0	57232.2	213.581	48.6467
0.01728	0	0	1	57245.1	213.747	48.6283
0.01752	0	0	1	57258.2	213.917	48.6095
0.01776	0	5	2	57271.4	214.087	48.5908
0.018	0	4	1	57284.6	214.257	48.572
0.01824	0	3	0	57298.5	214.436	48.5523
0.01848	0	4	0	57312.4	214.616	48.5325
0.01872	0	1	3	57326.3	214.796	48.5128
0.01896	0	8	1	57340.5	214.98	48.4926
0.0192	0	4	2	57355.2	215.17	48.4718
0.01944	0	3	1	57369.9	215.36	48.4511
0.01968	0	2	2	57384.6	215.55	48.4303
0.01992	0	4	3	57400.1	215.75	48.4086
0.02016	0	4	1	57415.6	215.952	48.3867
0.0204	0	3	4	57431.2	216.153	48.3648
0.02064	0	3	0	57447	216.359	48.3426
0.02088	0	4	0	57463.4	216.572	48.3195
0.02112	0	6	0	57479.9	216.786	48.2965
0.02136	0	7	0	57496.4	216.999	48.2734
0.0216	0	7	2	57513.5	217.223	48.2495
0.02184	0	6	0	57531	217.449	48.2251
0.02208	0	8	0	57548.4	217.676	48.2008
0.02232	0	9	4	57566.1	217.905	48.1764
0.02256	0	7	2	57584.6	218.146	48.1506
0.0228	0	6	3	57603.1	218.388	48.125
0.02304	0	7	1	57621.7	218.629	48.0993
0.02328	0	8	1	57640.9	218.879	48.0728
0.02352	0	5	7	57660.6	219.136	48.0456
0.02376	0	19	2	57680.3	219.393	48.0185
0.024	0	13	3	57700	219.65	47.9914
0.02424	0	11	5	57720.9	219.924	47.9626
0.02448	0	13	3	57741.9	220.197	47.9339
0.02472	0	16	4	57762.8	220.471	47.9053
0.02496	0	17	2	57784.4	220.753	47.8759
0.0252	0	14	4	57806.7	221.045	47.8455
0.02544	0	15	6	57829	221.337	47.8151
0.02568	0	13	0	57851.4	221.63	47.7848
0.02592	0	17	4	57874.9	221.939	47.7529
0.02616	0	24	3	57898.7	222.251	47.7207
0.0264	0	24	4	57922.5	222.563	47.6886
0.02664	0	25	3	57946.8	222.882	47.6559
0.02688	0	27	4	57972.2	223.216	47.6218
0.02712	0	35	4	57997.6	223.55	47.5877
0.02736	0	30	5	58023.1	223.884	47.5537
0.0276	0	26	5	58049.7	224.235	47.5181
0.02784	0	33	4	58077	224.594	47.4818
0.02808	0	36	4	58104.2	224.952	47.4457
0.02832	0	27	8	58131.6	225.314	47.4093
0.02856	0	37	9	58160.8	225.699	47.3708
0.0288	0	44	5	58189.9	226.083	47.3323
0.02904	0	52	9	58219	226.468	47.294
0.02928	0	51	3	58249.4	226.869	47.2542
0.02952	0	42	6	58280.6	227.283	47.2133
0.02976	0	54	9	58311.8	227.696	47.1726
0.03	0	69	5	58343	228.11	47.1319
0.03024	0	77	8	58376.6	228.554	47.0884
0.03048	0	65	9	58410.1	229	47.0449
0.03072	0	74	9	58443.7	229.445	47.0016
0.03096	0	80	12	58478.3	229.905	46.9571
0.0312	0	75	11	58514.4	230.386	46.9107
0.03144	0	71	5	58550.5	230.866	46.8645
0.03168	0	102	7	58586.6	231.348	46.8185
0.03192	0	88	7	58625.1	231.861	46.7696
0.03216	0	99	8	58664	232.379	46.7203
0.0324	0	119	11	58702.9	232.899	46.6712
0.03264	0	131	8	58742.6	233.43	46.6212
0.03288	0	139	7	58784.4	233.982	46.5643
0.03312	0	145	7	58826.3	234.507	46.4914
0.03336	0	160	6	58868.2	235.032	46.4185
0.0336	0	154	11	58912.4	235.587	46.3417
0.03384	0	193	9	58957.5	236.153	46.2635
0.03408	0	207	11	59002.7	236.719	46.1853
0.03432	0	250	7	59048.3	237.292	46.1064
0.03456	0	227	6	59097.2	237.904	46.0222
0.0348	0	229	10	59146	238.517	45.9382
0.03504	0	233	7	59194.8	239.129	45.8543
0.03528	0	279	6	59246	239.771	45.7666
0.03552	0	282	12	59298.8	240.434	45.6761
0.03576	0	335	4	59351.7	241.097	45.5859
0.036	0	349	10	59404.6	241.76	45.4958
0.03624	0	355	7	59461.8	242.478	45.3985
0.03648	0	401	6	59519.1	243.196	45.3014
0.03672	0	445	10	59576.3	243.914	45.2045
0.03696	0	469	6	59635.6	244.657	45.1044
0.0372	0	485	11	59697.6	245.434	45
0.03744	0	519	1	59759.6	246.211	44.8958
0.03768	0	586	4	59821.7	246.988	44.7919
0.03792	0	614	5	59888.1	247.82	44.6808
0.03816	0	656	1	59955.3	248.662	44.5688
0.0384	0	759	2	60022.4	249.502	44.4571
0.03864	0	770	8	60091.2	250.363	44.3431
0.03888	0	801	4	60163.9	251.273	44.2228
0.03912	0	924	5	60236.7	252.182	44.1028
0.03936	0	1115	3	60309.4	253.092	43.9832
0.0396	0	999	7	60386.6	254.055	43.8568
0.03984	0	1139	2	60465.5	255.04	43.7278
0.04008	0	1156	13	60544.4	256.039	43.6113
0.04032	0	1438	13	60624.3	257.072	43.51
0.04056	0	1322	3	60710.1	258.183	43.4018
0.0408	0	1439	4	60796	259.297	43.2944
0.04104	0	1604	8	60881.8	260.414	43.1877
0.04128	0	1683	8	60971.8	261.586	43.0766
0.04152	0	1915	5	61064.8	262.802	42.9626
0.04176	0	1918	8	61157.9	264.021	42.8493
0.042	0	2100	8	61250.9	265.242	42.737
0.04224	0	2332	5	61351.6	266.567	42.6163
0.04248	0	2548	10	61452.3	267.895	42.4966
0.04272	0	2575	11	61553	269.226	42.3778
0.04296	0	2937	12	61657.1	270.606	42.256
0.0432	0	3063	9	61765.9	272.052	42.1298
0.04344	0	3211	8	61874.7	273.501	42.0047
0.04368	0	3578	5	61983.4	274.954	41.8807
0.04392	0	3945	7	62099.5	276.509	41.7496
0.04416	0	4016	5	62216.9	278.084	41.6183
0.0444	0	4338	5	62334.2	279.69	41.4645
0.04464	0	4811	5	62454.1	281.338	41.3009
0.04488	0	4856	10	62580.3	283.071	41.1298
0.04512	0	5403	5	62706.5	284.802	40.96
0.04536	0	6017	2	62832.7	286.531	40.7915
0.0456	0	6148	6	62965.1	288.34	40.616
0.04584	0	6692	4	63099.9	290.18	40.4387
0.04608	0	7341	6	63234.8	292.017	40.2627
0.04632	0	7734	6	63370.8	293.866	40.0865
0.04656	0	8222	7	63514.2	295.811	39.9023
0.0468	0	8766	6	63657.6	297.75	39.7197
0.04704	0	9729	2	63800.9	299.685	39.5385
0.04728	0	10273	4	63948.2	301.667	39.354
0.04752	0	10993	5	64098.3	303.58	39.1926
0.04776	0	11907	2	64248.5	305.46	39.0396
0.048	0	12528	4	64398.7	307.335	38.8884
0.04824	0	13714	1	64554.9	309.278	38.733
0.04848	0	14630	6	64711	311.214	38.5795
0.04872	0	15864	4	64867.2	313.144	38.4278
0.04896	0	16831	4	65025.4	315.09	38.2761
0.0492	0	17698	0	65186.2	317.06	38.1238
0.04944	0	18864	5	65347.1	319.022	37.9734
0.04968	0	20213	5	65507.9	320.976	37.825
0.04992	0	22027	2	65669.6	322.931	37.6776
0.05016	0	23404	4	65831.5	324.908	37.523
0.0504	0	24646	8	65993.3	326.91	37.364
0.05064	0	26778	8	66154.4	328.916	37.2044
0.05088	0	28279	4	66313.2	330.911	37.0454
0.05112	0	30159	3	66472.1	332.921	36.885
0.05136	0	32355	3	66631	334.946	36.7233
0.0516	0	34354	2	66782.8	336.896	36.5675
0.05184	0	36456	4	66931.8	338.824	36.4134
0.05208	0	39191	3	67080.8	340.765	36.2582
0.05232	0	41219	2	67227.6	342.691	36.1041
0.05256	0	44021	5	67361.2	344.456	35.963
0.0528	0	46541	4	67494.8	346.276	35.8127
0.05304	0	49216	2	67628.4	348.187	35.6479
0.05328	0	53047	3	67746.3	349.879	35.5042
0.05352	0	55863	0	67852.4	351.406	35.3763
0.05376	0	58695	4	67958.4	352.937	35.2497
0.054	0	62472	1	68064.5	354.472	35.1245
0.05424	0	65554	2	68137.8	355.534	35.0388
0.05448	0	69303	4	68211	356.598	34.9537
0.05472	0	73421	4	68284.3	357.664	34.8693
0.05496	0	75970	2	68340.3	358.48	34.8052
0.0552	0	80896	3	68373.3	358.961	34.7676
0.05544	0	84637	6	68406.2	359.443	34.7301
0.05568	0	88976	4	68439.2	359.925	34.6927
0.05592	0	92578	4	68428.3	359.765	34.705
0.05616	0	96615	3	68410.1	359.499	34.7257
0.0564	0	101507	2	68391.9	359.233	34.7464
0.05664	0	105052	4	68358.4	358.745	34.7844
0.05688	0	110401	4	68286.9	357.701	34.8663
0.05712	0	115073	3	68215.3	356.66	34.9488
0.05736	0	118765	5	68143.7	355.62	35.0319
0.0576	0	122404	1	68030.6	353.981	35.1644
0.05784	0	126748	0	67901	352.107	35.3181
0.05808	0	132393	4	67771.3	350.239	35.4738
0.05832	0	134526	4	67635.1	348.284	35.6396
0.05856	0	138883	1	67459.8	345.776	35.8563
0.0588	0	143577	5	67284.5	343.441	36.0442
0.05904	0	146907	2	67109.1	341.135	36.2285
0.05928	0	149950	0	66909	338.528	36.437
0.05952	0	152521	7	66690.3	335.707	36.6626
0.05976	0	155570	3	66471.6	332.915	36.8855
0.06	0	158538	2	66252.9	330.152	37.1059
0.06024	0	161595	8	66005.9	327.066	37.3516
0.06048	0	164518	3	65758.9	324.016	37.5939
0.06072	0	167606	4	65511.9	321.024	37.8213
0.06096	0	169185	3	65258.9	317.948	38.0557
0.0612	0	170865	3	64998	314.753	38.3023
0.06144	0	173779	3	64737.1	311.537	38.554
0.06168	0	176172	2	64476.2	308.3	38.811
0.06192	0	176680	1	64210.8	304.989	39.0778
0.06216	0	176155	2	63944.7	301.62	39.3583
0.0624	0	178524	2	63678.6	298.034	39.693
0.06264	0	178618	5	63415.6	294.474	40.0288
0.06288	0	179836	5	63160.7	291.008	40.3592
0.06312	0	180605	2	62905.7	287.529	40.6946
0.06336	0	181994	2	62650.8	284.039	41.0349
0.0636	0	181188	2	62398.4	280.574	41.3767
0.06384	0	181899	7	62147.1	277.147	41.6962
0.06408	0	184010	4	61895.8	273.783	41.9805
0.06432	0	183959	3	61646.6	270.467	42.2683
0.06456	0	181706	2	61409.9	267.335	42.5469
0.0648	0	183703	2	61173.2	264.222	42.8308
0.06504	0	183780	13	60936.5	261.126	43.1201
0.06528	0	182811	8	60706.5	258.136	43.4064
0.06552	0	181806	7	60481.4	255.239	43.7018
0.06576	0	182620	4	60256.4	252.429	44.0704
0.066	0	180791	6	60031.3	249.614	44.4423
0.06624	0	179899	4	59830.7	247.101	44.7767
0.06648	0	181755	7	59630	244.587	45.1139
0.06672	0	178140	88	59429.4	242.071	45.4537
0.06696	0	177975	186	59246.1	239.773	45.7663
0.0672	0	175673	523	59086.2	237.767	46.0411
0.06744	0	176949	973	58926.2	235.76	46.3177
0.06768	0	174121	2099	58766.3	233.747	46.5915
0.06792	0	172036	2665	58639.8	232.056	46.751
0.06816	0	172486	3348	58518.8	230.444	46.9051
0.0684	0	172936	4028	58397.8	228.837	47.0608
0.06864	0	173352	5587	58292.8	227.445	47.1973
0.06888	0	170757	8378	58227.8	226.584	47.2826
0.06912	0	172408	11134	58162.7	225.724	47.3683
0.06936	0	172107	14302	58097.6	224.865	47.4544
0.0696	0	172283	15830	58072.2	224.53	47.4882
0.06984	0	171935	19357	58062.6	224.405	47.5009
0.07008	0	175567	21734	58053.1	224.279	47.5137
0.07032	0	177676	25468	58052.9	224.277	47.5139
0.07056	0	177889	32089	58109	225.016	47.4393
0.0708	0	179288	33344	58165.1	225.756	47.365
0.07104	0	182617	37751	58221.2	226.497	47.2912
0.07128	0	182016	44579	58312	227.698	47.1724
0.07152	0	186028	47171	58428.7	229.246	47.0209
0.07176	0	188803	48819	58545.4	230.799	46.871
0.072	0	190600	57296	58662.2	232.355	46.7226
0.07224	0	194271	61210	58829.8	234.551	46.4853
0.07248	0	197905	64837	58997.4	236.654	46.1944
0.07272	0	203238	69755	59165.1	238.756	45.9054
0.07296	0	207299	76043	59351.3	241.092	45.5867
0.0732	0	212484	80847	59562.2	243.737	45.2284
0.07344	0	219946	84802	59773.1	246.38	44.8732
0.07368	0	224070	90154	59984.1	249.022	44.5209
0.07392	0	228990	99319	60228	252.074	44.1171
0.07416	0	235874	102647	60477.5	255.191	43.7081
0.0744	0	243168	109737	60727	258.402	43.3806
0.07464	0	251101	116551	60987.8	261.795	43.0569
0.07488	0	258363	123159	61276.7	265.58	42.706
0.07512	0	267982	130696	61565.6	269.392	42.3631
0.07536	0	277006	137168	61854.5	273.231	42.0279
0.0756	0	286846	143071	62141.7	277.075	41.7022
0.07584	0	296204	150326	62428.4	280.985	41.3358
0.07608	0	309175	155254	62715	284.919	40.9486
0.07632	0	322974	163757	62992.5	288.715	40.5798
0.07656	0	337300	172074	63215.4	291.754	40.2878
0.0768	0	350955	177476	63438.3	294.782	39.9996
0.07704	0	368675	185533	63661.2	297.8	39.715
0.07728	0	387692	198206	63763.9	299.187	39.5851
0.07752	0	407076	205437	63776.6	299.357	39.5692
0.07776	0	432289	211510	63789.2	299.527	39.5533
0.078	0	455465	222212	63801.8	299.697	39.5374
0.07824	0	484397	240860	63371.2	293.871	40.086
0.07848	0	517212	245848	62940.5	288.005	40.6485
0.07872	0	551571	257211	62509.9	282.105	41.2251
0.07896	0	591892	274265	61767.2	272.069	42.1283
0.0792	0	627176	284517	60608.6	256.869	43.5299
0.07944	0	665499	289755	59450	242.329	45.4187
0.07968	0	712185	301016	58291.3	227.424	47.1993
0.07992	0	761242	320536	56496.4	204.568	50.0367
0.08016	0	789812	323319	54595.5	182.901	54.186
0.0804	0	815546	330707	52694.5	161.47	57.8274
0.08064	0	840846	349341	50740.3	140.175	62.8565
0.08088	0	860579	366951	48652.9	117.111	68.4844
0.08112	0	853703	365657	46565.6	103.497	82.7436
0.08136	0	848947	382926	44478.2	82.9617	93.7076
0.0816	0	858219	426466	42795.5	68.2769	95.7213
0.08184	0	850965	444399	41274.7	54.1156	100.082
0.08208	0	853201	475262	39753.9	44.6996	112.513
0.08232	0	863207	536650	38373.2	38.193	129.024
0.08256	0	876378	605360	37833.5	35.6795	136.426
0.0828	0	873240	608820	37293.8	32.9554	143.89
0.08304	0	882473	652319	36754.1	30.0652	150.99
0.08328	0	900901	732965	36696.7	29.7518	151.719
0.08352	0	905585	757816	37001.1	31.4036	147.791
0.08376	0	909355	757068	37305.6	33.017	143.731
0.084	0	929697	808583	37610	34.577	139.555
0.08424	0	956459	907340	38335.9	38.0199	129.517
0.08448	0	951490	835548	39061.9	41.4125	120.38
0.08472	0	964128	848585	39787.8	44.8781	112.157
0.08496	0	982825	931373	40515.8	49.0387	105.421
0.0852	0	988842	951568	41246.6	53.9123	100.252
0.08544	0	990282	875168	41977.4	60.2384	97.402
0.08568	0	1.01071e+06	904551	42708.1	67.3836	95.8464
0.08592	0	1.04042e+06	1.04909e+06	43164.9	72.1426	95.3337
0.08616	0	1.02782e+06	885363	43576	75.5516	95.0569
0.0864	0	1.03309e+06	858807	43987.1	78.9466	94.5672
0.08664	0	1.06785e+06	960600	44287.3	81.4082	94.0767
0.08688	0	1.08564e+06	1.02102e+06	44310.5	81.5971	94.0343
0.08712	0	1.07423e+06	842970	44333.6	81.7858	93.9913
0.08736	0	1.08689e+06	887988	44356.8	81.9744	93.9476
0.0876	0	1.11301e+06	1.08083e+06	44172.1	80.466	94.278
0.08784	0	1.10144e+06	930097	43904.4	78.2655	94.6827
0.08808	0	1.10455e+06	857708	43636.6	76.0537	94.998
0.08832	0	1.13323e+06	977037	43332.3	73.5314	95.2469
0.08856	0	1.16608e+06	1.1306e+06	42808.3	68.4085	95.704
0.0888	0	1.16841e+06	891568	42284.4	63.1695	96.6366
0.08904	0	1.20308e+06	929629	41760.4	58.2277	98.043
0.08928	0	1.25879e+06	1.15584e+06	41202.2	53.5946	100.524
0.08952	0	1.26244e+06	1.09663e+06	40618.5	49.6787	104.604
0.08976	0	1.26808e+06	964282	40034.7	46.2186	109.68
0.09	0	1.2959e+06	1.09904e+06	39451	43.243	115.856
0.09024	0	1.34908e+06	1.37789e+06	39258.9	42.3388	118.059
0.09048	0	1.31402e+06	1.07383e+06	39066.8	41.4355	120.322
0.09072	0	1.31894e+06	1.11637e+06	38874.6	40.5338	122.647
0.09096	0	1.35558e+06	1.36538e+06	38926.6	40.7773	122.012
0.0912	0	1.35099e+06	1.37216e+06	39303.9	42.5507	117.537
0.09144	0	1.3334e+06	1.19027e+06	39681.2	44.3266	113.293
0.09168	0	1.3381e+06	1.28284e+06	40058.5	46.3512	109.453
0.09192	0	1.38197e+06	1.52132e+06	40594.7	49.5295	104.79
0.09216	0	1.35431e+06	1.29533e+06	41157.5	53.2769	100.804
0.0924	0	1.35474e+06	1.23204e+06	41720.3	57.8615	98.1708
0.09264	0	1.37985e+06	1.3588e+06	42210.2	62.4522	96.8064
0.09288	0	1.40752e+06	1.50484e+06	42518	65.4687	96.1631
0.09312	0	1.38969e+06	1.22211e+06	42825.8	68.5886	95.6809
0.09336	0	1.40267e+06	1.25155e+06	43133.6	71.813	95.3572
0.0936	0	1.44834e+06	1.53575e+06	43220.8	72.6067	95.3087
0.09384	0	1.43571e+06	1.33841e+06	43219.8	72.5982	95.3092
0.09408	0	1.4407e+06	1.21628e+06	43218.8	72.5896	95.3097
0.09432	0	1.46518e+06	1.35982e+06	43207.3	72.4948	95.3151
0.09456	0	1.51121e+06	1.6434e+06	43133.5	71.8113	95.3574
0.0948	0	1.48785e+06	1.2724e+06	43059.6	71.0279	95.4207
0.09504	0	1.49888e+06	1.30796e+06	42985.7	70.2505	95.4931
0.09528	0	1.54582e+06	1.63447e+06	42957.9	69.9597	95.5226
0.09552	0	1.54627e+06	1.53564e+06	42964.7	70.0307	95.5153
0.09576	0	1.547e+06	1.3345e+06	42971.5	70.1017	95.508
0.096	0	1.56978e+06	1.49398e+06	42978.3	70.1728	95.5008
0.09624	0	1.63686e+06	1.77189e+06	43014.9	70.5572	95.4634
0.09648	0	1.60749e+06	1.46979e+06	43051.6	70.9432	95.4281
0.09672	0	1.62592e+06	1.44318e+06	43088.2	71.3306	95.3951
0.09696	0	1.67534e+06	1.69336e+06	43120	71.6678	95.3683
0.0972	0	1.69208e+06	1.72427e+06	43145.3	71.9371	95.3481
0.09744	0	1.69082e+06	1.52331e+06	43170.6	72.1897	95.3314
0.09768	0	1.71376e+06	1.61247e+06	43195.9	72.3995	95.3203
0.09792	0	1.78311e+06	1.91157e+06	43206.1	72.4844	95.3157
0.09816	0	1.75732e+06	1.63597e+06	43213.8	72.5484	95.312
0.0984	0	1.77556e+06	1.59864e+06	43221.5	72.6124	95.3083
0.09864	0	1.82686e+06	1.76523e+06	43245.4	72.8104	95.2964
0.09888	0	1.85786e+06	2.00411e+06	43309.6	73.3433	95.2607
0.09912	0	1.8449e+06	1.64069e+06	43373.8	73.8761	95.2198
0.09936	0	1.8856e+06	1.74559e+06	43438.1	74.4087	95.1737
0.0996	0	1.96457e+06	2.18336e+06	43512.9	75.0292	95.1133
0.09984	0	1.9548e+06	1.90498e+06	43592	75.6845	95.0418
0.10008	0	1.96872e+06	1.7281e+06	43671.1	76.3392	94.9624
0.10032	0	2.02985e+06	2.00561e+06	43730.8	76.8329	94.8973
0.10056	0	2.11114e+06	2.23822e+06	43674.1	76.3634	94.9593
0.1008	0	2.08334e+06	1.91861e+06	43617.3	75.8935	95.0173
0.10104	0	2.11573e+06	1.95942e+06	43560.5	75.4234	95.0712
0.10128	0	2.21122e+06	2.2444e+06	43378.4	73.9141	95.2167
0.10152	0	2.21832e+06	2.22745e+06	43102.4	71.4809	95.3829
0.10176	0	2.22553e+06	1.99785e+06	42826.3	68.5939	95.6802
0.102	0	2.29924e+06	2.1315e+06	42550.3	65.7909	96.105
0.10224	0	2.42684e+06	2.78512e+06	41886	59.386	97.6616
0.10248	0	2.3798e+06	2.07743e+06	41221.8	53.7342	100.403
0.10272	0	2.43974e+06	2.05594e+06	40557.5	49.2971	105.085
0.10296	1	2.5642e+06	2.51196e+06	39927.5	45.6282	110.73
0.1032	0	2.5887e+06	2.53702e+06	39343.2	42.7356	117.085
0.10344	0	2.57732e+06	2.2844e+06	38758.8	39.9911	124.08
0.10368	0	2.61781e+06	2.56023e+06	38174.5	37.2723	131.681
0.10392	0	2.74867e+06	3.04465e+06	37989.8	36.4217	134.218
0.10416	0	2.72212e+06	2.64302e+06	37871.8	35.8643	135.885
0.1044	0	2.7609e+06	2.48029e+06	37753.8	35.2908	137.548
0.10464	0	2.87222e+06	2.89337e+06	37641.5	34.7345	139.118
0.10488	0	2.95013e+06	3.375e+06	37543.4	34.2409	140.478
0.10512	0	2.91708e+06	2.66497e+06	37445.3	33.7405	141.827
0.10536	0	2.97356e+06	2.80325e+06	37347.2	33.2339	143.166
0.1056	0	3.09891e+06	3.17605e+06	37397.5	33.4942	142.481
0.10584	0	3.04724e+06	2.9542e+06	37507.1	34.0565	140.979
0.10608	0	3.04387e+06	2.82056e+06	37616.7	34.6105	139.462
0.10632	0	3.12284e+06	3.12073e+06	37765.2	35.347	137.387
0.10656	0	3.23917e+06	4.02057e+06	38147.5	37.1476	132.048
0.1068	0	3.17033e+06	3.001e+06	38529.7	38.9208	126.985
0.10704	0	3.18662e+06	3.07165e+06	38911.9	40.7085	122.191
0.10728	0	3.29384e+06	3.48156e+06	39155.8	41.8542	119.265
0.10752	1	3.24337e+06	3.32138e+06	39296	42.5137	117.628
0.10776	0	3.18908e+06	2.88335e+06	39436.2	43.1736	116.023
0.108	0	3.22466e+06	3.10913e+06	39576.4	43.8336	114.449
0.10824	0	3.39018e+06	4.08866e+06	39318.9	42.6212	117.364
0.10848	0	3.25804e+06	3.03249e+06	39061.3	41.4098	120.387
0.10872	0	3.26907e+06	3.04256e+06	38803.7	40.2014	123.522
0.10896	0	3.35068e+06	3.31312e+06	38526.5	38.9059	127.027
0.1092	0	3.32703e+06	3.56234e+06	38223	37.4964	131.026
0.10944	0	3.23854e+06	2.96467e+06	37919.4	36.0923	135.211
0.10968	0	3.26119e+06	3.28221e+06	37615.9	34.6066	139.473
0.10992	0	3.39495e+06	3.78844e+06	37483	33.9335	141.31
0.11016	0	3.25806e+06	3.20818e+06	37378.5	33.3961	142.74
0.1104	1	3.23338e+06	3.0078e+06	37274	32.852	144.157
0.11064	0	3.30131e+06	3.22407e+06	37170.5	32.3067	145.548
0.11088	0	3.32473e+06	4.00481e+06	37069.3	31.7685	146.893
0.11112	0	3.18301e+06	3.04472e+06	36968.1	31.2256	148.225
0.11136	0	3.16203e+06	3.08822e+06	36866.8	30.6788	149.541
0.1116	2	3.26483e+06	3.41001e+06	36804.8	30.3416	150.341
0.11184	0	3.12802e+06	3.17948e+06	36758.3	30.0887	150.935
0.11208	2	3.0335e+06	2.84121e+06	36711.9	29.8351	151.526
0.11232	0	3.04478e+06	3.09569e+06	36654.7	29.522	152.25
0.11256	3	3.10457e+06	3.81847e+06	36533	28.8526	153.772
0.1128	1	2.93164e+06	2.86019e+06	36411.2	28.1806	155.27
0.11304	1	2.91336e+06	2.82778e+06	36289.4	27.507	156.742
0.11328	0	2.97579e+06	3.10173e+06	36096.2	26.2851	158.278
0.11352	1	2.85961e+06	2.9879e+06	35849.4	24.6858	159.774
0.11376	3	2.73118e+06	2.65708e+06	35602.7	23.163	161.306
0.114	1	2.72384e+06	2.76073e+06	35356	21.7147	162.875
0.11424	0	2.81607e+06	3.28289e+06	35273.5	21.2471	163.407
0.11448	3	2.62609e+06	2.68361e+06	35191.1	20.7874	163.944
0.11472	0	2.56545e+06	2.56494e+06	35108.7	20.3357	164.485
0.11496	0	2.59936e+06	2.88185e+06	35045.4	19.9944	164.904
0.1152	2	2.54696e+06	2.95039e+06	35007.7	19.7933	165.154
0.11544	2	2.43614e+06	2.49082e+06	34970.1	19.5938	165.405
0.11568	2	2.44667e+06	2.53622e+06	34932.4	19.3959	165.657
0.11592	3	2.5335e+06	2.9891e+06	34754.6	18.4837	166.859
0.11616	3	2.38295e+06	2.5484e+06	34553.5	17.4934	168.244
0.1164	0	2.34549e+06	2.31256e+06	34352.4	16.6677	170.6
0.11664	5	2.40885e+06	2.63545e+06	34147.6	15.9241	173.614
0.11688	0	2.37696e+06	2.92835e+06	33933.2	15.1866	176.987
0.11712	0	2.15806e+06	2.33922e+06	33718.9	14.4883	180.594
0.11736	2	2.07878e+06	2.32366e+06	33504.6	13.8266	184.447
0.1176	3	2.10419e+06	2.80153e+06	32985.4	12.3638	194.878
0.11784	1	1.91253e+06	2.29815e+06	32344.2	10.7885	208.988
0.11808	4	1.82803e+06	1.96984e+06	31703.1	9.29285	224.167
0.11832	6	1.90014e+06	2.14653e+06	31290.7	8.37204	234.789
0.11856	6	2.0445e+06	2.65699e+06	32250.6	10.5663	211.109
0.1188	4	2.22181e+06	2.16841e+06	33210.5	12.975	190.156
0.11904	3	2.48804e+06	2.47267e+06	34170.4	16.0052	173.268
0.11928	5	2.71259e+06	3.12421e+06	41193.9	53.5354	100.575
0.11952	2	2.79955e+06	3.25693e+06	52765.2	162.276	57.6928
0.11976	0	2.72637e+06	1.91448e+06	64336.4	306.558	38.9509
