0	0	0	0	56226.2	201.377	50.614
0.00024	0	0	0	56228.4	201.402	50.6093
0.00048	0	0	0	56230.6	201.428	50.6046
0.00072	0	0	0	56232.7	201.453	50.5999
0.00096	0	0	0	56234.9	201.48	50.5951
0.0012	0	0	0	56237.2	201.506	50.5902
0.00144	0	0	0	56239.5	201.533	50.5852
0.00168	0	0	0	56241.8	201.56	50.5803
0.00192	0	0	0	56244.2	201.588	50.5752
0.00216	0	0	0	56246.5	201.616	50.57
0.0024	0	0	0	56248.9	201.644	50.5648
0.00264	0	0	0	56251.4	201.672	50.5596
0.00288	0	0	0	56253.9	201.702	50.5542
0.00312	0	0	0	56256.4	201.731	50.5487
0.00336	0	0	0	56258.9	201.761	50.5433
0.0036	0	0	0	56261.5	201.791	50.5377
0.00384	0	0	0	56264.1	201.823	50.532
0.00408	0	0	0	56266.8	201.854	50.5263
0.00432	0	0	0	56269.4	201.885	50.5206
0.00456	0	0	0	56272.2	201.917	50.5146
0.0048	0	0	0	56275	201.95	50.5086
0.00504	0	0	0	56277.8	201.983	50.5026
0.00528	0	0	0	56280.6	202.016	50.4964
0.00552	0	0	0	56283.5	202.051	50.4902
0.00576	0	0	0	56286.5	202.085	50.4839
0.006	0	0	0	56289.4	202.119	50.4776
0.00624	0	0	0	56292.5	202.156	50.471
0.00648	0	0	0	56295.5	202.192	50.4643
0.00672	0	0	0	56298.6	202.228	50.4577
0.00696	0	0	0	56301.8	202.265	50.451
0.0072	0	0	0	56305	202.303	50.444
0.00744	0	0	0	56308.2	202.342	50.437
0.00768	0	0	0	56311.5	202.38	50.43
0.00792	0	0	0	56314.9	202.42	50.4228
0.00816	0	0	0	56318.3	202.46	50.4154
0.0084	0	0	0	56321.7	202.5	50.4081
0.00864	0	0	0	56325.2	202.541	50.4006
0.00888	0	0	0	56328.8	202.584	50.3929
0.00912	0	0	0	56332.4	202.627	50.3851
0.00936	0	0	0	56336	202.669	50.3774
0.0096	0	0	0	56339.8	202.714	50.3693
0.00984	0	1	0	56343.6	202.759	50.3612
0.01008	0	0	0	56347.4	202.804	50.353
0.01032	0	0	0	56351.3	202.849	50.3448
0.01056	0	0	0	56355.3	202.897	50.3361
0.0108	0	0	0	56359.3	202.944	50.3275
0.01104	0	1	0	56363.4	202.992	50.3189
0.01128	0	0	0	56367.6	203.041	50.31
0.01152	0	2	0	56371.8	203.092	50.3009
0.01176	0	0	0	56376.1	203.142	50.2918
0.012	0	0	0	56380.4	203.193	50.2827
0.01224	0	0	0	56384.9	203.246	50.273
0.01248	0	0	0	56389.4	203.3	50.2633
0.01272	0	3	0	56394	203.353	50.2537
0.01296	0	0	2	56398.6	203.408	50.2438
0.0132	0	0	0	56403.4	203.465	50.2336
0.01344	0	0	0	56408.2	203.522	50.2233
0.01368	0	1	1	56413	203.579	50.2131
0.01392	0	1	0	56418.1	203.639	50.2023
0.01416	0	0	0	56423.2	203.7	50.1915
0.0144	0	0	0	56428.3	203.76	50.1807
0.01464	0	0	0	56433.5	203.822	50.1696
0.01488	0	3	0	56439	203.886	50.1581
0.01512	0	2	0	56444.4	203.95	50.1466
0.01536	0	1	0	56449.8	204.015	50.1351
0.0156	0	0	1	56455.5	204.082	50.1231
0.01584	0	0	0	56461.3	204.151	50.1109
0.01608	0	1	0	56467	204.219	50.0987
0.01632	0	1	1	56472.9	204.288	50.0864
0.01656	0	5	1	56479	204.362	50.0734
0.0168	0	1	0	56485.2	204.435	50.0604
0.01704	0	3	0	56491.4	204.508	50.0474
0.01728	0	0	1	56497.8	204.584	50.0339
0.01752	0	0	1	56504.3	204.662	50.0201
0.01776	0	5	2	56510.9	204.74	50.0063
0.018	0	4	1	56517.5	204.818	49.9924
0.01824	0	3	0	56524.5	204.902	49.9777
0.01848	0	4	0	56531.5	204.985	49.963
0.01872	0	1	3	56538.5	205.069	49.9483
0.01896	0	8	1	56545.7	205.155	49.9331
0.0192	0	4	2	56553.3	205.244	49.9173
0.01944	0	3	1	56560.8	205.334	49.9016
0.01968	0	2	2	56568.3	205.424	49.8858
0.01992	0	4	3	56576.3	205.519	49.8691
0.02016	0	4	1	56584.4	205.615	49.8523
0.0204	0	3	4	56592.5	205.712	49.8355
0.02064	0	3	0	56600.7	205.81	49.8183
0.02088	0	4	0	56609.3	205.913	49.8003
0.02112	0	6	0	56618	206.016	49.7823
0.02136	0	7	0	56626.6	206.12	49.7644
0.0216	0	7	2	56635.7	206.228	49.7455
0.02184	0	6	0	56645	206.339	49.7262
0.02208	0	8	0	56654.3	206.45	49.707
0.02232	0	9	4	56663.6	206.563	49.6876
0.02256	0	7	2	56673.7	206.683	49.6669
0.0228	0	6	3	56683.7	206.803	49.6462
0.02304	0	7	1	56693.7	206.923	49.6255
0.02328	0	8	1	56704.1	207.048	49.6039
0.02352	0	5	7	56715	207.178	49.5817
0.02376	0	19	2	56725.8	207.308	49.5595
0.024	0	13	3	56736.6	207.437	49.5373
0.02424	0	11	5	56748.2	207.578	49.5133
0.02448	0	13	3	56759.9	207.718	49.4894
0.02472	0	16	4	56771.5	207.858	49.4656
0.02496	0	17	2	56783.6	208.003	49.4409
0.0252	0	14	4	56796.2	208.155	49.4151
0.02544	0	15	6	56808.8	208.307	49.3894
0.02568	0	13	0	56821.5	208.46	49.3637
0.02592	0	17	4	56835	208.623	49.3362
0.02616	0	24	3	56848.6	208.787	49.3085
0.0264	0	24	4	56862.3	208.952	49.2808
0.02664	0	25	3	56876.3	209.122	49.2524
0.02688	0	27	4	56891.1	209.301	49.2225
0.02712	0	35	4	56905.9	209.48	49.1925
0.02736	0	30	5	56920.7	209.66	49.1627
0.0276	0	26	5	56936.5	209.851	49.1309
0.02784	0	33	4	56952.7	210.048	49.0984
0.02808	0	36	4	56968.9	210.244	49.0659
0.02832	0	27	8	56985.3	210.443	49.0331
0.02856	0	37	9	57002.9	210.658	48.9978
0.0288	0	44	5	57020.6	210.873	48.9626
0.02904	0	52	9	57038.3	211.088	48.9274
0.02928	0	51	3	57056.8	211.325	48.8991
0.02952	0	42	6	57076.1	211.572	48.8712
0.02976	0	54	9	57095.3	211.819	48.8434
0.03	0	69	5	57114.6	212.066	48.8156
0.03024	0	77	8	57135.7	212.338	48.7851
0.03048	0	65	9	57156.8	212.61	48.7547
0.03072	0	74	9	57178	212.882	48.7244
0.03096	0	80	12	57200	213.166	48.6928
0.0312	0	75	11	57223.3	213.466	48.6594
0.03144	0	71	5	57246.6	213.766	48.6262
0.03168	0	102	7	57269.8	214.066	48.593
0.03192	0	88	7	57295.1	214.393	48.5571
0.03216	0	99	8	57320.7	214.723	48.5208
0.0324	0	119	11	57346.3	215.054	48.4845
0.03264	0	131	8	57372.6	215.394	48.4474
0.03288	0	139	7	57400.7	215.758	48.4077
0.03312	0	145	7	57428.8	216.123	48.3682
0.03336	0	160	6	57456.9	216.487	48.3287
0.0336	0	154	11	57487	216.878	48.2865
0.03384	0	193	9	57518	217.28	48.2433
0.03408	0	207	11	57548.9	217.682	48.2002
0.03432	0	250	7	57580.4	218.091	48.1565
0.03456	0	227	6	57614.7	218.539	48.1089
0.0348	0	229	10	57649.1	218.987	48.0614
0.03504	0	233	7	57683.5	219.435	48.0141
0.03528	0	279	6	57720	219.912	47.9639
0.03552	0	282	12	57758.2	220.411	47.9116
0.03576	0	335	4	57796.4	220.911	47.8595
0.036	0	349	10	57834.6	221.411	47.8075
0.03624	0	355	7	57877	221.966	47.75
0.03648	0	401	6	57919.4	222.522	47.6928
0.03672	0	445	10	57961.8	223.079	47.6357
0.03696	0	469	6	58006.3	223.663	47.5761
0.0372	0	485	11	58053.4	224.284	47.5131
0.03744	0	519	1	58100.6	224.905	47.4504
0.03768	0	586	4	58147.8	225.527	47.3879
0.03792	0	614	5	58199.4	226.209	47.3198
0.03816	0	656	1	58251.8	226.902	47.251
0.0384	0	759	2	58304.2	227.595	47.1825
0.03864	0	770	8	58358.2	228.311	47.1122
0.03888	0	801	4	58416.4	229.083	47.0368
0.03912	0	924	5	58474.6	229.856	46.9618
0.03936	0	1115	3	58532.8	230.63	46.8872
0.0396	0	999	7	58595.8	231.47	46.8068
0.03984	0	1139	2	58660.8	232.336	46.7244
0.04008	0	1156	13	58725.7	233.204	46.6424
0.04032	0	1438	13	58791.9	234.075	46.5514
0.04056	0	1322	3	58865	234.992	46.4241
0.0408	0	1439	4	58938.1	235.909	46.2971
0.04104	0	1604	8	59011.2	236.826	46.1705
0.04128	0	1683	8	59089.2	237.805	46.0359
0.04152	0	1915	5	59170.9	238.83	45.8953
0.04176	0	1918	8	59252.6	239.854	45.7552
0.042	0	2100	8	59334.3	240.879	45.6155
0.04224	0	2332	5	59425.4	242.021	45.4604
0.04248	0	2548	10	59516.4	243.163	45.3059
0.04272	0	2575	11	59607.5	244.304	45.1519
0.04296	0	2937	12	59703	245.501	44.991
0.0432	0	3063	9	59804.4	246.772	44.8208
0.04344	0	3211	8	59905.8	248.042	44.6512
0.04368	0	3578	5	60007.2	249.312	44.4824
0.04392	0	3945	7	60118.5	250.704	44.298
0.04416	0	4016	5	60231.3	252.116	44.1116
0.0444	0	4338	5	60344.2	253.526	43.9261
0.04464	0	4811	5	60460.7	254.981	43.7356
0.04488	0	4856	10	60586.1	256.578	43.5583
0.04512	0	5403	5	60711.6	258.202	43.4001
0.04536	0	6017	2	60837	259.83	43.2433
0.0456	0	6148	6	60971.3	261.58	43.0772
0.04584	0	6692	4	61109.1	263.382	42.9086
0.04608	0	7341	6	61247	265.19	42.7417
0.04632	0	7734	6	61386.7	267.029	42.5745
0.04656	0	8222	7	61537.5	269.021	42.396
0.0468	0	8766	6	61688.3	271.021	42.2197
0.04704	0	9729	2	61839.2	273.028	42.0454
0.04728	0	10273	4	61995.9	275.12	41.8666
0.04752	0	10993	5	62157	277.279	41.6851
0.04776	0	11907	2	62318.1	279.468	41.4866
0.048	0	12528	4	62479.1	281.683	41.2668
0.04824	0	13714	1	62650	284.028	41.0359
0.04848	0	14630	6	62820.9	286.369	40.8073
0.04872	0	15864	4	62991.7	288.704	40.5809
0.04896	0	16831	4	63166.1	291.082	40.3521
0.0492	0	17698	0	63345.1	293.518	40.1196
0.04944	0	18864	5	63524.2	295.946	39.8895
0.04968	0	20213	5	63703.2	298.367	39.6618
0.04992	0	22027	2	63884	300.803	39.4342
0.05016	0	23404	4	64065	303.162	39.2268
0.0504	0	24646	8	64246	305.429	39.0421
0.05064	0	26778	8	64425.6	307.671	38.8614
0.05088	0	28279	4	64601.6	309.859	38.6868
0.05112	0	30159	3	64777.6	312.038	38.5146
0.05136	0	32355	3	64953.6	314.207	38.3447
0.0516	0	34354	2	65116.5	316.207	38.1896
0.05184	0	36456	4	65274.1	318.134	38.0414
0.05208	0	39191	3	65431.8	320.052	37.895
0.05232	0	41219	2	65585.2	321.911	37.7543
0.05256	0	44021	5	65713.6	323.46	37.6379
0.0528	0	46541	4	65841.9	325.037	37.5128
0.05304	0	49216	2	65970.3	326.624	37.3868
0.05328	0	53047	3	66067.2	327.828	37.291
0.05352	0	55863	0	66140.5	328.743	37.2181
0.05376	0	58695	4	66213.9	329.662	37.145
0.054	0	62472	1	66287.2	330.583	37.0715
0.05424	0	65554	2	66292.5	330.65	37.0662
0.05448	0	69303	4	66297.8	330.716	37.0609
0.05472	1	73421	4	66303	330.783	37.0556
0.05496	3	75970	2	66270.7	330.375	37.0881
0.0552	3	80896	3	66188.2	329.34	37.1706
0.05544	2	84636	6	66105.7	328.308	37.2528
0.05568	5	88975	4	66023.2	327.281	37.3346
0.05592	9	92577	4	65840.2	325.016	37.5145
0.05616	11	96612	2	65640.5	322.58	37.704
0.0564	42	101496	2	65440.8	320.162	37.8867
0.05664	59	105036	3	65204.3	317.281	38.1069
0.05688	107	110350	2	64875.6	313.246	38.4198
0.05712	164	115001	3	64546.9	309.179	38.7409
0.05736	252	118664	3	64218.1	305.081	39.0704
0.0576	370	122235	0	63787.2	299.5	39.5558
0.05784	532	126492	0	63315.3	293.113	40.1582
0.05808	773	132071	1	62843.5	286.678	40.7772
0.05832	1039	134052	1	62355.5	279.984	41.4353
0.05856	1375	138174	1	61771	272.12	42.1239
0.0588	1738	142522	5	61186.6	264.397	42.8146
0.05904	2240	145610	1	60602.1	256.784	43.5382
0.05928	2778	148281	0	59968.1	248.823	44.5474
0.05952	3486	150294	4	59297.1	240.413	45.6791
0.05976	4553	152716	1	58626.1	231.874	46.7683
0.06	5703	155114	0	57955.1	222.991	47.6447
0.06024	6979	157380	5	57258.9	213.926	48.6085
0.06048	8202	159240	1	56562.8	205.358	49.8974
0.06072	9270	161024	3	55866.6	197.192	51.4081
0.06096	10549	161736	1	55187.8	189.492	52.9555
0.0612	12282	162303	2	54532.1	182.196	54.3161
0.06144	14172	164150	1	53876.4	174.915	55.6434
0.06168	16189	165288	1	53220.8	167.497	56.8563
0.06192	18501	163944	0	52642.5	160.877	57.9274
0.06216	20569	162498	2	52077	154.472	59.0603
0.0624	22863	163490	2	51511.6	148.337	60.5123
0.06264	25624	162410	1	50984.1	142.754	62.0992
0.06288	28037	162120	1	50551.3	138.176	63.4545
0.06312	30778	161548	0	50118.5	133.61	64.8599
0.06336	32863	162086	1	49685.6	128.362	65.7248
0.0636	35734	160067	1	49326	124.237	66.5614
0.06384	38045	160053	0	48995.7	120.646	67.4455
0.06408	39905	161563	3	48665.4	117.236	68.4446
0.06432	42436	160267	0	48348.1	114.199	69.5688
0.06456	44994	158042	0	48109.6	112.857	71.0987
0.0648	47656	159141	1	47871	111.495	72.6983
0.06504	49394	158969	6	47632.4	110.116	74.3709
0.06528	51923	157976	0	47431.9	108.944	75.8356
0.06552	54587	157083	1	47259.9	107.93	77.1363
0.06576	56805	157850	3	47087.9	106.907	78.4796
0.066	59347	156056	1	46915.9	105.878	79.8669
0.06624	60830	155984	1	46792.9	105.136	80.8877
0.06648	63142	158844	1	46669.8	104.392	81.9323
0.06672	65697	155935	85	46546.7	103.307	82.881
0.06696	67841	156596	183	46438.6	102.223	83.6573
0.0672	69894	156130	521	46350.7	101.336	84.2776
0.06744	71889	157742	972	46262.8	100.445	84.8871
0.06768	73210	157412	2093	46174.8	99.551	85.4854
0.06792	75379	157243	2656	46087.7	98.6621	86.067
0.06816	77110	159676	3336	46000.7	97.7717	86.6362
0.0684	79234	161846	3846	45913.7	96.8787	87.1937
0.06864	81161	163515	5102	45825.5	95.9715	87.7463
0.06888	82955	162514	6949	45734.4	95.0322	88.3037
0.06912	84933	165315	7878	45643.4	94.0908	88.8474
0.06936	85596	166203	9331	45552.3	93.1476	89.3769
0.0696	87726	166854	10659	45451.8	92.1054	89.9443
0.06984	89074	167145	12270	45347.6	91.0225	90.514
0.07008	90029	170522	12776	45243.4	89.9382	91.0641
0.07032	92294	173042	14595	45140	88.8611	91.5902
0.07056	93638	173128	18076	45041.2	87.8319	92.0737
0.0708	94726	174512	18584	44942.5	86.8024	92.5386
0.07104	95085	177580	21868	44843.7	85.9055	92.8785
0.07128	97001	176813	25824	44760.2	85.2366	93.082
0.07152	98177	180120	28126	44688	84.657	93.2511
0.07176	99994	182723	29125	44615.9	84.0756	93.4141
0.072	101047	184008	34617	44543.7	83.4925	93.5708
0.07224	102604	186676	38627	44493.4	83.0848	93.6764
0.07248	103879	190137	41427	44443.1	82.6764	93.7789
0.07272	104954	193859	44780	44392.7	82.2673	93.8784
0.07296	105965	197419	50184	44346.4	81.8895	93.9673
0.0732	106591	201143	55232	44305.2	81.5542	94.044
0.07344	107653	207406	58157	44264.1	81.2183	94.1187
0.07368	109636	210108	62367	44223	80.8821	94.1912
0.07392	110522	213544	70787	44192	80.6286	94.2445
0.07416	111552	217863	73504	44162.7	80.3887	94.2938
0.0744	113059	223543	80445	44133.4	80.1486	94.342
0.07464	114414	229032	86225	44109.3	79.9511	94.3809
0.07488	115211	233002	92886	44098.3	79.8605	94.3985
0.07512	116332	239803	98002	44087.3	79.7699	94.4159
0.07536	118013	244370	104205	44076.2	79.6792	94.4332
0.0756	119591	249416	110725	44057.6	79.5259	94.4621
0.07584	119817	254485	116635	44035.8	79.3476	94.4951
0.07608	120856	261322	121528	44014.1	79.1691	94.5275
0.07632	122227	268197	129236	43987.4	78.9492	94.5667
0.07656	123515	275212	136785	43930.4	78.4802	94.6472
0.0768	125318	280431	140100	43873.5	78.0107	94.7236
0.07704	126507	287896	147377	43816.5	77.5408	94.796
0.07728	127637	295173	157959	43748.4	76.9781	94.8773
0.07752	128513	301038	162454	43671.9	76.3456	94.9616
0.07776	129118	308694	169001	43595.4	75.7125	95.0386
0.078	129981	316109	179119	43518.9	75.0789	95.1081
0.07824	130485	324669	195076	43486.9	74.8131	95.1351
0.07848	130471	332348	200000	43454.8	74.5473	95.1608
0.07872	131050	341013	212192	43422.7	74.2814	95.1852
0.07896	130828	351174	230124	43426.4	74.3119	95.1824
0.0792	130802	357913	240923	43477.7	74.7375	95.1426
0.07944	130347	364448	248558	43529.1	75.1629	95.0993
0.07968	130727	377175	262173	43580.4	75.5882	95.0528
0.07992	129545	387102	283061	43665.9	76.2957	94.9679
0.08016	129581	396010	288208	43757.1	77.0495	94.8673
0.0804	128757	409051	297829	43848.2	77.8023	94.7563
0.08064	127525	421222	319580	43945	78.6004	94.627
0.08088	126798	435338	339125	44056	79.513	94.4645
0.08112	126359	443452	341559	44166.9	80.4232	94.2868
0.08136	124960	455384	359180	44277.9	81.3308	94.0939
0.0816	122967	472622	392789	44429.2	82.5639	93.8066
0.08184	122382	478386	394606	44596.7	83.9212	93.4562
0.08208	120200	490554	402308	44764.3	85.2694	93.0722
0.08232	120082	509772	432999	44941.3	86.7902	92.544
0.08256	119748	527793	470920	45175.6	89.2323	91.4111
0.0828	117692	535937	452957	45410	91.6704	90.1756
0.08304	117315	551431	470473	45644.3	94.1005	88.8419
0.08328	116724	575093	521759	45938.7	97.1356	87.0347
0.08352	116219	584297	529091	46278.1	100.6	84.7817
0.08376	116540	595984	520561	46617.5	104.016	82.3634
0.084	115716	622627	561921	46956.9	106.124	79.5322
0.08424	115007	656096	647973	47403.3	108.776	76.0486
0.08448	113690	662038	586758	47849.8	111.373	72.8441
0.08472	112205	683337	603258	48296.2	113.908	69.8962
0.08496	110511	712219	684096	48779.9	118.399	68.0848
0.0852	110032	723491	709704	49313.4	124.096	66.5932
0.08544	108158	731315	651828	49846.8	130.287	65.3912
0.08568	106158	755486	698513	50380.3	136.371	64.0035
0.08592	103433	790192	857732	50814.9	140.963	62.6232
0.08616	99272	784131	714957	51232.9	145.388	61.3419
0.0864	95166	797226	706843	51651	149.811	60.1046
0.08664	89387	836457	824583	51937.1	152.899	59.3543
0.08688	82613	863144	899738	51893.4	152.408	59.4472
0.08712	75392	860564	735129	51849.7	151.918	59.5408
0.08736	66835	883293	793764	51805.9	151.449	59.6568
0.0876	58266	922797	999074	51376.9	146.912	60.911
0.08784	49064	918233	860999	50793.7	140.739	62.6894
0.08808	39681	926889	799412	50210.5	134.58	64.5567
0.08832	30974	958224	929760	49565	126.952	65.9911
0.08856	23953	987328	1.09084e+06	48545.6	116.043	68.8359
0.0888	17611	967725	844351	47526.3	109.497	75.1392
0.08904	12024	979326	874875	46506.9	102.909	83.1683
0.08928	7980	1.01593e+06	1.09169e+06	45257.5	90.085	90.9908
0.08952	5080	1.00642e+06	1.01739e+06	43835.5	77.6977	94.7723
0.08976	3051	1.0014e+06	863577	42413.6	64.4336	96.3632
0.09	1540	1.0203e+06	973054	40991.6	52.1249	101.888
0.09024	771	1.0632e+06	1.22419e+06	38975.3	41.0062	121.42
0.09048	329	1.03431e+06	895350	36959.1	31.1776	148.341
0.09072	115	1.04236e+06	908825	34942.9	19.4509	165.587
0.09096	40	1.07931e+06	1.12921e+06	32553.7	11.2888	204.354
0.0912	8	1.08254e+06	1.11761e+06	29667.3	4.87948	283.45
0.09144	3	1.07086e+06	928367	26780.8	1.78563	407.713
0.09168	0	1.08198e+06	1.01175e+06	23894.4	0.359968	593.156
0.09192	0	1.12984e+06	1.24127e+06	20437.6	0.00220317	1013.85
0.09216	0	1.10318e+06	1.02499e+06	16885.8	0	1938.44
0.0924	0	1.10288e+06	973228	13334	0	7094.06
0.09264	0	1.12744e+06	1.10758e+06	10387.7	0	22564.5
0.09288	0	1.15343e+06	1.26315e+06	8955.08	0	33063.4
0.09312	1	1.13e+06	991542	7522.47	0	44516.7
0.09336	54	1.1373e+06	1.02827e+06	6089.85	0	58392
0.0936	12463	1.17933e+06	1.32008e+06	10000.9	0	25237.6
0.09384	266971	1.16358e+06	1.10735e+06	16049.3	0	2371.99
0.09408	929234	1.16173e+06	711073	22097.8	0.246508	772.404
0.09432	1.54679e+06	1.18099e+06	382080	28951.3	3.78638	309.407
0.09456	1.95164e+06	1.22131e+06	169342	40634.6	49.7806	104.478
0.0948	2.17246e+06	1.19363e+06	28361	52318	157.192	58.5669
0.09504	2.24919e+06	1.19738e+06	10	64001.3	302.362	39.2924
0.09528	2.22506e+06	1.18366e+06	14	73650.2	434.097	30.457
0.09552	1.95024e+06	1.0549e+06	13	81773.2	558.234	25.7235
0.09576	1.46035e+06	859410	9	89896.2	690.526	21.7177
0.096	1.05406e+06	656791	3	98019.2	820.598	17.5339
0.09624	831557	496546	9	99437.2	843.319	16.8077
0.09648	600725	331135	7	100855	866.04	16.0816
0.09672	397471	201751	11	102273	888.761	15.3555
0.09696	245282	113656	8	102226	888.008	15.3795
0.0972	137309	58572	13	100226	855.956	16.4039
0.09744	68277	28052	10	98225.5	823.904	17.4282
0.09768	30068	13227	8	96225.1	791.851	18.4526
0.09792	11581	7031	12	93821.8	753.343	19.6832
0.09816	4373	4746	9	91351.3	713.759	20.9483
0.0984	1637	4356	11	88880.8	674.501	22.3147
0.09864	728	4200	12	86590	634.917	22.5006
0.09888	349	4408	8	84748.1	604.981	23.7924
0.09912	202	4574	6	82906.3	578.629	25.1615
0.09936	116	4866	13	81064.4	546.334	25.8126
0.0996	78	5258	7	79680.9	526.93	25.7541
0.09984	57	5621	17	78480.6	510.472	26.8853
0.10008	42	6142	9	77280.4	491.384	28.2447
0.10032	33	6556	17	76141.2	471.748	29.2175
0.10056	34	7076	8	75368.7	460.685	29.7574
0.1008	22	7275	14	74596.1	449.666	30.1929
0.10104	24	8171	10	73823.6	437.035	30.4118
0.10128	20	8541	10	73201.6	426.569	30.5919
0.10152	12	9193	10	72692.6	418.144	30.7771
0.10176	9	10073	10	72183.5	411.087	31.2758
0.102	8	10467	9	71674.5	404.342	31.832
0.10224	9	11716	17	71333.1	399.932	32.2248
0.10248	5	12188	14	70991.7	395.612	32.6341
0.10272	2	12904	17	70650.3	391.106	32.9045
0.10296	0	13986	15	70356.2	387.129	33.1018
0.1032	1	15163	17	70125.4	383.98	33.2562
0.10344	0	16021	17	69894.6	380.808	33.4102
0.10368	0	17337	15	69663.7	377.613	33.5638
0.10392	1	18279	12	69494.4	375.256	33.6762
0.10416	0	19586	9	69335.2	373.031	33.7816
0.1044	0	21246	20	69176.1	370.791	33.8897
0.10464	0	23185	15	69030.1	368.623	34.044
0.10488	1	24421	14	68917	366.949	34.1652
0.10512	0	25829	17	68804	365.28	34.2877
0.10536	0	27464	6	68690.9	363.615	34.4117
0.1056	0	29870	11	68591	362.147	34.5224
0.10584	0	31902	15	68496.3	360.759	34.6284
0.10608	0	33877	15	68401.6	359.375	34.7353
0.10632	0	36966	8	68306.3	357.984	34.8441
0.10656	0	38907	15	68207.1	356.54	34.9583
0.1068	0	41298	12	68107.8	355.1	35.0738
0.10704	0	44087	16	68008.6	353.663	35.1903
0.10728	0	47032	10	67886.2	351.894	35.3357
0.10752	0	50709	11	67746.4	349.882	35.504
0.10776	0	54137	8	67606.6	347.876	35.6746
0.108	2	56937	6	67466.8	345.877	35.8475
0.10824	2	59919	3	67254.2	343.041	36.0761
0.10848	2	63980	10	67041.5	340.252	36.2992
0.10872	9	68018	5	66828.8	337.49	36.52
0.10896	16	72484	8	66564.4	334.095	36.7913
0.1092	20	76736	5	66230.8	329.875	37.128
0.10944	33	80634	19	65897.3	325.721	37.4585
0.10968	71	85643	14	65563.8	321.653	37.7738
0.10992	91	90759	7	65074.2	315.688	38.2297
0.11016	130	95439	4	64558.6	309.324	38.7293
0.1104	159	100529	9	64042.9	302.884	39.2495
0.11064	214	106060	4	63466.3	295.162	39.9637
0.11088	285	110491	0	62737.3	285.224	40.9188
0.11112	379	116222	5	62008.3	275.286	41.8526
0.11136	501	121155	5	61279.2	265.614	42.703
0.1116	693	123877	4	60390.9	254.109	43.8498
0.11184	923	129307	4	59438.7	242.189	45.4377
0.11208	1297	131667	3	58486.6	230.016	46.9464
0.11232	1549	136148	1	57510.6	217.184	48.2536
0.11256	1814	139465	5	56391.1	203.32	50.2598
0.1128	2184	142089	2	55271.6	190.425	52.7793
0.11304	2615	143192	2	54152.2	177.974	55.0896
0.11328	3056	144183	4	52982.2	164.758	57.2877
0.11352	3686	143662	3	51774.3	151.114	59.7478
0.11376	4291	143162	9	50566.4	138.337	63.4061
0.114	4846	141542	4	49358.6	124.601	66.4803
0.11424	5376	137963	4	48183	113.272	70.6201
0.11448	5986	136140	1	47007.5	106.427	79.1227
0.11472	6398	132230	75	45832	96.0383	87.7061
0.11496	6917	127762	1132	44707	84.8094	93.2073
0.1152	7515	124580	4135	43649.3	76.1584	94.9851
0.11544	7826	123636	7126	42591.6	66.2055	96.0332
0.11568	8416	123344	12407	41534	56.1828	98.8023
0.11592	8676	121268	17352	40591.9	49.5115	104.813
0.11616	8996	120255	23543	39669	44.2694	113.427
0.1164	9340	121133	29988	38746.2	39.932	124.238
0.11664	9634	121179	38528	37867.9	35.8454	135.941
0.11688	10003	120670	48802	37101	31.9377	146.473
0.11712	10233	121873	59121	36334.1	27.7544	156.205
0.11736	9839	123532	69220	35567.2	22.9498	161.529
0.1176	9921	123799	80368	34910.1	19.2795	165.807
0.11784	9365	125843	90990	34296.9	16.4624	171.397
0.11808	9309	127283	103799	33683.8	14.3774	181.208
0.11832	9365	129949	115940	33177.9	12.8842	190.821
0.11856	9048	132155	128147	33315.5	13.2718	188.06
0.1188	8625	135176	132925	33453.1	13.673	185.41
0.11904	8716	140074	137270	33590.7	14.0882	182.869
0.11928	8594	142874	142063	35475.8	22.409	162.108
0.11952	7454	149510	120042	38671.6	39.5831	125.175
0.11976	0	146460	72771	41867.4	59.2127	97.7165
