0	0	0	0	56652.8	206.433	49.71
0.00024	0	0	0	56658.1	206.496	49.6991
0.00048	0	0	0	56663.3	206.559	49.6883
0.00072	0	0	0	56668.6	206.622	49.6774
0.00096	0	0	0	56673.9	206.686	49.6663
0.0012	0	0	0	56679.4	206.751	49.6551
0.00144	0	0	0	56684.8	206.817	49.6438
0.00168	0	0	0	56690.3	206.882	49.6325
0.00192	0	0	0	56696	206.95	49.6208
0.00216	0	0	0	56701.7	207.018	49.6091
0.0024	0	0	0	56707.4	207.087	49.5973
0.00264	0	0	0	56713.1	207.156	49.5855
0.00288	0	0	0	56719	207.227	49.5732
0.00312	0	0	0	56725	207.298	49.561
0.00336	0	0	0	56730.9	207.37	49.5488
0.0036	0	0	0	56737	207.443	49.5363
0.00384	0	0	0	56743.2	207.517	49.5236
0.00408	0	0	0	56749.4	207.592	49.5109
0.00432	0	0	0	56755.6	207.667	49.4981
0.00456	0	0	0	56762.1	207.744	49.4849
0.0048	0	0	0	56768.5	207.822	49.4717
0.00504	0	0	0	56775	207.9	49.4585
0.00528	0	0	0	56781.6	207.979	49.4449
0.00552	0	0	0	56788.3	208.06	49.4312
0.00576	0	0	0	56795.1	208.142	49.4174
0.006	0	0	0	56801.8	208.223	49.4037
0.00624	0	0	0	56808.9	208.308	49.3893
0.00648	0	0	0	56815.9	208.393	49.375
0.00672	0	0	0	56822.9	208.477	49.3607
0.00696	0	0	0	56830.1	208.564	49.3461
0.0072	0	0	0	56837.5	208.653	49.3311
0.00744	0	0	0	56844.8	208.742	49.3162
0.00768	0	0	0	56852.2	208.83	49.3012
0.00792	0	0	0	56859.8	208.923	49.2857
0.00816	0	0	0	56867.5	209.016	49.2701
0.0084	0	0	0	56875.2	209.109	49.2546
0.00864	0	0	0	56883	209.203	49.2388
0.00888	0	0	0	56891.1	209.301	49.2225
0.00912	0	0	0	56899.1	209.398	49.2063
0.00936	0	0	0	56907.2	209.495	49.19
0.0096	0	0	0	56915.5	209.596	49.1732
0.00984	0	1	0	56923.9	209.698	49.1563
0.01008	0	0	0	56932.3	209.801	49.1393
0.01032	0	0	0	56940.8	209.904	49.1222
0.01056	0	0	0	56949.7	210.011	49.1045
0.0108	0	0	0	56958.5	210.118	49.0868
0.01104	0	1	0	56967.3	210.225	49.069
0.01128	0	0	0	56976.4	210.335	49.0509
0.01152	0	2	0	56985.7	210.448	49.0323
0.01176	0	0	0	56994.9	210.561	49.0138
0.012	0	0	0	57004.2	210.673	48.9953
0.01224	0	0	0	57013.9	210.792	48.9759
0.01248	0	0	0	57023.6	210.91	48.9565
0.01272	0	3	0	57033.4	211.028	48.9371
0.01296	0	0	2	57043.3	211.151	48.9187
0.0132	0	0	0	57053.5	211.282	48.9039
0.01344	0	0	0	57063.7	211.413	48.8891
0.01368	0	1	1	57073.9	211.544	48.8743
0.01392	0	1	0	57084.6	211.681	48.8589
0.01416	0	0	0	57095.3	211.819	48.8433
0.0144	0	0	0	57106.1	211.957	48.8278
0.01464	0	0	0	57117	212.097	48.8121
0.01488	0	3	0	57128.3	212.242	48.7958
0.01512	0	2	0	57139.6	212.388	48.7796
0.01536	0	1	0	57150.9	212.533	48.7633
0.0156	0	0	1	57162.6	212.684	48.7465
0.01584	0	0	0	57174.5	212.837	48.7294
0.01608	0	1	0	57186.4	212.99	48.7123
0.01632	0	1	1	57198.3	213.144	48.6951
0.01656	0	5	1	57210.9	213.306	48.6772
0.0168	0	1	0	57223.4	213.468	48.6593
0.01704	0	3	0	57235.9	213.629	48.6414
0.01728	0	0	1	57248.9	213.796	48.6229
0.01752	0	0	1	57262.1	213.966	48.6041
0.01776	0	5	2	57275.3	214.137	48.5852
0.018	0	4	1	57288.5	214.308	48.5664
0.01824	0	3	0	57302.5	214.488	48.5466
0.01848	0	4	0	57316.4	214.668	48.5268
0.01872	0	1	3	57330.4	214.849	48.507
0.01896	0	8	1	57344.7	215.034	48.4867
0.0192	0	4	2	57359.4	215.225	48.4659
0.01944	0	3	1	57374.2	215.416	48.445
0.01968	0	2	2	57389	215.607	48.4242
0.01992	0	4	3	57404.5	215.807	48.4024
0.02016	0	4	1	57420.1	216.01	48.3804
0.0204	0	3	4	57435.7	216.212	48.3585
0.02064	0	3	0	57451.6	216.418	48.3362
0.02088	0	4	0	57468.1	216.632	48.313
0.02112	0	6	0	57484.6	216.847	48.2899
0.02136	0	7	0	57501.2	217.062	48.2668
0.0216	0	7	2	57518.4	217.286	48.2427
0.02184	0	6	0	57535.9	217.513	48.2183
0.02208	0	8	0	57553.4	217.741	48.1939
0.02232	0	9	4	57571.1	217.971	48.1693
0.02256	0	7	2	57589.7	218.213	48.1435
0.0228	0	6	3	57608.4	218.456	48.1177
0.02304	0	7	1	57627	218.698	48.092
0.02328	0	8	1	57646.3	218.95	48.0653
0.02352	0	5	7	57666	219.208	48.0381
0.02376	0	19	2	57685.8	219.466	48.0108
0.024	0	13	3	57705.6	219.724	47.9837
0.02424	0	11	5	57726.7	219.999	47.9548
0.02448	0	13	3	57747.7	220.274	47.926
0.02472	0	16	4	57768.8	220.549	47.8972
0.02496	0	17	2	57790.4	220.832	47.8677
0.0252	0	14	4	57812.8	221.125	47.8371
0.02544	0	15	6	57835.3	221.419	47.8067
0.02568	0	13	0	57857.7	221.713	47.7762
0.02592	0	17	4	57881.4	222.023	47.7442
0.02616	0	24	3	57905.3	222.337	47.7119
0.0264	0	24	4	57929.2	222.651	47.6796
0.02664	0	25	3	57953.6	222.971	47.6468
0.02688	0	27	4	57979.1	223.306	47.6125
0.02712	0	35	4	58004.6	223.642	47.5783
0.02736	0	30	5	58030.2	223.978	47.5442
0.0276	0	26	5	58057	224.331	47.5084
0.02784	0	33	4	58084.3	224.691	47.472
0.02808	0	36	4	58111.7	225.051	47.4357
0.02832	0	27	8	58139.3	225.415	47.3992
0.02856	0	37	9	58168.6	225.802	47.3605
0.0288	0	44	5	58197.8	226.188	47.3219
0.02904	0	52	9	58227.1	226.575	47.2834
0.02928	0	51	3	58257.6	226.978	47.2434
0.02952	0	42	6	58289	227.394	47.2024
0.02976	0	54	9	58320.4	227.809	47.1614
0.03	0	69	5	58351.7	228.225	47.1206
0.03024	0	77	8	58385.5	228.672	47.0769
0.03048	0	65	9	58419.2	229.12	47.0332
0.03072	0	74	9	58452.9	229.568	46.9898
0.03096	0	80	12	58487.7	230.031	46.945
0.0312	0	75	11	58524	230.514	46.8984
0.03144	0	71	5	58560.3	230.997	46.852
0.03168	0	102	7	58596.6	231.481	46.8057
0.03192	0	88	7	58635.3	231.997	46.7566
0.03216	0	99	8	58674.4	232.519	46.7071
0.0324	0	119	11	58713.5	233.041	46.6578
0.03264	0	131	8	58753.5	233.575	46.6076
0.03288	0	139	7	58795.6	234.122	46.5449
0.03312	0	145	7	58837.7	234.65	46.4716
0.03336	0	160	6	58879.8	235.178	46.3984
0.0336	0	154	11	58924.3	235.735	46.3211
0.03384	0	193	9	58969.7	236.305	46.2424
0.03408	0	207	11	59015.1	236.875	46.1639
0.03432	0	250	7	59061	237.451	46.0845
0.03456	0	227	6	59110.2	238.067	45.9998
0.0348	0	229	10	59159.3	238.684	45.9153
0.03504	0	233	7	59208.4	239.3	45.831
0.03528	0	279	6	59259.9	239.945	45.7428
0.03552	0	282	12	59313.1	240.613	45.6518
0.03576	0	335	4	59366.3	241.28	45.561
0.036	0	349	10	59419.5	241.948	45.4704
0.03624	0	355	7	59477.2	242.67	45.3725
0.03648	0	401	6	59534.8	243.393	45.2748
0.03672	0	445	10	59592.4	244.115	45.1773
0.03696	0	469	6	59652.1	244.864	45.0766
0.0372	0	485	11	59714.6	245.646	44.9715
0.03744	0	519	1	59777	246.429	44.8667
0.03768	0	586	4	59839.5	247.211	44.7621
0.03792	0	614	5	59906.4	248.049	44.6503
0.03816	0	656	1	59974	248.897	44.5375
0.0384	0	759	2	60041.7	249.744	44.4251
0.03864	0	770	8	60111	250.61	44.3103
0.03888	0	801	4	60184.3	251.527	44.1892
0.03912	0	924	5	60257.6	252.443	44.0685
0.03936	0	1115	3	60330.9	253.359	43.9481
0.0396	0	999	7	60408.6	254.33	43.8207
0.03984	0	1139	2	60488.2	255.323	43.6908
0.04008	0	1156	13	60567.7	256.34	43.5817
0.04032	0	1438	13	60648.2	257.381	43.4798
0.04056	0	1322	3	60734.8	258.503	43.3709
0.0408	0	1439	4	60821.3	259.627	43.2628
0.04104	0	1604	8	60907.9	260.753	43.1554
0.04128	0	1683	8	60998.6	261.937	43.0436
0.04152	0	1915	5	61092.5	263.164	42.9288
0.04176	0	1918	8	61186.4	264.394	42.8148
0.042	0	2100	8	61280.3	265.627	42.7017
0.04224	0	2332	5	61381.9	266.965	42.5802
0.04248	0	2548	10	61483.5	268.306	42.4597
0.04272	0	2575	11	61585.1	269.651	42.3402
0.04296	0	2937	12	61690.2	271.046	42.2175
0.0432	0	3063	9	61800	272.506	42.0904
0.04344	0	3211	8	61909.9	273.971	41.9645
0.04368	0	3578	5	62019.7	275.439	41.8396
0.04392	0	3945	7	62137	277.011	41.7075
0.04416	0	4016	5	62255.5	278.607	41.5725
0.0444	0	4338	5	62374	280.238	41.41
0.04464	0	4811	5	62495.1	281.902	41.2451
0.04488	0	4856	10	62622.7	283.654	41.0726
0.04512	0	5403	5	62750.3	285.402	40.9014
0.04536	0	6017	2	62877.9	287.149	40.7315
0.0456	0	6148	6	63011.8	288.977	40.5545
0.04584	0	6692	4	63148.1	290.837	40.3756
0.04608	0	7341	6	63284.5	292.693	40.1981
0.04632	0	7734	6	63422.1	294.562	40.0205
0.04656	0	8222	7	63567.2	296.528	39.8346
0.0468	0	8766	6	63712.3	298.489	39.6503
0.04704	0	9729	2	63857.4	300.445	39.4676
0.04728	0	10273	4	64006.4	302.426	39.2871
0.04752	0	10993	5	64158.5	304.334	39.1311
0.04776	0	11907	2	64310.6	306.235	38.9769
0.048	0	12528	4	64462.6	308.131	38.8245
0.04824	0	13714	1	64620.9	310.097	38.6679
0.04848	0	14630	6	64779.1	312.056	38.5131
0.04872	0	15864	4	64937.4	314.008	38.3603
0.04896	0	16831	4	65097.7	315.977	38.2074
0.0492	0	17698	0	65260.8	317.971	38.0539
0.04944	0	18864	5	65423.9	319.957	37.9023
0.04968	0	20213	5	65587	321.933	37.7527
0.04992	0	22027	2	65751.1	323.92	37.6015
0.05016	0	23404	4	65915.3	325.943	37.4408
0.0504	0	24646	8	66079.6	327.983	37.2787
0.05064	0	26778	8	66243	330.028	37.1158
0.05088	0	28279	4	66404.4	332.062	36.9536
0.05112	0	30159	3	66565.7	334.113	36.7899
0.05136	0	32355	3	66727.1	336.179	36.6248
0.0516	0	34354	2	66881.4	338.17	36.4657
0.05184	0	36456	4	67032.8	340.138	36.3083
0.05208	0	39191	3	67184.3	342.121	36.1497
0.05232	0	41219	2	67333.5	344.089	35.9923
0.05256	0	44021	5	67469.4	345.914	35.8443
0.0528	0	46541	4	67605.4	347.858	35.6761
0.05304	0	49216	2	67741.3	349.808	35.5102
0.05328	0	53047	3	67861.3	351.535	35.3655
0.05352	0	55863	0	67969.4	353.095	35.2367
0.05376	0	58695	4	68077.5	354.659	35.1093
0.054	0	62472	1	68185.5	356.228	34.9833
0.05424	0	65554	2	68260.3	357.315	34.8968
0.05448	0	69303	4	68335.1	358.405	34.811
0.05472	0	73421	4	68409.9	359.496	34.7259
0.05496	0	75970	2	68467.2	360.334	34.6611
0.0552	0	80896	3	68501.2	360.831	34.6229
0.05544	0	84637	6	68535.1	361.328	34.5848
0.05568	0	88976	4	68569	361.825	34.5468
0.05592	0	92578	4	68558.4	361.669	34.5587
0.05616	0	96615	3	68540.3	361.405	34.5789
0.0564	0	101507	2	68522.3	361.14	34.5992
0.05664	0	105052	4	68488.7	360.648	34.6369
0.05688	0	110401	4	68416.4	359.591	34.7185
0.05712	0	115073	3	68344.1	358.536	34.8008
0.05736	0	118765	5	68271.8	357.483	34.8836
0.0576	0	122404	1	68157.3	355.818	35.016
0.05784	0	126748	0	68026	353.914	35.1699
0.05808	0	132393	4	67894.6	352.016	35.3257
0.05832	0	134526	4	67756.6	350.028	35.4916
0.05856	0	138883	1	67578.8	347.478	35.7087
0.0588	0	143577	5	67401.1	344.985	35.9207
0.05904	0	146907	2	67223.3	342.635	36.1086
0.05928	0	149950	0	67020.4	339.976	36.3212
0.05952	0	152521	7	66798.5	337.099	36.5513
0.05976	0	155570	3	66576.7	334.253	36.7787
0.06	0	158538	2	66354.9	331.436	37.0035
0.06024	0	161595	8	66104.3	328.291	37.2542
0.06048	0	164518	3	65853.7	325.182	37.5013
0.06072	0	167606	4	65603.1	322.128	37.738
0.06096	0	169185	3	65346.6	319.016	37.9739
0.0612	0	170865	3	65082	315.784	38.2224
0.06144	0	173779	3	64817.4	312.528	38.476
0.06168	0	176172	2	64552.8	309.252	38.7351
0.06192	0	176680	1	64283.7	305.9	39.004
0.06216	0	176155	2	64013.8	302.519	39.2795
0.0624	0	178524	2	63744	298.917	39.6103
0.06264	0	178618	5	63477.4	295.312	39.9494
0.06288	0	179836	5	63219	291.803	40.2832
0.06312	0	180605	2	62960.7	288.28	40.6219
0.06336	0	181994	2	62702.3	284.745	40.9657
0.0636	0	181188	2	62446.6	281.236	41.311
0.06384	0	181899	7	62191.9	277.749	41.646
0.06408	0	184010	4	61937.3	274.337	41.9332
0.06432	0	183959	3	61684.8	270.973	42.2239
0.06456	0	181706	2	61445	267.798	42.5053
0.0648	0	183703	2	61205.2	264.641	42.7922
0.06504	0	183780	13	60965.4	261.502	43.0845
0.06528	0	182811	8	60732.3	258.471	43.374
0.06552	0	181806	7	60504.3	255.524	43.6646
0.06576	0	182620	4	60276.3	252.677	44.0377
0.066	0	180791	6	60048.3	249.826	44.4142
0.06624	0	179899	4	59845	247.281	44.7528
0.06648	0	181755	7	59641.8	244.734	45.0941
0.06672	0	178140	88	59438.5	242.186	45.4381
0.06696	0	177975	186	59253	239.859	45.7546
0.0672	0	175673	523	59091.2	237.829	46.0325
0.06744	0	176949	973	58929.3	235.799	46.3123
0.06768	0	174121	2099	58767.5	233.763	46.59
0.06792	0	172036	2665	58639.7	232.055	46.7511
0.06816	0	172486	3348	58517.5	230.427	46.9068
0.0684	0	172936	4028	58395.3	228.803	47.0641
0.06864	0	173352	5587	58289.4	227.399	47.2018
0.06888	0	170757	8378	58224.2	226.536	47.2873
0.06912	0	172408	11134	58158.9	225.674	47.3732
0.06936	0	172107	14302	58093.6	224.814	47.4597
0.0696	0	172283	15830	58068.8	224.487	47.4926
0.06984	0	171935	19357	58060.2	224.373	47.5042
0.07008	0	175567	21734	58051.6	224.259	47.5157
0.07032	0	177676	25468	58052.5	224.271	47.5144
0.07056	0	177889	32089	58110.9	225.04	47.4368
0.0708	0	179288	33344	58169.2	225.81	47.3596
0.07104	0	182617	37751	58227.6	226.581	47.2828
0.07128	0	182016	44579	58321.4	227.822	47.1601
0.07152	0	186028	47171	58441.7	229.419	47.0042
0.07176	0	188803	48819	58562	231.02	46.8498
0.072	0	190600	57296	58682.4	232.625	46.6971
0.07224	0	194271	61210	58854.8	234.865	46.4417
0.07248	0	197905	64837	59027.3	237.028	46.1428
0.07272	0	203238	69755	59199.7	239.191	45.8459
0.07296	0	207299	76043	59391.3	241.593	45.5185
0.0732	0	212484	80847	59608.2	244.314	45.1506
0.07344	0	219946	84802	59825.2	247.033	44.7859
0.07368	0	224070	90154	60042.1	249.749	44.4244
0.07392	0	228990	99319	60293.2	252.889	44.0098
0.07416	0	235874	102647	60550	256.112	43.6042
0.0744	0	243168	109737	60806.8	259.438	43.2809
0.07464	0	251101	116551	61075.3	262.938	42.9498
0.07488	0	258363	123159	61372.9	266.847	42.5909
0.07512	0	267982	130696	61670.5	270.784	42.2404
0.07536	0	277006	137168	61968.2	274.749	41.8981
0.0756	0	286846	143071	62264.6	278.733	41.5599
0.07584	0	296204	150326	62560.7	282.802	41.1563
0.07608	0	309175	155254	62856.7	286.859	40.7596
0.07632	0	322974	163757	63143.6	290.775	40.3816
0.07656	0	337300	172074	63375.2	293.926	40.0808
0.0768	0	350955	177476	63606.9	297.065	39.7841
0.07704	0	368675	185533	63838.5	300.192	39.4912
0.07728	0	387692	198206	63947.8	301.661	39.3545
0.07752	0	407076	205437	63965.2	301.896	39.3327
0.07776	0	432289	211510	63982.7	302.128	39.3116
0.078	0	455465	222212	64000.1	302.347	39.2936
0.07824	0	484397	240860	63565	296.499	39.8374
0.07848	0	517212	245848	63129.9	290.588	40.3995
0.07872	0	551571	257211	62694.7	284.641	40.9758
0.07896	0	591892	274265	61940.7	274.383	41.9293
0.0792	0	627176	284517	60761.6	258.851	43.3373
0.07944	0	665499	289755	59582.5	243.991	45.1941
0.07968	0	712185	301016	58403.4	228.91	47.0536
0.07992	0	761242	320536	56573.8	205.489	49.8744
0.08016	0	789812	323319	54635.8	183.349	54.1031
0.0804	0	815546	330707	52697.8	161.507	57.8212
0.08064	0	840846	349341	50705.2	139.804	62.9667
0.08088	0	860579	366951	48576.5	116.348	68.7334
0.08112	0	853703	365657	46447.8	102.315	83.5921
0.08136	0	848947	382926	44319.1	81.6673	94.0184
0.0816	0	858219	426466	42604	66.33	96.0123
0.08184	0	850965	444399	41054.4	52.5563	101.469
0.08208	0	853201	475262	39504.8	43.4964	115.249
0.08232	0	863207	536650	38098.4	36.9214	132.718
0.08256	0	876378	605360	37551.6	34.2826	140.364
0.0828	0	873240	608820	37004.8	31.4233	147.743
0.08304	0	882473	652319	36458	28.4393	154.697
0.08328	0	900901	732965	36404.1	28.1417	155.356
0.08352	0	905585	757816	36719.9	29.8788	151.425
0.08376	0	909355	757068	37035.7	31.5891	147.336
0.084	0	929697	808583	37351.5	33.2562	143.107
0.08424	0	956459	907340	38097.6	36.9177	132.729
0.08448	0	951490	835548	38843.7	40.3888	123.028
0.08472	0	964128	848585	39589.8	43.8966	114.3
0.08496	0	982825	931373	40337.7	47.9614	106.914
0.0852	0	988842	951568	41088.1	52.7899	101.248
0.08544	0	990282	875168	41838.4	58.945	97.8029
0.08568	0	1.01071e+06	904551	42588.8	66.1765	96.0381
0.08592	0	1.04042e+06	1.04909e+06	43058.3	71.0145	95.4219
0.08616	0	1.02782e+06	885363	43481.1	74.7653	95.1398
0.0864	0	1.03309e+06	858807	43903.9	78.2611	94.6834
0.08664	0	1.06785e+06	960600	44213.1	80.8016	94.2083
0.08688	0	1.08564e+06	1.02102e+06	44238.7	81.0103	94.1638
0.08712	0	1.07423e+06	842970	44264.2	81.2189	94.1185
0.08736	0	1.08689e+06	887988	44289.7	81.4274	94.0725
0.0876	0	1.11301e+06	1.08083e+06	44102.4	79.8946	94.3919
0.08784	0	1.10144e+06	930097	43830.1	77.6528	94.7792
0.08808	0	1.10455e+06	857708	43557.8	75.4005	95.0738
0.08832	0	1.13323e+06	977037	43247.9	72.8315	95.2951
0.08856	0	1.16608e+06	1.1306e+06	42713.2	67.4353	95.8387
0.0888	0	1.16841e+06	891568	42178.5	62.1476	96.8819
0.08904	0	1.20308e+06	929629	41643.8	57.1682	98.4223
0.08928	0	1.25879e+06	1.15584e+06	41074	52.6923	101.34
0.08952	0	1.26244e+06	1.09663e+06	40477.9	48.8061	105.731
0.08976	0	1.26808e+06	964282	39881.8	45.3803	111.19
0.09	0	1.2959e+06	1.09904e+06	39285.7	42.465	117.748
0.09024	0	1.34908e+06	1.37789e+06	39089.9	41.5442	120.046
0.09048	0	1.31402e+06	1.07383e+06	38894.1	40.625	122.409
0.09072	0	1.31894e+06	1.11637e+06	38698.3	39.7081	124.838
0.09096	0	1.35558e+06	1.36538e+06	38752	39.9594	124.165
0.0912	0	1.35099e+06	1.37216e+06	39138.4	41.7723	119.47
0.09144	0	1.3334e+06	1.19027e+06	39524.8	43.5905	115.025
0.09168	0	1.3381e+06	1.28284e+06	39911.1	45.5391	110.894
0.09192	0	1.38197e+06	1.52132e+06	40460	48.6965	105.879
0.09216	0	1.35431e+06	1.29533e+06	41035.8	52.4283	101.592
0.0924	0	1.35474e+06	1.23204e+06	41611.7	56.879	98.531
0.09264	0	1.37985e+06	1.3588e+06	42113.1	61.5217	97.0433
0.09288	0	1.40752e+06	1.50484e+06	42428.1	64.5767	96.3343
0.09312	0	1.38969e+06	1.22211e+06	42743.1	67.7397	95.7948
0.09336	0	1.40267e+06	1.25155e+06	43058.1	71.0119	95.4221
0.0936	0	1.44834e+06	1.53575e+06	43147.4	71.96	95.3464
0.09384	0	1.43571e+06	1.33841e+06	43146.5	71.9502	95.3471
0.09408	0	1.4407e+06	1.21628e+06	43145.6	71.9404	95.3479
0.09432	0	1.46518e+06	1.35982e+06	43134	71.8173	95.3569
0.09456	0	1.51121e+06	1.6434e+06	43058.6	71.0177	95.4216
0.0948	0	1.48785e+06	1.2724e+06	42983.2	70.2244	95.4957
0.09504	0	1.49888e+06	1.30796e+06	42907.8	69.4374	95.5792
0.09528	0	1.54582e+06	1.63447e+06	42879.6	69.1445	95.6129
0.09552	0	1.54627e+06	1.53564e+06	42886.8	69.219	95.6042
0.09576	0	1.547e+06	1.3345e+06	42894	69.2936	95.5956
0.096	0	1.56978e+06	1.49398e+06	42901.2	69.3682	95.587
0.09624	0	1.63686e+06	1.77189e+06	42939	69.762	95.5435
0.09648	0	1.60749e+06	1.46979e+06	42976.8	70.1575	95.5024
0.09672	0	1.62592e+06	1.44318e+06	43014.7	70.5545	95.4636
0.09696	0	1.67534e+06	1.69336e+06	43047.6	70.9015	95.4318
0.0972	0	1.69208e+06	1.72427e+06	43074	71.1805	95.4076
0.09744	0	1.69082e+06	1.52331e+06	43100.4	71.4604	95.3846
0.09768	0	1.71376e+06	1.61247e+06	43126.9	71.741	95.3627
0.09792	0	1.78311e+06	1.91157e+06	43138	71.8599	95.3538
0.09816	0	1.75732e+06	1.63597e+06	43146.7	71.9518	95.347
0.0984	0	1.77556e+06	1.59864e+06	43155.3	72.0438	95.3404
0.09864	0	1.82686e+06	1.76523e+06	43180.5	72.2719	95.3271
0.09888	0	1.85786e+06	2.00411e+06	43247.1	72.8249	95.2955
0.09912	0	1.8449e+06	1.64069e+06	43313.8	73.3779	95.2582
0.09936	0	1.8856e+06	1.74559e+06	43380.4	73.9307	95.2153
0.0996	0	1.96457e+06	2.18336e+06	43458.1	74.5747	95.1582
0.09984	0	1.9548e+06	1.90498e+06	43540.2	75.255	95.0895
0.10008	0	1.96872e+06	1.7281e+06	43622.3	75.9348	95.0124
0.10032	0	2.02985e+06	2.00561e+06	43684.5	76.4499	94.9482
0.10056	0	2.11114e+06	2.23822e+06	43627.8	75.9807	95.0069
0.1008	0	2.08334e+06	1.91861e+06	43571.1	75.5113	95.0615
0.10104	0	2.11573e+06	1.95942e+06	43514.4	75.0415	95.112
0.10128	0	2.21122e+06	2.2444e+06	43329.6	73.5095	95.2485
0.10152	1	2.21832e+06	2.22745e+06	43048.8	70.9142	95.4307
0.10176	0	2.22553e+06	1.99785e+06	42768	67.9947	95.7593
0.102	0	2.29924e+06	2.1315e+06	42487.2	65.1619	96.2202
0.10224	0	2.42684e+06	2.78512e+06	41809.4	58.6775	97.8909
0.10248	0	2.3798e+06	2.07743e+06	41131.6	53.0944	100.968
0.10272	0	2.43974e+06	2.05594e+06	40453.8	48.6592	105.93
0.10296	0	2.5642e+06	2.51196e+06	39811.1	45.0016	111.915
0.1032	0	2.5887e+06	2.53702e+06	39215	42.1325	118.57
0.10344	0	2.57732e+06	2.2844e+06	38618.9	39.3372	125.842
0.10368	0	2.61781e+06	2.56023e+06	38022.9	36.5736	133.759
0.10392	0	2.74867e+06	3.04465e+06	37835.6	35.6895	136.397
0.10416	0	2.72212e+06	2.64302e+06	37716.4	35.1068	138.072
0.1044	0	2.7609e+06	2.48029e+06	37597.2	34.5128	139.732
0.10464	0	2.87222e+06	2.89337e+06	37483.9	33.938	141.298
0.10488	0	2.95013e+06	3.375e+06	37385	33.4296	142.652
0.10512	0	2.91708e+06	2.66497e+06	37286.1	32.9151	143.994
0.10536	0	2.97356e+06	2.80325e+06	37187.2	32.3951	145.324
0.1056	1	3.09891e+06	3.17605e+06	37239.9	32.6731	144.616
0.10584	0	3.04724e+06	2.9542e+06	37353.3	33.2656	143.083
0.10608	0	3.04387e+06	2.82056e+06	37466.7	33.8504	141.533
0.10632	0	3.12284e+06	3.12073e+06	37619.9	34.6268	139.417
0.10656	0	3.23917e+06	4.02057e+06	38012.1	36.5239	133.909
0.1068	2	3.17033e+06	3.001e+06	38404.2	38.3367	128.618
0.10704	0	3.18662e+06	3.07165e+06	38796.3	40.1665	123.614
0.10728	1	3.29384e+06	3.48156e+06	39046.9	41.3422	120.559
0.10752	1	3.24337e+06	3.32138e+06	39191.4	42.0214	118.847
0.10776	0	3.18908e+06	2.88335e+06	39335.9	42.7012	117.169
0.108	0	3.22466e+06	3.10913e+06	39480.3	43.3813	115.524
0.10824	0	3.39018e+06	4.08866e+06	39217.9	42.1463	118.536
0.10848	0	3.25804e+06	3.03249e+06	38955.5	40.9133	121.66
0.10872	0	3.26907e+06	3.04256e+06	38693.2	39.684	124.903
0.10896	1	3.35068e+06	3.31312e+06	38410.6	38.3667	128.533
0.1092	2	3.32703e+06	3.56234e+06	38101.2	36.9344	132.679
0.10944	2	3.23854e+06	2.96467e+06	37791.9	35.4771	137.013
0.10968	2	3.26119e+06	3.28221e+06	37482.5	33.9309	141.317
0.10992	5	3.39495e+06	3.78844e+06	37347.6	33.2361	143.16
0.11016	4	3.25806e+06	3.20818e+06	37241.9	32.6835	144.59
0.1104	5	3.23338e+06	3.0078e+06	37136.2	32.1249	146.005
0.11064	5	3.30131e+06	3.22407e+06	37031.5	31.5663	147.392
0.11088	0	3.32473e+06	4.00481e+06	36929.3	31.0167	148.73
0.11112	5	3.18301e+06	3.04472e+06	36827.1	30.4632	150.054
0.11136	4	3.16203e+06	3.08822e+06	36724.9	29.9063	151.361
0.1116	11	3.26483e+06	3.41001e+06	36663.1	29.5679	152.144
0.11184	3	3.12802e+06	3.17948e+06	36617.4	29.3172	152.719
0.11208	4	3.0335e+06	2.84121e+06	36571.7	29.0661	153.29
0.11232	6	3.04478e+06	3.09569e+06	36515.2	28.7546	153.993
0.11256	6	3.10457e+06	3.81847e+06	36393.3	28.0818	155.488
0.1128	6	2.93164e+06	2.86018e+06	36271.4	27.4075	156.957
0.11304	8	2.91336e+06	2.82778e+06	36149.5	26.641	157.96
0.11328	5	2.97579e+06	3.10173e+06	35955.6	25.3642	159.126
0.11352	5	2.85961e+06	2.98789e+06	35707.6	23.8013	160.65
0.11376	7	2.73118e+06	2.65708e+06	35459.7	22.3145	162.211
0.114	6	2.72384e+06	2.76072e+06	35211.7	20.9017	163.809
0.11424	10	2.81607e+06	3.28289e+06	35135.1	20.4795	164.312
0.11448	6	2.62609e+06	2.68361e+06	35058.4	20.0641	164.818
0.11472	8	2.56545e+06	2.56494e+06	34981.7	19.6553	165.327
0.11496	13	2.59936e+06	2.88184e+06	34927.2	19.369	165.692
0.1152	11	2.54696e+06	2.95038e+06	34902.3	19.2392	165.859
0.11544	8	2.43614e+06	2.49081e+06	34877.4	19.1101	166.026
0.11568	9	2.44667e+06	2.53621e+06	34852.5	18.9818	166.194
0.11592	11	2.5335e+06	2.98909e+06	34693.7	18.1787	167.276
0.11616	12	2.38295e+06	2.5484e+06	34512.4	17.2964	168.53
0.1164	10	2.34549e+06	2.31256e+06	34331.2	16.5889	170.903
0.11664	11	2.40885e+06	2.63545e+06	34151.3	15.9374	173.557
0.11688	14	2.37696e+06	2.92835e+06	33974.7	15.3263	176.316
0.11712	16	2.15806e+06	2.33921e+06	33798.1	14.7421	179.233
0.11736	10	2.07878e+06	2.32365e+06	33621.5	14.1833	182.313
0.1176	5	2.10419e+06	2.80152e+06	33146.9	12.7987	191.459
0.11784	13	1.91253e+06	2.29814e+06	32553	11.287	204.371
0.11808	11	1.82803e+06	1.96983e+06	31959.1	9.88199	217.921
0.11832	10	1.90014e+06	2.14652e+06	31591.6	9.04018	226.97
0.11856	12	2.0445e+06	2.65698e+06	32583.1	11.3592	203.717
0.1188	6	2.22181e+06	2.1684e+06	33574.5	14.0386	183.162
0.11904	8	2.48804e+06	2.47266e+06	34565.9	17.5532	168.158
0.11928	9	2.71259e+06	3.1242e+06	41606.3	56.8301	98.5496
0.11952	18	2.79955e+06	3.25693e+06	53183.3	167.066	56.9231
0.11976	0	2.72636e+06	1.91448e+06	64760.4	311.824	38.5314
