0	0	0	0	56662.6	206.551	49.6897
0.00024	0	0	0	56668	206.615	49.6786
0.00048	0	0	0	56673.3	206.679	49.6676
0.00072	0	0	0	56678.7	206.743	49.6565
0.00096	0	0	0	56684.1	206.808	49.6452
0.0012	0	0	0	56689.7	206.875	49.6338
0.00144	0	0	0	56695.3	206.942	49.6223
0.00168	0	0	0	56700.8	207.008	49.6108
0.00192	0	0	0	56706.6	207.078	49.5989
0.00216	0	0	0	56712.4	207.147	49.5869
0.0024	0	0	0	56718.2	207.217	49.575
0.00264	0	0	0	56724.1	207.287	49.5629
0.00288	0	0	0	56730.1	207.36	49.5505
0.00312	0	0	0	56736.2	207.433	49.538
0.00336	0	0	0	56742.2	207.505	49.5256
0.0036	0	0	0	56748.5	207.58	49.5128
0.00384	0	0	0	56754.8	207.656	49.4999
0.00408	0	0	0	56761.1	207.732	49.487
0.00432	0	0	0	56767.4	207.808	49.474
0.00456	0	0	0	56774	207.888	49.4605
0.0048	0	0	0	56780.6	207.967	49.4471
0.00504	0	0	0	56787.2	208.046	49.4336
0.00528	0	0	0	56793.9	208.128	49.4198
0.00552	0	0	0	56800.8	208.21	49.4058
0.00576	0	0	0	56807.7	208.293	49.3918
0.006	0	0	0	56814.5	208.376	49.3778
0.00624	0	0	0	56821.7	208.463	49.3632
0.00648	0	0	0	56828.9	208.549	49.3485
0.00672	0	0	0	56836.1	208.636	49.3339
0.00696	0	0	0	56843.4	208.724	49.3191
0.0072	0	0	0	56850.9	208.815	49.3038
0.00744	0	0	0	56858.4	208.906	49.2886
0.00768	0	0	0	56865.9	208.997	49.2734
0.00792	0	0	0	56873.7	209.091	49.2576
0.00816	0	0	0	56881.6	209.186	49.2417
0.0084	0	0	0	56889.4	209.281	49.2258
0.00864	0	0	0	56897.4	209.377	49.2097
0.00888	0	0	0	56905.6	209.477	49.1931
0.00912	0	0	0	56913.8	209.576	49.1766
0.00936	0	0	0	56922.1	209.676	49.16
0.0096	0	0	0	56930.6	209.779	49.1429
0.00984	0	1	0	56939.2	209.883	49.1256
0.01008	0	0	0	56947.8	209.988	49.1083
0.01032	0	0	0	56956.5	210.093	49.0908
0.01056	0	0	0	56965.5	210.203	49.0727
0.0108	0	0	0	56974.5	210.312	49.0547
0.01104	0	1	0	56983.5	210.422	49.0366
0.01128	0	0	0	56992.8	210.535	49.018
0.01152	0	2	0	57002.3	210.65	48.9991
0.01176	0	0	0	57011.8	210.765	48.9802
0.012	0	0	0	57021.2	210.88	48.9613
0.01224	0	0	0	57031.2	211.002	48.9415
0.01248	0	0	0	57041.1	211.123	48.9219
0.01272	0	3	0	57051.1	211.25	48.9075
0.01296	0	0	2	57061.2	211.381	48.8927
0.0132	0	0	0	57071.7	211.515	48.8776
0.01344	0	0	0	57082.1	211.649	48.8625
0.01368	0	1	1	57092.6	211.784	48.8474
0.01392	0	1	0	57103.5	211.924	48.8316
0.01416	0	0	0	57114.5	212.065	48.8157
0.0144	0	0	0	57125.5	212.206	48.7999
0.01464	0	0	0	57136.6	212.35	48.7838
0.01488	0	3	0	57148.2	212.499	48.7672
0.01512	0	2	0	57159.7	212.647	48.7505
0.01536	0	1	0	57171.3	212.796	48.7339
0.0156	0	0	1	57183.3	212.951	48.7167
0.01584	0	0	0	57195.5	213.108	48.6992
0.01608	0	1	0	57207.7	213.265	48.6818
0.01632	0	1	1	57220	213.423	48.6642
0.01656	0	5	1	57232.8	213.589	48.6458
0.0168	0	1	0	57245.6	213.754	48.6275
0.01704	0	3	0	57258.5	213.92	48.6092
0.01728	0	0	1	57271.7	214.091	48.5903
0.01752	0	0	1	57285.3	214.266	48.571
0.01776	0	5	2	57298.9	214.441	48.5517
0.018	0	4	1	57312.4	214.616	48.5325
0.01824	0	3	0	57326.7	214.801	48.5122
0.01848	0	4	0	57341	214.987	48.4919
0.01872	0	1	3	57355.4	215.172	48.4717
0.01896	0	8	1	57370	215.362	48.4509
0.0192	0	4	2	57385.2	215.558	48.4295
0.01944	0	3	1	57400.3	215.754	48.4082
0.01968	0	2	2	57415.5	215.95	48.3868
0.01992	0	4	3	57431.4	216.157	48.3645
0.02016	0	4	1	57447.5	216.365	48.3419
0.0204	0	3	4	57463.5	216.573	48.3194
0.02064	0	3	0	57479.8	216.785	48.2966
0.02088	0	4	0	57496.8	217.005	48.2728
0.02112	0	6	0	57513.8	217.226	48.2491
0.02136	0	7	0	57530.8	217.447	48.2254
0.0216	0	7	2	57548.5	217.677	48.2007
0.02184	0	6	0	57566.6	217.912	48.1757
0.02208	0	8	0	57584.6	218.146	48.1507
0.02232	0	9	4	57602.8	218.383	48.1254
0.02256	0	7	2	57621.9	218.633	48.0989
0.0228	0	6	3	57641.1	218.882	48.0724
0.02304	0	7	1	57660.3	219.132	48.046
0.02328	0	8	1	57680.1	219.391	48.0187
0.02352	0	5	7	57700.5	219.657	47.9906
0.02376	0	19	2	57720.9	219.924	47.9627
0.024	0	13	3	57741.3	220.19	47.9347
0.02424	0	11	5	57763	220.474	47.905
0.02448	0	13	3	57784.7	220.758	47.8754
0.02472	0	16	4	57806.4	221.042	47.8458
0.02496	0	17	2	57828.8	221.334	47.8155
0.0252	0	14	4	57851.9	221.637	47.7841
0.02544	0	15	6	57875.1	221.941	47.7527
0.02568	0	13	0	57898.2	222.244	47.7214
0.02592	0	17	4	57922.7	222.566	47.6884
0.02616	0	24	3	57947.4	222.89	47.6551
0.0264	0	24	4	57972.1	223.214	47.6219
0.02664	0	25	3	57997.3	223.546	47.5881
0.02688	0	27	4	58023.7	223.893	47.5528
0.02712	0	35	4	58050.2	224.241	47.5175
0.02736	0	30	5	58076.6	224.589	47.4823
0.0276	0	26	5	58104.4	224.955	47.4454
0.02784	0	33	4	58132.7	225.328	47.4079
0.02808	0	36	4	58161	225.702	47.3705
0.02832	0	27	8	58189.6	226.08	47.3327
0.02856	0	37	9	58220	226.481	47.2927
0.0288	0	44	5	58250.4	226.883	47.2529
0.02904	0	52	9	58280.7	227.285	47.2131
0.02928	0	51	3	58312.4	227.704	47.1718
0.02952	0	42	6	58345	228.136	47.1294
0.02976	0	54	9	58377.6	228.568	47.087
0.03	0	69	5	58410.2	229.001	47.0448
0.03024	0	77	8	58445.3	229.467	46.9995
0.03048	0	65	9	58480.4	229.933	46.9544
0.03072	0	74	9	58515.5	230.4	46.9094
0.03096	0	80	12	58551.8	230.883	46.8629
0.0312	0	75	11	58589.6	231.387	46.8147
0.03144	0	71	5	58627.5	231.892	46.7665
0.03168	0	102	7	58665.4	232.398	46.7186
0.03192	0	88	7	58705.8	232.938	46.6676
0.03216	0	99	8	58746.6	233.484	46.6162
0.0324	0	119	11	58787.5	234.02	46.5591
0.03264	0	131	8	58829.2	234.544	46.4863
0.03288	0	139	7	58873.3	235.097	46.4096
0.03312	0	145	7	58917.4	235.649	46.3331
0.03336	0	160	6	58961.5	236.202	46.2566
0.0336	0	154	11	59008.1	236.787	46.1759
0.03384	0	193	9	59055.7	237.385	46.0937
0.03408	0	207	11	59103.4	237.982	46.0115
0.03432	0	250	7	59151.6	238.587	45.9285
0.03456	0	227	6	59203.3	239.235	45.8398
0.0348	0	229	10	59255	239.884	45.7512
0.03504	0	233	7	59306.7	240.532	45.6628
0.03528	0	279	6	59360.9	241.212	45.5702
0.03552	0	282	12	59417	241.917	45.4746
0.03576	0	335	4	59473.2	242.621	45.3792
0.036	0	349	10	59529.3	243.325	45.284
0.03624	0	355	7	59590.3	244.089	45.1809
0.03648	0	401	6	59651.3	244.854	45.078
0.03672	0	445	10	59712.3	245.618	44.9753
0.03696	0	469	6	59775.6	246.411	44.8691
0.0372	0	485	11	59841.9	247.241	44.758
0.03744	0	519	1	59908.2	248.072	44.6473
0.03768	0	586	4	59974.5	248.902	44.5368
0.03792	0	614	5	60045.7	249.794	44.4184
0.03816	0	656	1	60117.8	250.696	44.299
0.0384	0	759	2	60189.9	251.598	44.1799
0.03864	0	770	8	60263.8	252.521	44.0582
0.03888	0	801	4	60342.2	253.5	43.9295
0.03912	0	924	5	60420.5	254.479	43.8012
0.03936	0	1115	3	60498.9	255.457	43.6733
0.0396	0	999	7	60582.3	256.529	43.5632
0.03984	0	1139	2	60667.7	257.633	43.4553
0.04008	0	1156	13	60753.1	258.74	43.348
0.04032	0	1438	13	60839.6	259.865	43.2401
0.04056	0	1322	3	60933.1	261.081	43.1243
0.0408	0	1439	4	61026.5	262.301	43.0095
0.04104	0	1604	8	61119.9	263.523	42.8955
0.04128	0	1683	8	61218.1	264.811	42.7765
0.04152	0	1915	5	61320	266.15	42.6541
0.04176	0	1918	8	61421.8	267.492	42.5328
0.042	0	2100	8	61523.6	268.837	42.4124
0.04224	0	2332	5	61634.4	270.305	42.2824
0.04248	0	2548	10	61745.3	271.777	42.1537
0.04272	0	2575	11	61856.1	273.253	42.0261
0.04296	0	2937	12	61971	274.788	41.8948
0.0432	0	3063	9	62091.5	276.401	41.7586
0.04344	0	3211	8	62212	278.018	41.6237
0.04368	0	3578	5	62332.4	279.666	41.4669
0.04392	0	3945	7	62461.8	281.444	41.2904
0.04416	0	4016	5	62592.6	283.241	41.1132
0.0444	0	4338	5	62723.5	285.035	40.9374
0.04464	0	4811	5	62857.4	286.869	40.7586
0.04488	0	4856	10	62999.3	288.807	40.571
0.04512	0	5403	5	63141.1	290.741	40.3848
0.04536	0	6017	2	63282.9	292.672	40.2002
0.0456	0	6148	6	63432.5	294.703	40.0071
0.04584	0	6692	4	63585.1	296.771	39.8118
0.04608	0	7341	6	63737.7	298.833	39.6182
0.04632	0	7734	6	63891.9	300.911	39.4243
0.04656	0	8222	7	64055.6	303.043	39.2365
0.0468	0	8766	6	64219.2	305.094	39.0693
0.04704	0	9729	2	64382.9	307.138	38.9042
0.04728	0	10273	4	64551.7	309.239	38.7361
0.04752	0	10993	5	64724.4	311.38	38.5664
0.04776	0	11907	2	64897.1	313.512	38.399
0.048	0	12528	4	65069.9	315.635	38.2338
0.04824	0	13714	1	65251.1	317.852	38.063
0.04848	0	14630	6	65432.3	320.059	37.8945
0.04872	0	15864	4	65613.5	322.254	37.7285
0.04896	0	16831	4	65797.8	324.494	37.5559
0.0492	0	17698	0	65986.2	326.821	37.3711
0.04944	0	18864	5	66174.6	329.169	37.1842
0.04968	0	20213	5	66363	331.539	36.9953
0.04992	0	22027	2	66554	333.963	36.8019
0.05016	0	23404	4	66745.4	336.414	36.606
0.0504	0	24646	8	66936.8	338.888	36.4082
0.05064	0	26778	8	67127.7	341.379	36.209
0.05088	0	28279	4	67317.5	343.878	36.0092
0.05112	0	30159	3	67507.3	346.455	35.7972
0.05136	0	32355	3	67697.1	349.173	35.5639
0.0516	0	34354	2	67879.8	351.802	35.3434
0.05184	0	36456	4	68059.6	354.4	35.1303
0.05208	0	39191	3	68239.4	357.01	34.921
0.05232	0	41219	2	68416.8	359.597	34.7181
0.05256	0	44021	5	68580	361.986	34.5346
0.0528	0	46541	4	68743.3	364.385	34.3541
0.05304	0	49216	2	68906.5	366.793	34.1765
0.05328	0	53047	3	69051.6	368.941	34.0212
0.05352	0	55863	0	69183	370.894	33.8825
0.05376	0	58695	4	69314.4	372.74	33.7953
0.054	0	62472	1	69445.9	374.579	33.7083
0.05424	0	65554	2	69539.1	375.879	33.6465
0.05448	0	69303	4	69632.3	377.176	33.5847
0.05472	0	73421	4	69725.5	378.47	33.5227
0.05496	0	75970	2	69798.3	379.478	33.4743
0.0552	0	80896	3	69843.9	380.109	33.4439
0.05544	0	84637	6	69889.5	380.738	33.4135
0.05568	0	88976	4	69935.2	381.368	33.3831
0.05592	0	92578	4	69928	381.269	33.3879
0.05616	0	96615	3	69912	381.049	33.3985
0.0564	0	101507	2	69896.1	380.828	33.4092
0.05664	0	105052	4	69861.7	380.354	33.4321
0.05688	0	110401	4	69781.3	379.243	33.4856
0.05712	0	115073	3	69701	378.13	33.539
0.05736	0	118765	5	69620.6	377.014	33.5924
0.0576	0	122404	1	69489.7	375.191	33.6793
0.05784	0	126748	0	69338.5	373.078	33.7794
0.05808	0	132393	4	69187.4	370.956	33.8793
0.05832	0	134526	4	69028.4	368.598	34.0458
0.05856	0	138883	1	68822.4	365.551	34.2677
0.0588	0	143577	5	68616.3	362.519	34.4942
0.05904	0	146907	2	68410.3	359.501	34.7255
0.05928	0	149950	0	68174.2	356.063	34.9964
0.05952	0	152521	7	67915.6	352.319	35.3006
0.05976	0	155570	3	67657.1	348.599	35.6127
0.06	0	158538	2	67398.5	344.951	35.9234
0.06024	0	161595	8	67106.4	341.1	36.2314
0.06048	0	164518	3	66814.2	337.302	36.5351
0.06072	0	167606	4	66522.1	333.556	36.8343
0.06096	0	169185	3	66223.2	329.779	37.1356
0.0612	0	170865	3	65915.5	325.945	37.4407
0.06144	0	173779	3	65607.7	322.183	37.7338
0.06168	0	176172	2	65299.9	318.448	38.0173
0.06192	0	176680	1	64987.6	314.625	38.3122
0.06216	0	176155	2	64674.5	310.762	38.6152
0.0624	0	178524	2	64361.5	306.871	38.9257
0.06264	0	178618	5	64052.8	303.008	39.2393
0.06288	0	179836	5	63754.9	299.065	39.5965
0.06312	0	180605	2	63457	295.036	39.9756
0.06336	0	181994	2	63159.2	290.988	40.3612
0.0636	0	181188	2	62864.4	286.964	40.7494
0.06384	0	181899	7	62570.9	282.942	41.1425
0.06408	0	184010	4	62277.4	278.908	41.5424
0.06432	0	183959	3	61986.4	274.993	41.8774
0.06456	0	181706	2	61710.6	271.317	42.1938
0.0648	0	183703	2	61434.9	267.664	42.5173
0.06504	0	183780	13	61159.1	264.036	42.8479
0.06528	0	182811	8	60890.8	260.53	43.1766
0.06552	0	181806	7	60628.1	257.121	43.5052
0.06576	0	182620	4	60365.4	253.79	43.8915
0.066	0	180791	6	60102.7	250.506	44.3241
0.06624	0	179899	4	59869	247.581	44.7127
0.06648	0	181755	7	59635.3	244.652	45.105
0.06672	0	178140	88	59401.5	241.722	45.501
0.06696	0	177975	186	59189.2	239.059	45.864
0.0672	0	175673	523	59005.3	236.752	46.1808
0.06744	0	176949	973	58821.4	234.445	46.5
0.06768	0	174121	2099	58637.5	232.026	46.7539
0.06792	0	172036	2665	58494.2	230.116	46.9367
0.06816	0	172486	3348	58357.6	228.302	47.113
0.0684	0	172936	4028	58221	226.494	47.2914
0.06864	0	173352	5587	58104.2	224.953	47.4456
0.06888	0	170757	8378	58037.1	224.068	47.535
0.06912	0	172408	11134	57969.9	223.185	47.6249
0.06936	0	172107	14302	57902.7	222.303	47.7153
0.0696	0	172283	15830	57885.1	222.073	47.7391
0.06984	0	171935	19357	57887.4	222.102	47.736
0.07008	0	175567	21734	57889.6	222.132	47.733
0.07032	0	177676	25468	57903.8	222.318	47.7138
0.07056	0	177889	32089	57989.5	223.443	47.5985
0.0708	0	179288	33344	58075.3	224.572	47.4841
0.07104	0	182617	37751	58161	225.702	47.3704
0.07128	0	182016	44579	58291.5	227.427	47.1991
0.07152	0	186028	47171	58455.5	229.602	46.9864
0.07176	0	188803	48819	58619.5	231.785	46.7767
0.072	0	190600	57296	58783.5	233.97	46.566
0.07224	0	194271	61210	59014.8	236.871	46.1643
0.07248	0	197905	64837	59246.2	239.773	45.7663
0.07272	0	203238	69755	59477.5	242.674	45.3719
0.07296	0	207299	76043	59734.4	245.895	44.9382
0.0732	0	212484	80847	60025.4	249.539	44.4522
0.07344	0	219946	84802	60316.4	253.178	43.9719
0.07368	0	224070	90154	60607.3	256.853	43.5315
0.07392	0	228990	99319	60946.3	261.254	43.108
0.07416	0	235874	102647	61293.3	265.799	42.6861
0.0744	0	243168	109737	61640.3	270.382	42.2757
0.07464	0	251101	116551	62004.3	275.233	41.8571
0.07488	0	258363	123159	62410.9	280.745	41.3596
0.07512	0	267982	130696	62817.6	286.323	40.8117
0.07536	0	277006	137168	63224.2	291.873	40.2764
0.0756	0	286846	143071	63636.3	297.463	39.7467
0.07584	0	296204	150326	64050.5	302.98	39.2416
0.07608	0	309175	155254	64464.8	308.158	38.8224
0.07632	0	322974	163757	64868.9	313.164	38.4262
0.07656	0	337300	172074	65212.1	317.376	38.0996
0.0768	0	350955	177476	65555.2	321.549	37.7816
0.07704	0	368675	185533	65898.4	325.734	37.4575
0.07728	0	387692	198206	66091.8	328.135	37.2665
0.07752	0	407076	205437	66173	329.149	37.1858
0.07776	0	432289	211510	66254.1	330.167	37.1047
0.078	0	455465	222212	66335.3	331.189	37.0232
0.07824	0	484397	240860	65849	325.124	37.5059
0.07848	1	517212	245848	65362.7	319.212	37.959
0.07872	1	551568	257211	64876.4	313.256	38.419
0.07896	6	591889	274265	63986.4	302.174	39.3078
0.0792	13	627176	284517	62558.2	282.768	41.1597
0.07944	11	665496	289755	61130	263.655	42.8832
0.07968	40	712173	301016	59701.8	245.486	44.993
0.07992	61	761230	320535	57446.9	216.357	48.3427
0.08016	77	789784	323319	55054.2	188.005	53.2352
0.0804	109	815527	330705	52661.5	161.094	57.8907
0.08064	126	840810	349339	50199.2	134.461	64.5938
0.08088	188	860546	366944	47562.9	109.711	74.8728
0.08112	179	853668	365654	44926.5	86.6357	92.6121
0.08136	270	848934	382913	42290.1	63.2257	96.6237
0.0816	263	858205	426438	40178.1	47.0293	108.335
0.08184	323	850960	444344	38275.7	37.7408	130.318
0.08208	348	853196	475176	36373.4	27.9719	155.729
0.08232	355	863206	536531	34652.6	17.9756	167.559
0.08256	451	876377	605199	34020.9	15.4834	175.58
0.0828	480	873240	608645	33389.2	13.4849	186.627
0.08304	493	882472	652097	32757.5	11.7789	199.987
0.08328	558	900900	732694	32748.3	11.7566	200.186
0.08352	564	905585	757513	33206	12.9623	190.248
0.08376	607	909355	756767	33663.7	14.3145	181.562
0.084	591	929696	808290	34121.4	15.832	174.014
0.08424	663	956458	907068	35117	20.3808	164.431
0.08448	722	951486	835269	36112.5	26.3937	158.18
0.08472	787	964127	848289	37108	31.9753	146.379
0.08496	836	982822	931038	38102.1	36.9385	132.667
0.0852	921	988836	951308	39094.2	41.5647	119.994
0.08544	988	990277	874919	40086.4	46.5078	109.188
0.08568	1034	1.0107e+06	904311	41078.5	52.7232	101.311
0.08592	1175	1.04041e+06	1.04889e+06	41707.6	57.7463	98.2117
0.08616	1273	1.02779e+06	885180	42276.3	63.091	96.6546
0.0864	1414	1.03305e+06	858670	42844.9	68.7856	95.6562
0.08664	1526	1.06782e+06	960416	43267.9	72.9972	95.2845
0.08688	1684	1.08558e+06	1.02086e+06	43326.8	73.4857	95.2503
0.08712	1821	1.07419e+06	842831	43385.6	73.974	95.2117
0.08736	1960	1.08685e+06	887766	43444.5	74.4621	95.1687
0.0876	2138	1.11299e+06	1.08057e+06	43230.6	72.6877	95.3039
0.08784	2335	1.10141e+06	929800	42907.6	69.4346	95.5795
0.08808	2469	1.1045e+06	857419	42584.5	66.1339	96.0454
0.08832	2641	1.13321e+06	976640	42213	62.4794	96.7998
0.08856	2816	1.16605e+06	1.13019e+06	41550.9	56.3338	98.7423
0.0888	2963	1.16839e+06	891021	40888.8	51.4314	102.597
0.08904	3046	1.20306e+06	928929	40226.7	47.3096	107.894
0.08928	3162	1.25878e+06	1.15483e+06	39514.5	43.5421	115.141
0.08952	3394	1.26243e+06	1.0954e+06	38764.8	40.019	124.006
0.08976	3429	1.26807e+06	962768	38015.1	36.5376	133.868
0.09	3603	1.2959e+06	1.09729e+06	37265.3	32.8065	144.274
0.09024	3696	1.34908e+06	1.37579e+06	37015	31.4781	147.609
0.09048	3813	1.31402e+06	1.07151e+06	36764.7	30.1232	150.854
0.09072	3688	1.31894e+06	1.11397e+06	36514.4	28.7502	154.003
0.09096	3744	1.35558e+06	1.3628e+06	36579.8	29.1106	153.189
0.0912	3831	1.35099e+06	1.36943e+06	37066.4	31.7531	146.931
0.09144	4046	1.3334e+06	1.18778e+06	37552.9	34.2892	140.346
0.09168	4108	1.3381e+06	1.28035e+06	38039.5	36.6499	133.53
0.09192	4256	1.38197e+06	1.51898e+06	38736.1	39.8847	124.364
0.09216	4288	1.3543e+06	1.29331e+06	39467.7	43.3218	115.667
0.0924	4461	1.35473e+06	1.2302e+06	40199.3	47.1514	108.141
0.09264	4587	1.37984e+06	1.3571e+06	40837.8	51.0932	102.96
0.09288	4843	1.40749e+06	1.50344e+06	41243.6	53.8906	100.27
0.09312	4932	1.38967e+06	1.2207e+06	41649.3	57.2177	98.4039
0.09336	5132	1.40264e+06	1.25023e+06	42055	60.9706	97.1927
0.0936	5353	1.44832e+06	1.53457e+06	42176.7	62.1303	96.8863
0.09384	5576	1.43568e+06	1.33712e+06	42184.8	62.2074	96.8669
0.09408	5737	1.44068e+06	1.2148e+06	42192.8	62.2847	96.8477
0.09432	6047	1.46511e+06	1.35847e+06	42187.6	62.2348	96.8601
0.09456	6181	1.51116e+06	1.64188e+06	42103	61.4259	97.0688
0.0948	6567	1.48782e+06	1.27077e+06	42018.4	60.6247	97.29
0.09504	6686	1.49885e+06	1.30642e+06	41933.8	59.8312	97.5238
0.09528	6948	1.5458e+06	1.63261e+06	41910.9	59.6175	97.5894
0.09552	7065	1.54624e+06	1.53363e+06	41934.3	59.8351	97.5227
0.09576	7425	1.54698e+06	1.33248e+06	41957.6	60.0532	97.4569
0.096	7658	1.56975e+06	1.49182e+06	41980.9	60.2719	97.3922
0.09624	8021	1.63683e+06	1.76979e+06	42047.5	60.8996	97.2125
0.09648	8167	1.60745e+06	1.46766e+06	42114.2	61.532	97.0406
0.09672	8447	1.62588e+06	1.44091e+06	42180.8	62.1692	96.8765
0.09696	8633	1.6753e+06	1.69116e+06	42243.7	62.7753	96.7286
0.0972	8956	1.69204e+06	1.72188e+06	42301.6	63.3375	96.5983
0.09744	9362	1.69079e+06	1.52082e+06	42359.6	63.9034	96.4739
0.09768	9507	1.71373e+06	1.60994e+06	42417.5	64.4729	96.3552
0.09792	9878	1.78306e+06	1.90902e+06	42463.3	64.925	96.2656
0.09816	10093	1.75726e+06	1.63335e+06	42507	65.3593	96.1833
0.0984	10435	1.77552e+06	1.59584e+06	42550.7	65.7956	96.1042
0.09864	10912	1.82683e+06	1.76234e+06	42619.7	66.4877	95.9861
0.09888	11116	1.85782e+06	2.00106e+06	42751.6	67.8272	95.7825
0.09912	11512	1.84484e+06	1.63755e+06	42883.6	69.1859	95.6081
0.09936	11755	1.88553e+06	1.74281e+06	43015.6	70.5638	95.4627
0.0996	12244	1.96451e+06	2.18048e+06	43178.8	72.2578	95.3279
0.09984	12665	1.95469e+06	1.90237e+06	43354.5	73.7156	95.2327
0.10008	13437	1.96864e+06	1.72538e+06	43530.2	75.1725	95.0983
0.10032	13761	2.02976e+06	2.00295e+06	43684.4	76.4492	94.9483
0.10056	14314	2.11104e+06	2.2355e+06	43709.5	76.6567	94.9211
0.1008	14727	2.08325e+06	1.91585e+06	43734.6	76.8641	94.893
0.10104	15192	2.11568e+06	1.95642e+06	43759.7	77.0714	94.8642
0.10128	15655	2.21114e+06	2.24111e+06	43630.3	76.0011	95.0044
0.10152	15899	2.21827e+06	2.22413e+06	43385	73.9684	95.2122
0.10176	16609	2.22547e+06	1.99403e+06	43139.7	71.8775	95.3525
0.102	16823	2.29921e+06	2.12691e+06	42894.4	69.2977	95.5951
0.10224	17592	2.4268e+06	2.77992e+06	42122.7	61.6133	97.0192
0.10248	17722	2.37978e+06	2.07033e+06	41351	54.673	99.6308
0.10272	17636	2.43973e+06	2.04688e+06	40579.3	49.4329	104.912
0.10296	17805	2.56418e+06	2.50101e+06	39826.3	45.0829	111.757
0.1032	18076	2.5887e+06	2.52367e+06	39098.3	41.5838	119.946
0.10344	18343	2.57732e+06	2.26876e+06	38370.3	38.1793	129.063
0.10368	18426	2.6178e+06	2.5419e+06	37642.3	34.7384	139.107
0.10392	17768	2.74866e+06	3.02405e+06	37383.8	33.4233	142.668
0.10416	17878	2.72212e+06	2.62168e+06	37203.5	32.4814	145.105
0.1044	17318	2.76089e+06	2.45899e+06	37023.3	31.5225	147.5
0.10464	17130	2.87221e+06	2.87129e+06	36842.7	30.5476	149.853
0.10488	16597	2.95013e+06	3.3527e+06	36661.1	29.5565	152.17
0.10512	16427	2.91707e+06	2.64316e+06	36479.4	28.5575	154.434
0.10536	16356	2.97356e+06	2.78119e+06	36297.8	27.5537	156.641
0.1056	15933	3.09891e+06	3.15401e+06	36315.3	27.6506	156.43
0.10584	15782	3.04723e+06	2.93232e+06	36412.5	28.1878	155.254
0.10608	15479	3.04387e+06	2.79947e+06	36509.6	28.724	154.061
0.10632	15416	3.12283e+06	3.10045e+06	36662.5	29.5647	152.151
0.10656	15245	3.23916e+06	4.00089e+06	37150.1	32.1989	145.819
0.1068	14980	3.17033e+06	2.98303e+06	37637.7	34.7158	139.17
0.10704	14851	3.18661e+06	3.05524e+06	38125.3	37.0454	132.35
0.10728	14562	3.29384e+06	3.46642e+06	38454.6	38.5713	127.958
0.10752	14457	3.24336e+06	3.30706e+06	38665.2	39.5534	125.255
0.10776	14549	3.18908e+06	2.86945e+06	38875.8	40.5393	122.633
0.108	14329	3.22464e+06	3.09592e+06	39086.4	41.528	120.087
0.10824	14323	3.39017e+06	4.0762e+06	38787.4	40.1249	123.725
0.10848	14323	3.25804e+06	3.019e+06	38488.3	38.7283	127.52
0.10872	14168	3.26906e+06	3.0286e+06	38189.3	37.3408	131.481
0.10896	14269	3.35068e+06	3.29813e+06	37853.9	35.7779	136.139
0.1092	14155	3.32702e+06	3.54628e+06	37470	33.8669	141.489
0.10944	14204	3.23853e+06	2.94759e+06	37086.1	31.8581	146.671
0.10968	13717	3.26118e+06	3.26418e+06	36702.2	29.7816	151.65
0.10992	13307	3.39495e+06	3.76988e+06	36516.7	28.7628	153.974
0.11016	13121	3.25805e+06	3.18906e+06	36364.2	27.9212	155.84
0.1104	13168	3.23338e+06	2.98873e+06	36211.8	27.0616	157.59
0.11064	12678	3.30131e+06	3.20537e+06	36058	26.0326	158.507
0.11088	12414	3.32473e+06	3.98622e+06	35900.8	25.012	159.46
0.11112	11975	3.183e+06	3.02612e+06	35743.5	24.0228	160.427
0.11136	11711	3.16203e+06	3.06989e+06	35586.3	23.0642	161.409
0.1116	11585	3.26482e+06	3.39204e+06	35484.1	22.4577	162.055
0.11184	11346	3.12802e+06	3.16176e+06	35404	21.9908	162.566
0.11208	10865	3.03349e+06	2.82356e+06	35323.9	21.5316	163.082
0.11232	10531	3.04478e+06	3.0785e+06	35231.5	21.0119	163.68
0.11256	10334	3.10456e+06	3.80139e+06	35066	20.1048	164.767
0.1128	10025	2.93164e+06	2.84379e+06	34900.4	19.2291	165.872
0.11304	9872	2.91336e+06	2.81147e+06	34734.8	18.3842	166.994
0.11328	9369	2.97578e+06	3.08534e+06	34487.2	17.1785	168.724
0.11352	8996	2.85961e+06	2.9722e+06	34177.9	16.0319	173.155
0.11376	8584	2.73118e+06	2.64122e+06	33868.7	14.9724	178.048
0.114	8339	2.72383e+06	2.74517e+06	33559.5	13.9927	183.436
0.11424	8093	2.81607e+06	3.26726e+06	33504.9	13.8276	184.441
0.11448	7717	2.62609e+06	2.6683e+06	33450.3	13.6646	185.463
0.11472	7242	2.56544e+06	2.55008e+06	33395.7	13.5039	186.503
0.11496	7145	2.59936e+06	2.86781e+06	33402.1	13.5226	186.38
0.1152	6752	2.54696e+06	2.93678e+06	33489.7	13.7822	184.723
0.11544	6555	2.43614e+06	2.47767e+06	33577.4	14.0476	183.108
0.11568	6263	2.44667e+06	2.52362e+06	33665.1	14.319	181.537
0.11592	5979	2.5335e+06	2.97713e+06	33700.6	14.4304	180.913
0.11616	6020	2.38295e+06	2.53674e+06	33727.4	14.5152	180.447
0.1164	5659	2.34549e+06	2.30144e+06	33754.2	14.6006	179.984
0.11664	5357	2.40885e+06	2.62473e+06	33847.9	14.904	178.395
0.11688	5195	2.37696e+06	2.918e+06	34108.9	15.7882	174.206
0.11712	4903	2.15806e+06	2.3294e+06	34370	16.7332	170.351
0.11736	4817	2.07878e+06	2.31428e+06	34631	17.8698	167.707
0.1176	4762	2.10419e+06	2.79275e+06	34685	18.1357	167.336
0.11784	4486	1.91253e+06	2.28944e+06	34656.1	17.9929	167.534
0.11808	4440	1.82803e+06	1.96146e+06	34627.2	17.8511	167.733
0.11832	4377	1.90013e+06	2.1382e+06	34798.6	18.7061	166.56
0.11856	4382	2.0445e+06	2.64886e+06	36171.9	26.7915	157.826
0.1188	4362	2.22181e+06	2.16148e+06	37545.1	34.2497	140.454
0.11904	4153	2.48804e+06	2.46654e+06	38918.4	40.7388	122.112
0.11928	4325	2.71258e+06	3.11928e+06	46146.7	99.2646	85.6742
0.11952	4132	2.7989e+06	3.2564e+06	57766.4	220.518	47.9004
0.11976	0	2.71851e+06	1.91446e+06	69386.1	373.744	33.7479
