0	0	0	0	56000.2	198.738	51.1096
0.00024	0	0	0	56000.2	198.739	51.1096
0.00048	0	0	0	56000.2	198.739	51.1096
0.00072	0	0	0	56000.2	198.739	51.1096
0.00096	0	0	0	56000.2	198.739	51.1096
0.0012	0	0	0	56000.2	198.739	51.1096
0.00144	0	0	0	56000.2	198.739	51.1096
0.00168	0	0	0	56000.2	198.739	51.1096
0.00192	0	0	0	56000.2	198.739	51.1096
0.00216	0	0	0	56000.2	198.739	51.1095
0.0024	0	0	0	56000.2	198.739	51.1095
0.00264	0	0	0	56000.2	198.739	51.1095
0.00288	0	0	0	56000.2	198.739	51.1095
0.00312	0	0	0	56000.2	198.739	51.1095
0.00336	0	0	0	56000.2	198.739	51.1095
0.0036	0	0	0	56000.3	198.739	51.1095
0.00384	0	0	0	56000.3	198.739	51.1095
0.00408	0	0	0	56000.3	198.74	51.1094
0.00432	0	0	0	56000.3	198.74	51.1094
0.00456	0	0	0	56000.3	198.74	51.1094
0.0048	0	0	0	56000.3	198.74	51.1094
0.00504	0	0	0	56000.3	198.74	51.1094
0.00528	0	0	0	56000.3	198.74	51.1094
0.00552	0	0	0	56000.3	198.74	51.1093
0.00576	0	0	0	56000.3	198.74	51.1093
0.006	0	0	0	56000.3	198.74	51.1093
0.00624	0	0	0	56000.3	198.74	51.1093
0.00648	0	0	0	56000.4	198.741	51.1092
0.00672	0	0	0	56000.4	198.741	51.1092
0.00696	0	0	0	56000.4	198.741	51.1092
0.0072	0	0	0	56000.4	198.741	51.1092
0.00744	0	0	0	56000.4	198.741	51.1091
0.00768	0	0	0	56000.4	198.741	51.1091
0.00792	0	0	0	56000.4	198.741	51.1091
0.00816	0	0	0	56000.5	198.742	51.109
0.0084	0	0	0	56000.5	198.742	51.109
0.00864	0	0	0	56000.5	198.742	51.109
0.00888	0	0	0	56000.5	198.742	51.1089
0.00912	0	0	0	56000.5	198.742	51.1089
0.00936	0	0	0	56000.5	198.743	51.1089
0.0096	0	0	0	56000.5	198.743	51.1088
0.00984	0	1	0	56000.6	198.743	51.1088
0.01008	0	0	0	56000.6	198.743	51.1087
0.01032	0	0	0	56000.6	198.743	51.1087
0.01056	0	0	0	56000.6	198.743	51.1087
0.0108	0	0	0	56000.6	198.744	51.1087
0.01104	0	1	0	56000.6	198.744	51.1086
0.01128	0	0	0	56000.6	198.744	51.1086
0.01152	0	2	0	56000.7	198.744	51.1086
0.01176	0	0	0	56000.7	198.744	51.1085
0.012	0	0	0	56000.7	198.744	51.1085
0.01224	0	0	0	56000.7	198.745	51.1084
0.01248	0	0	0	56000.7	198.745	51.1084
0.01272	0	3	0	56000.8	198.745	51.1083
0.01296	0	0	2	56000.8	198.746	51.1082
0.0132	0	0	0	56000.8	198.746	51.1082
0.01344	0	0	0	56000.9	198.747	51.1081
0.01368	0	1	1	56000.9	198.747	51.108
0.01392	0	1	0	56001	198.748	51.1079
0.01416	0	0	0	56001	198.748	51.1078
0.0144	0	0	0	56001	198.748	51.1077
0.01464	0	0	0	56001.1	198.749	51.1076
0.01488	0	3	0	56001.1	198.749	51.1076
0.01512	0	2	0	56001.2	198.75	51.1075
0.01536	0	1	0	56001.2	198.75	51.1074
0.0156	0	0	1	56001.2	198.751	51.1073
0.01584	0	0	0	56001.3	198.751	51.1072
0.01608	0	1	0	56001.3	198.752	51.1071
0.01632	0	1	1	56001.4	198.752	51.107
0.01656	0	5	1	56001.4	198.753	51.1068
0.0168	0	1	0	56001.5	198.754	51.1067
0.01704	0	3	0	56001.5	198.754	51.1066
0.01728	0	0	1	56001.6	198.755	51.1065
0.01752	0	0	1	56001.7	198.756	51.1064
0.01776	0	5	2	56001.7	198.756	51.1062
0.018	0	4	1	56001.8	198.757	51.1061
0.01824	0	3	0	56001.8	198.757	51.106
0.01848	0	4	0	56001.9	198.758	51.1059
0.01872	0	1	3	56001.9	198.759	51.1058
0.01896	0	8	1	56002	198.76	51.1056
0.0192	0	4	2	56002.1	198.761	51.1054
0.01944	0	3	1	56002.2	198.762	51.1051
0.01968	0	2	2	56002.3	198.763	51.1049
0.01992	0	4	3	56002.4	198.765	51.1046
0.02016	0	4	1	56002.6	198.766	51.1043
0.0204	0	3	4	56002.7	198.768	51.104
0.02064	0	3	0	56002.9	198.769	51.1037
0.02088	0	4	0	56003	198.771	51.1035
0.02112	0	6	0	56003.1	198.772	51.1032
0.02136	0	7	0	56003.2	198.773	51.103
0.0216	0	7	2	56003.3	198.775	51.1027
0.02184	0	6	0	56003.4	198.776	51.1025
0.02208	0	8	0	56003.5	198.777	51.1023
0.02232	0	9	4	56003.6	198.779	51.102
0.02256	0	7	2	56003.8	198.781	51.1016
0.0228	0	6	3	56004	198.783	51.1011
0.02304	0	7	1	56004.2	198.785	51.1007
0.02328	0	8	1	56004.4	198.787	51.1003
0.02352	0	5	7	56004.6	198.79	51.0998
0.02376	0	19	2	56004.8	198.793	51.0993
0.024	0	13	3	56005.1	198.795	51.0988
0.02424	0	11	5	56005.3	198.798	51.0983
0.02448	0	13	3	56005.5	198.8	51.0978
0.02472	0	16	4	56005.7	198.803	51.0973
0.02496	0	17	2	56006	198.806	51.0968
0.0252	0	14	4	56006.2	198.809	51.0962
0.02544	0	15	6	56006.5	198.812	51.0957
0.02568	0	13	0	56006.7	198.815	51.0951
0.02592	0	17	4	56006.9	198.817	51.0946
0.02616	0	24	3	56007.2	198.82	51.0942
0.0264	0	24	4	56007.4	198.822	51.0937
0.02664	0	25	3	56007.6	198.824	51.0932
0.02688	0	27	4	56007.8	198.826	51.0928
0.02712	0	35	4	56007.9	198.829	51.0924
0.02736	0	30	5	56008.1	198.831	51.092
0.0276	0	26	5	56008.4	198.833	51.0915
0.02784	0	33	4	56008.6	198.836	51.0909
0.02808	0	36	4	56008.9	198.839	51.0904
0.02832	0	27	8	56009.1	198.842	51.0898
0.02856	0	37	9	56009.3	198.844	51.0894
0.0288	0	44	5	56009.5	198.847	51.089
0.02904	0	52	9	56009.7	198.849	51.0886
0.02928	0	51	3	56009.7	198.849	51.0885
0.02952	0	42	6	56009.6	198.848	51.0888
0.02976	0	54	9	56009.5	198.847	51.089
0.03	0	69	5	56009.4	198.845	51.0892
0.03024	0	77	8	56009	198.841	51.0901
0.03048	0	65	9	56008.6	198.837	51.0909
0.03072	0	74	9	56008.3	198.832	51.0917
0.03096	0	80	12	56007.7	198.826	51.0929
0.0312	0	75	11	56007	198.817	51.0946
0.03144	0	71	5	56006.2	198.808	51.0963
0.03168	1	102	7	56005.4	198.8	51.098
0.03192	2	88	7	56004	198.783	51.1012
0.03216	1	98	8	56002.4	198.765	51.1046
0.0324	8	116	10	56000.9	198.746	51.1081
0.03264	4	131	8	55999	198.725	51.1121
0.03288	11	137	7	55996.6	198.697	51.1176
0.03312	15	144	7	55994.2	198.669	51.123
0.03336	17	152	6	55991.7	198.64	51.1284
0.0336	25	143	10	55988.9	198.608	51.1347
0.03384	30	177	8	55986	198.573	51.1412
0.03408	60	191	7	55983	198.539	51.1477
0.03432	73	237	4	55980.1	198.506	51.1542
0.03456	87	195	5	55977.6	198.476	51.1598
0.0348	96	185	8	55975	198.446	51.1655
0.03504	99	198	5	55972.5	198.417	51.1712
0.03528	109	215	4	55970.4	198.393	51.1758
0.03552	154	206	8	55968.8	198.374	51.1795
0.03576	152	261	2	55967.1	198.355	51.1832
0.036	184	240	6	55965.4	198.335	51.1869
0.03624	197	227	2	55964.6	198.326	51.1887
0.03648	213	251	4	55963.8	198.317	51.1905
0.03672	219	249	9	55963	198.307	51.1923
0.03696	266	260	3	55962.5	198.302	51.1933
0.0372	284	263	3	55962.5	198.301	51.1935
0.03744	235	241	1	55962.4	198.3	51.1936
0.03768	241	246	1	55962.4	198.3	51.1937
0.03792	291	246	3	55963.3	198.31	51.1917
0.03816	278	269	1	55964.3	198.323	51.1893
0.0384	297	258	1	55965.4	198.335	51.187
0.03864	318	232	4	55966.9	198.353	51.1836
0.03888	324	203	2	55969.6	198.384	51.1776
0.03912	354	238	3	55972.3	198.415	51.1716
0.03936	398	281	1	55975	198.446	51.1657
0.0396	350	197	5	55978.1	198.483	51.1586
0.03984	349	203	1	55981.5	198.522	51.1511
0.04008	325	186	3	55984.9	198.561	51.1436
0.04032	325	172	7	55988.1	198.599	51.1364
0.04056	302	138	1	55990.9	198.63	51.1303
0.0408	272	138	0	55993.6	198.662	51.1243
0.04104	242	150	2	55996.3	198.693	51.1183
0.04128	215	94	6	55998.6	198.72	51.1131
0.04152	208	104	3	56000.6	198.744	51.1087
0.04176	193	112	5	56002.6	198.767	51.1042
0.042	211	93	2	56004.7	198.79	51.0997
0.04224	212	84	3	56006.5	198.811	51.0957
0.04248	189	78	1	56008.3	198.832	51.0917
0.04272	181	68	8	56010.1	198.853	51.0877
0.04296	147	49	3	56011.7	198.872	51.0841
0.0432	168	57	2	56013.1	198.888	51.0811
0.04344	151	60	6	56014.4	198.904	51.0781
0.04368	139	32	1	56015.8	198.92	51.075
0.04392	87	30	3	56016.3	198.926	51.0739
0.04416	87	26	3	56016.7	198.93	51.073
0.0444	79	19	2	56017.1	198.935	51.0722
0.04464	50	13	1	56017.2	198.936	51.0719
0.04488	46	19	4	56016.7	198.93	51.0731
0.04512	33	11	1	56016.1	198.924	51.0743
0.04536	29	15	0	56015.6	198.918	51.0754
0.0456	28	4	3	56014.9	198.909	51.077
0.04584	14	8	0	56014.1	198.9	51.0788
0.04608	24	3	4	56013.3	198.891	51.0806
0.04632	13	2	1	56012.5	198.881	51.0823
0.04656	9	2	1	56011.8	198.873	51.084
0.0468	9	2	1	56011	198.864	51.0856
0.04704	11	4	0	56010.3	198.856	51.0872
0.04728	8	2	2	56009.6	198.848	51.0887
0.04752	2	2	0	56009	198.841	51.0901
0.04776	5	0	0	56008.4	198.834	51.0914
0.048	4	2	0	56007.8	198.827	51.0928
0.04824	1	0	0	56007.3	198.821	51.0939
0.04848	1	0	0	56006.8	198.815	51.095
0.04872	1	0	0	56006.3	198.809	51.0961
0.04896	1	0	0	56005.8	198.804	51.0971
0.0492	0	0	0	56005.5	198.8	51.0979
0.04944	0	0	0	56005.1	198.795	51.0988
0.04968	0	0	0	56004.7	198.791	51.0996
0.04992	0	0	0	56004.4	198.788	51.1003
0.05016	0	0	0	56004.1	198.784	51.1009
0.0504	0	0	0	56003.8	198.781	51.1015
0.05064	0	0	0	56003.6	198.778	51.1021
0.05088	0	0	0	56003.4	198.776	51.1025
0.05112	0	0	0	56003.2	198.773	51.103
0.05136	0	0	0	56003	198.771	51.1034
0.0516	0	0	0	56002.8	198.769	51.1038
0.05184	0	0	0	56002.7	198.768	51.1041
0.05208	0	0	0	56002.5	198.766	51.1044
0.05232	0	0	0	56002.4	198.764	51.1047
0.05256	0	0	0	56002.3	198.763	51.1049
0.0528	0	0	0	56002.2	198.762	51.1052
0.05304	0	0	0	56002.1	198.76	51.1054
0.05328	0	0	0	56002	198.759	51.1056
0.05352	0	0	0	56001.9	198.758	51.1058
0.05376	0	0	0	56001.8	198.757	51.106
0.054	0	0	0	56001.7	198.757	51.1062
0.05424	0	0	0	56001.7	198.756	51.1063
0.05448	0	0	0	56001.6	198.755	51.1065
0.05472	0	0	0	56001.5	198.754	51.1066
0.05496	0	0	0	56001.5	198.754	51.1067
0.0552	0	0	0	56001.4	198.753	51.1069
0.05544	0	0	0	56001.4	198.752	51.107
0.05568	0	0	0	56001.3	198.752	51.1071
0.05592	0	0	0	56001.3	198.751	51.1072
0.05616	0	0	0	56001.3	198.751	51.1073
0.0564	0	0	0	56001.2	198.75	51.1073
0.05664	0	0	0	56001.2	198.75	51.1074
0.05688	0	0	0	56001.1	198.75	51.1075
0.05712	0	0	0	56001.1	198.749	51.1076
0.05736	0	0	0	56001.1	198.749	51.1076
0.0576	0	0	0	56001.1	198.749	51.1077
0.05784	0	0	0	56001	198.748	51.1077
0.05808	0	0	0	56001	198.748	51.1078
0.05832	0	0	0	56001	198.748	51.1078
0.05856	0	0	0	56001	198.748	51.1079
0.0588	0	0	0	56000.9	198.747	51.1079
0.05904	0	0	0	56000.9	198.747	51.108
0.05928	0	0	0	56000.9	198.747	51.108
0.05952	0	0	0	56000.9	198.747	51.108
0.05976	0	0	0	56000.9	198.747	51.1081
0.06	0	0	0	56000.9	198.746	51.1081
0.06024	0	0	0	56000.9	198.746	51.1081
0.06048	0	0	0	56000.8	198.746	51.1082
0.06072	0	0	0	56000.8	198.746	51.1082
0.06096	0	0	0	56000.8	198.746	51.1082
0.0612	0	0	0	56000.8	198.746	51.1082
0.06144	0	0	0	56000.8	198.746	51.1082
0.06168	0	0	0	56000.8	198.746	51.1083
0.06192	0	0	0	56000.8	198.746	51.1083
0.06216	0	0	0	56000.8	198.746	51.1083
0.0624	0	0	0	56000.8	198.746	51.1083
0.06264	0	0	0	56000.8	198.746	51.1083
0.06288	0	0	0	56000.8	198.746	51.1083
0.06312	0	0	0	56000.8	198.746	51.1083
0.06336	0	0	0	56000.8	198.746	51.1083
0.0636	0	0	0	56000.8	198.746	51.1083
0.06384	0	0	0	56000.8	198.746	51.1083
0.06408	0	0	0	56000.8	198.746	51.1083
0.06432	0	0	0	56000.8	198.746	51.1083
0.06456	0	0	0	56000.8	198.746	51.1082
0.0648	0	0	0	56000.8	198.746	51.1082
0.06504	0	0	0	56000.8	198.746	51.1082
0.06528	0	0	0	56000.8	198.746	51.1082
0.06552	0	0	0	56000.8	198.746	51.1082
0.06576	0	0	0	56000.8	198.746	51.1081
0.066	0	0	0	56000.9	198.746	51.1081
0.06624	0	0	0	56000.9	198.747	51.1081
0.06648	0	0	0	56000.9	198.747	51.1081
0.06672	0	0	0	56000.9	198.747	51.108
0.06696	0	0	0	56000.9	198.747	51.108
0.0672	0	0	0	56001	198.747	51.1079
0.06744	0	0	0	56001	198.748	51.1079
0.06768	0	0	0	56001	198.748	51.1078
0.06792	0	0	0	56001	198.748	51.1078
0.06816	0	0	0	56001	198.749	51.1077
0.0684	0	0	0	56001.1	198.749	51.1077
0.06864	0	0	0	56001.1	198.749	51.1076
0.06888	0	0	0	56001.1	198.749	51.1075
0.06912	0	0	0	56001.1	198.75	51.1075
0.06936	0	3	0	56001.2	198.75	51.1074
0.0696	0	0	0	56001.2	198.75	51.1074
0.06984	0	0	0	56001.2	198.751	51.1073
0.07008	0	0	0	56001.3	198.751	51.1072
0.07032	0	0	0	56001.3	198.752	51.1071
0.07056	0	0	0	56001.4	198.752	51.107
0.0708	0	0	0	56001.4	198.753	51.1068
0.07104	0	0	0	56001.5	198.754	51.1067
0.07128	0	0	0	56001.6	198.755	51.1065
0.07152	0	0	0	56001.6	198.755	51.1064
0.07176	0	0	0	56001.7	198.756	51.1062
0.072	0	1	0	56001.8	198.757	51.1061
0.07224	0	1	0	56001.8	198.758	51.1059
0.07248	0	1	0	56001.9	198.758	51.1058
0.07272	0	2	1	56002	198.759	51.1057
0.07296	0	3	0	56002	198.76	51.1056
0.0732	0	1	0	56002.1	198.76	51.1054
0.07344	0	2	0	56002.1	198.761	51.1053
0.07368	0	4	0	56002.2	198.762	51.1052
0.07392	0	2	0	56002.3	198.763	51.105
0.07416	0	4	0	56002.4	198.764	51.1048
0.0744	0	0	1	56002.5	198.765	51.1046
0.07464	0	1	0	56002.6	198.766	51.1043
0.07488	0	2	1	56002.7	198.768	51.104
0.07512	0	4	1	56002.8	198.769	51.1037
0.07536	0	1	0	56003	198.771	51.1034
0.0756	0	3	1	56003.1	198.772	51.1031
0.07584	0	4	0	56003.2	198.774	51.1029
0.07608	0	7	2	56003.4	198.775	51.1026
0.07632	0	10	0	56003.5	198.777	51.1023
0.07656	0	1	0	56003.6	198.778	51.102
0.0768	0	7	1	56003.7	198.78	51.1017
0.07704	0	4	1	56003.9	198.781	51.1015
0.07728	0	3	1	56004	198.783	51.1012
0.07752	0	7	0	56004.1	198.784	51.1009
0.07776	0	14	1	56004.3	198.786	51.1006
0.078	0	6	1	56004.4	198.787	51.1003
0.07824	0	10	3	56004.5	198.789	51.1
0.07848	0	17	1	56004.6	198.79	51.0997
0.07872	0	13	2	56004.8	198.792	51.0994
0.07896	0	14	2	56005	198.794	51.099
0.0792	0	10	3	56005.2	198.797	51.0985
0.07944	0	14	3	56005.5	198.8	51.0979
0.07968	0	13	6	56005.7	198.803	51.0973
0.07992	0	8	7	56006.1	198.807	51.0966
0.08016	0	13	1	56006.4	198.811	51.0958
0.0804	0	11	4	56006.8	198.815	51.0951
0.08064	0	23	4	56007.1	198.819	51.0943
0.08088	0	25	3	56007.4	198.822	51.0937
0.08112	0	23	6	56007.6	198.825	51.0931
0.08136	0	18	5	56007.9	198.828	51.0925
0.0816	0	32	3	56008.2	198.831	51.092
0.08184	0	22	5	56008.4	198.833	51.0915
0.08208	0	34	6	56008.6	198.836	51.0911
0.08232	0	30	3	56008.7	198.838	51.0906
0.08256	0	35	6	56008.8	198.839	51.0905
0.0828	0	29	6	56008.9	198.839	51.0904
0.08304	0	46	6	56008.9	198.84	51.0902
0.08328	0	52	6	56008.9	198.84	51.0903
0.08352	1	57	7	56008.8	198.839	51.0904
0.08376	0	49	7	56008.8	198.838	51.0906
0.084	0	56	6	56008.7	198.837	51.0908
0.08424	0	39	6	56008.4	198.834	51.0914
0.08448	2	52	5	56008.1	198.831	51.092
0.08472	1	52	10	56007.9	198.828	51.0926
0.08496	0	90	8	56007.4	198.823	51.0935
0.0852	2	72	6	56006.8	198.815	51.095
0.08544	1	83	11	56006.1	198.807	51.0965
0.08568	3	84	10	56005.4	198.8	51.098
0.08592	1	86	8	56004.3	198.786	51.1005
0.08616	0	83	16	56003.1	198.772	51.1032
0.0864	6	99	8	56001.9	198.758	51.1059
0.08664	5	114	10	56000.5	198.742	51.1089
0.08688	14	131	9	55998.7	198.722	51.1129
0.08712	13	120	10	55996.9	198.701	51.1168
0.08736	21	116	6	55995.2	198.68	51.1208
0.0876	26	130	8	55992.8	198.653	51.1259
0.08784	35	142	6	55990.3	198.624	51.1315
0.08808	36	146	3	55987.8	198.595	51.1372
0.08832	42	183	7	55985.1	198.564	51.143
0.08856	38	150	3	55981.9	198.526	51.1503
0.0888	64	172	7	55978.6	198.488	51.1575
0.08904	63	178	6	55975.4	198.451	51.1647
0.08928	56	199	2	55972.3	198.415	51.1715
0.08952	91	233	4	55969.4	198.381	51.178
0.08976	106	197	7	55966.5	198.348	51.1845
0.09	107	189	3	55963.6	198.314	51.191
0.09024	149	196	7	55962.3	198.298	51.194
0.09048	183	218	2	55960.9	198.283	51.1969
0.09072	201	237	4	55959.6	198.267	51.1999
0.09096	207	252	2	55959.2	198.263	51.2008
0.0912	249	225	6	55960	198.273	51.1989
0.09144	273	197	3	55960.9	198.283	51.197
0.09168	270	213	2	55961.8	198.293	51.1951
0.09192	263	197	6	55964.3	198.322	51.1894
0.09216	277	192	4	55967.1	198.355	51.1831
0.0924	293	189	15	55970	198.388	51.1768
0.09264	305	201	4	55973.1	198.424	51.1698
0.09288	324	202	3	55977	198.469	51.1612
0.09312	350	193	0	55980.8	198.514	51.1526
0.09336	318	180	3	55984.7	198.559	51.144
0.0936	311	169	3	55988.7	198.605	51.1351
0.09384	293	133	6	55992.7	198.652	51.1262
0.09408	257	115	2	55996.8	198.699	51.1172
0.09432	264	131	6	56000.7	198.744	51.1085
0.09456	247	97	4	56003.9	198.782	51.1013
0.0948	242	89	3	56007.2	198.82	51.0941
0.09504	207	71	5	56010.4	198.858	51.0869
0.09528	196	83	7	56012.8	198.885	51.0816
0.09552	141	73	6	56014.5	198.905	51.0778
0.09576	162	47	5	56016.2	198.925	51.0741
0.096	120	56	1	56017.9	198.945	51.0703
0.09624	97	49	3	56018.3	198.949	51.0695
0.09648	105	53	2	56018.6	198.953	51.0688
0.09672	81	32	6	56019	198.957	51.068
0.09696	73	34	3	56019	198.957	51.068
0.0972	46	37	6	56018.6	198.952	51.0689
0.09744	39	25	5	56018.2	198.947	51.0698
0.09768	47	32	6	56017.7	198.943	51.0707
0.09792	38	36	7	56017.1	198.935	51.0721
0.09816	29	28	4	56016.4	198.927	51.0736
0.0984	18	24	7	56015.8	198.92	51.0751
0.09864	34	34	8	56015.1	198.912	51.0766
0.09888	24	34	3	56014.4	198.904	51.0781
0.09912	17	27	3	56013.7	198.896	51.0796
0.09936	12	31	8	56013.1	198.888	51.0811
0.0996	13	21	6	56012.4	198.88	51.0826
0.09984	12	35	12	56011.7	198.872	51.0841
0.10008	10	32	5	56011	198.865	51.0856
0.10032	7	31	11	56010.3	198.857	51.0871
0.10056	4	35	4	56009.6	198.847	51.0888
0.1008	9	33	8	56008.8	198.838	51.0906
0.10104	6	45	4	56008	198.829	51.0923
0.10128	4	36	6	56007.1	198.819	51.0943
0.10152	4	40	5	56006.1	198.808	51.0964
0.10176	2	49	3	56005.2	198.797	51.0985
0.102	10	42	2	56004.2	198.785	51.1007
0.10224	6	46	12	56003.2	198.773	51.103
0.10248	7	64	8	56002.1	198.761	51.1053
0.10272	12	50	10	56001.1	198.749	51.1077
0.10296	12	74	7	56000	198.737	51.11
0.1032	11	50	9	55999	198.725	51.1123
0.10344	11	49	10	55998	198.713	51.1146
0.10368	24	64	8	55996.9	198.701	51.1169
0.10392	31	80	6	55996	198.69	51.1189
0.10416	28	82	6	55995.1	198.679	51.1209
0.1044	31	72	6	55994.2	198.669	51.123
0.10464	34	67	10	55993.3	198.659	51.1249
0.10488	56	81	9	55992.5	198.649	51.1267
0.10512	45	68	10	55991.7	198.64	51.1285
0.10536	47	92	3	55990.9	198.631	51.1302
0.1056	64	92	4	55990.2	198.622	51.1318
0.10584	60	79	8	55989.5	198.615	51.1333
0.10608	66	91	8	55988.8	198.607	51.1348
0.10632	76	108	4	55988.2	198.6	51.1362
0.10656	66	77	5	55988	198.597	51.1366
0.1068	77	80	2	55987.8	198.595	51.137
0.10704	104	90	10	55987.6	198.593	51.1375
0.10728	93	84	6	55987.8	198.595	51.1371
0.10752	103	87	6	55988.3	198.6	51.136
0.10776	113	90	2	55988.8	198.606	51.135
0.108	99	93	2	55989.2	198.611	51.134
0.10824	121	91	2	55990.3	198.623	51.1317
0.10848	121	71	6	55991.3	198.635	51.1294
0.10872	126	72	2	55992.3	198.647	51.1271
0.10896	111	59	2	55993.5	198.661	51.1245
0.1092	111	62	3	55994.8	198.676	51.1216
0.10944	95	61	10	55996.1	198.691	51.1186
0.10968	110	50	12	55997.5	198.707	51.1157
0.10992	107	59	4	55998.5	198.719	51.1133
0.11016	104	59	3	55999.6	198.732	51.1109
0.1104	83	51	7	56000.6	198.744	51.1086
0.11064	91	46	0	56001.6	198.755	51.1065
0.11088	78	58	0	56002.4	198.764	51.1048
0.11112	79	36	5	56003.2	198.773	51.103
0.11136	77	36	4	56003.9	198.782	51.1013
0.1116	74	30	2	56004.6	198.79	51.0998
0.11184	60	31	2	56005.3	198.798	51.0982
0.11208	78	31	2	56006	198.806	51.0967
0.11232	58	28	1	56006.7	198.814	51.0952
0.11256	64	23	3	56007.1	198.819	51.0942
0.1128	42	19	1	56007.6	198.825	51.0932
0.11304	37	10	2	56008.1	198.83	51.0922
0.11328	37	14	4	56008.3	198.833	51.0916
0.11352	30	22	3	56008.3	198.833	51.0915
0.11376	17	3	5	56008.4	198.834	51.0914
0.114	23	10	1	56008.5	198.835	51.0913
0.11424	12	12	2	56008.1	198.831	51.092
0.11448	6	14	0	56007.8	198.827	51.0928
0.11472	3	6	1	56007.5	198.823	51.0935
0.11496	2	7	2	56007	198.818	51.0944
0.1152	1	8	4	56006.5	198.812	51.0955
0.11544	2	9	0	56006	198.806	51.0967
0.11568	0	15	1	56005.5	198.8	51.0978
0.11592	0	7	3	56004.9	198.794	51.0991
0.11616	1	13	1	56004.3	198.787	51.1004
0.1164	0	16	1	56003.7	198.78	51.1017
0.11664	0	10	1	56003.1	198.772	51.1031
0.11688	0	15	1	56002.4	198.764	51.1047
0.11712	0	17	4	56001.7	198.756	51.1063
0.11736	0	25	2	56000.9	198.747	51.1079
0.1176	0	24	3	56000.1	198.738	51.1097
0.11784	0	17	3	55999.3	198.728	51.1116
0.11808	0	25	8	55998.5	198.719	51.1134
0.11832	0	16	5	55997.6	198.709	51.1153
0.11856	0	13	1	55996.9	198.701	51.1169
0.1188	0	18	6	55996.2	198.692	51.1185
0.11904	0	39	2	55995.5	198.684	51.1201
0.11928	0	18	4	55995.4	198.683	51.1203
0.11952	0	35	9	55995.8	198.687	51.1194
0.11976	0	35	4	55996.2	198.692	51.1185
