0	0	0	0	56508.5	204.712	50.0112
0.00024	0	0	0	56512.8	204.763	50.0023
0.00048	0	0	0	56517.1	204.813	49.9933
0.00072	0	0	0	56521.3	204.864	49.9843
0.00096	0	0	0	56525.7	204.916	49.9752
0.0012	0	0	0	56530.1	204.969	49.9659
0.00144	0	0	0	56534.6	205.022	49.9565
0.00168	0	0	0	56539	205.075	49.9472
0.00192	0	0	0	56543.6	205.13	49.9375
0.00216	0	0	0	56548.3	205.185	49.9278
0.0024	0	0	0	56552.9	205.24	49.9181
0.00264	0	0	0	56557.6	205.296	49.9082
0.00288	0	0	0	56562.5	205.354	49.8981
0.00312	0	0	0	56567.3	205.412	49.888
0.00336	0	0	0	56572.2	205.469	49.8778
0.0036	0	0	0	56577.2	205.529	49.8674
0.00384	0	0	0	56582.2	205.59	49.8568
0.00408	0	0	0	56587.3	205.65	49.8462
0.00432	0	0	0	56592.4	205.711	49.8356
0.00456	0	0	0	56597.7	205.774	49.8246
0.0048	0	0	0	56603	205.837	49.8135
0.00504	0	0	0	56608.3	205.901	49.8025
0.00528	0	0	0	56613.7	205.965	49.7912
0.00552	0	0	0	56619.2	206.032	49.7797
0.00576	0	0	0	56624.8	206.098	49.7682
0.006	0	0	0	56630.3	206.164	49.7567
0.00624	0	0	0	56636.1	206.233	49.7446
0.00648	0	0	0	56641.9	206.303	49.7326
0.00672	0	0	0	56647.7	206.372	49.7206
0.00696	0	0	0	56653.6	206.443	49.7083
0.0072	0	0	0	56659.7	206.516	49.6957
0.00744	0	0	0	56665.8	206.588	49.6832
0.00768	0	0	0	56671.9	206.661	49.6706
0.00792	0	0	0	56678.2	206.737	49.6575
0.00816	0	0	0	56684.5	206.813	49.6444
0.0084	0	0	0	56690.9	206.89	49.6312
0.00864	0	0	0	56697.4	206.967	49.6179
0.00888	0	0	0	56704	207.047	49.6041
0.00912	0	0	0	56710.7	207.127	49.5904
0.00936	0	0	0	56717.4	207.207	49.5766
0.0096	0	0	0	56724.3	207.29	49.5624
0.00984	0	1	0	56731.3	207.375	49.548
0.01008	0	0	0	56738.3	207.459	49.5336
0.01032	0	0	0	56745.4	207.544	49.5191
0.01056	0	0	0	56752.8	207.632	49.504
0.0108	0	0	0	56760.1	207.721	49.4889
0.01104	0	1	0	56767.5	207.809	49.4738
0.01128	0	0	0	56775.1	207.901	49.4583
0.01152	0	2	0	56782.8	207.994	49.4425
0.01176	0	0	0	56790.6	208.087	49.4267
0.012	0	0	0	56798.3	208.18	49.4109
0.01224	0	0	0	56806.4	208.279	49.3942
0.01248	0	0	0	56814.6	208.377	49.3776
0.01272	0	3	0	56822.7	208.475	49.361
0.01296	0	0	2	56831.1	208.576	49.3441
0.0132	0	0	0	56839.7	208.679	49.3266
0.01344	0	0	0	56848.3	208.783	49.3092
0.01368	0	1	1	56856.9	208.887	49.2918
0.01392	0	1	0	56865.8	208.995	49.2736
0.01416	0	0	0	56874.9	209.105	49.2552
0.0144	0	0	0	56883.9	209.214	49.2369
0.01464	0	0	0	56893.1	209.326	49.2183
0.01488	0	3	0	56902.7	209.441	49.1991
0.01512	0	2	0	56912.2	209.557	49.1798
0.01536	0	1	0	56921.8	209.673	49.1606
0.0156	0	0	1	56931.7	209.793	49.1406
0.01584	0	0	0	56941.8	209.915	49.1203
0.01608	0	1	0	56951.9	210.038	49.1
0.01632	0	1	1	56962	210.161	49.0796
0.01656	0	5	1	56972.7	210.291	49.0583
0.0168	0	1	0	56983.4	210.42	49.0369
0.01704	0	3	0	56994	210.55	49.0156
0.01728	0	0	1	57005.1	210.684	48.9936
0.01752	0	0	1	57016.3	210.821	48.9711
0.01776	0	5	2	57027.6	210.958	48.9486
0.018	0	4	1	57038.9	211.096	48.9261
0.01824	0	3	0	57050.9	211.248	48.9077
0.01848	0	4	0	57062.8	211.401	48.8904
0.01872	0	1	3	57074.8	211.555	48.8731
0.01896	0	8	1	57087	211.712	48.8554
0.0192	0	4	2	57099.7	211.876	48.837
0.01944	0	3	1	57112.4	212.039	48.8187
0.01968	0	2	2	57125.1	212.202	48.8004
0.01992	0	4	3	57138.5	212.374	48.7811
0.02016	0	4	1	57152	212.547	48.7617
0.0204	0	3	4	57165.5	212.721	48.7423
0.02064	0	3	0	57179.2	212.898	48.7226
0.02088	0	4	0	57193.5	213.082	48.7021
0.02112	0	6	0	57207.8	213.267	48.6815
0.02136	0	7	0	57222.2	213.451	48.6611
0.0216	0	7	2	57237.1	213.645	48.6396
0.02184	0	6	0	57252.4	213.841	48.6179
0.02208	0	8	0	57267.6	214.038	48.5962
0.02232	0	9	4	57283	214.237	48.5742
0.02256	0	7	2	57299.3	214.447	48.5511
0.0228	0	6	3	57315.6	214.657	48.528
0.02304	0	7	1	57331.8	214.868	48.5049
0.02328	0	8	1	57348.7	215.086	48.481
0.02352	0	5	7	57366.1	215.311	48.4564
0.02376	0	19	2	57383.5	215.536	48.4319
0.024	0	13	3	57400.9	215.761	48.4074
0.02424	0	11	5	57419.4	216.002	48.3813
0.02448	0	13	3	57438	216.242	48.3552
0.02472	0	16	4	57456.6	216.483	48.3291
0.02496	0	17	2	57475.7	216.731	48.3023
0.0252	0	14	4	57495.6	216.99	48.2745
0.02544	0	15	6	57515.5	217.248	48.2468
0.02568	0	13	0	57535.4	217.506	48.219
0.02592	0	17	4	57556.5	217.781	48.1897
0.02616	0	24	3	57577.8	218.058	48.1601
0.0264	0	24	4	57599.1	218.335	48.1305
0.02664	0	25	3	57620.8	218.618	48.1004
0.02688	0	27	4	57643.7	218.916	48.0688
0.02712	0	35	4	57666.6	219.215	48.0373
0.02736	0	30	5	57689.5	219.513	48.0058
0.0276	0	26	5	57713.6	219.828	47.9727
0.02784	0	33	4	57738.3	220.15	47.9389
0.02808	0	36	4	57762.9	220.472	47.9052
0.02832	0	27	8	57787.8	220.798	47.8712
0.02856	0	37	9	57814.4	221.146	47.835
0.0288	0	44	5	57841	221.494	47.7989
0.02904	0	52	9	57867.5	221.842	47.7629
0.02928	0	51	3	57895.3	222.206	47.7253
0.02952	0	42	6	57923.9	222.582	47.6867
0.02976	0	54	9	57952.6	222.958	47.6481
0.03	0	69	5	57981.2	223.334	47.6097
0.03024	0	77	8	58012.3	223.742	47.5681
0.03048	0	65	9	58043.3	224.15	47.5267
0.03072	0	74	9	58074.3	224.558	47.4854
0.03096	0	80	12	58106.4	224.982	47.4427
0.0312	0	75	11	58140.1	225.426	47.3981
0.03144	0	71	5	58173.8	225.871	47.3536
0.03168	0	102	7	58207.5	226.315	47.3092
0.03192	0	88	7	58243.6	226.793	47.2618
0.03216	0	99	8	58280.1	227.276	47.214
0.0324	0	119	11	58316.6	227.76	47.1663
0.03264	0	131	8	58354.1	228.256	47.1176
0.03288	0	139	7	58393.7	228.782	47.0662
0.03312	0	145	7	58433.4	229.308	47.0149
0.03336	0	160	6	58473	229.835	46.9639
0.0336	0	154	11	58515.1	230.395	46.9098
0.03384	0	193	9	58558.2	230.969	46.8547
0.03408	0	207	11	58601.3	231.543	46.7998
0.03432	0	250	7	58645	232.126	46.7444
0.03456	0	227	6	58692.1	232.755	46.6848
0.0348	0	229	10	58739.2	233.385	46.6255
0.03504	0	233	7	58786.3	234.006	46.5611
0.03528	0	279	6	58836	234.628	46.4745
0.03552	0	282	12	58887.6	235.275	46.3849
0.03576	0	335	4	58939.1	235.922	46.2954
0.036	0	349	10	58990.7	236.569	46.2061
0.03624	0	355	7	59047.1	237.276	46.1086
0.03648	0	401	6	59103.5	237.984	46.0113
0.03672	0	445	10	59159.9	238.691	45.9142
0.03696	0	469	6	59218.6	239.428	45.8134
0.0372	0	485	11	59280.5	240.203	45.7076
0.03744	0	519	1	59342.3	240.979	45.602
0.03768	0	586	4	59404.1	241.754	45.4967
0.03792	0	614	5	59471	242.593	45.383
0.03816	0	656	1	59538.7	243.442	45.2682
0.0384	0	759	2	59606.4	244.29	45.1538
0.03864	0	770	8	59675.9	245.162	45.0365
0.03888	0	801	4	59750.1	246.092	44.9118
0.03912	0	924	5	59824.3	247.022	44.7874
0.03936	0	1115	3	59898.5	247.951	44.6634
0.0396	0	999	7	59978	248.946	44.531
0.03984	0	1139	2	60059.5	249.966	44.3956
0.04008	0	1156	13	60141.1	250.987	44.2605
0.04032	0	1438	13	60223.9	252.022	44.1239
0.04056	0	1322	3	60314	253.149	43.9757
0.0408	0	1439	4	60404.2	254.275	43.8279
0.04104	0	1604	8	60494.4	255.401	43.6807
0.04128	0	1683	8	60589.7	256.625	43.5538
0.04152	0	1915	5	60689	257.909	43.4285
0.04176	0	1918	8	60788.2	259.196	43.3041
0.042	0	2100	8	60887.4	260.486	43.1808
0.04224	0	2332	5	60996.4	261.908	43.0463
0.04248	0	2548	10	61105.4	263.334	42.9131
0.04272	0	2575	11	61214.5	264.763	42.7809
0.04296	0	2937	12	61328.1	266.256	42.6444
0.0432	0	3063	9	61447.8	267.835	42.5019
0.04344	0	3211	8	61567.5	269.418	42.3608
0.04368	0	3578	5	61687.2	271.006	42.221
0.04392	0	3945	7	61816.9	272.731	42.071
0.04416	0	4016	5	61948.3	274.485	41.9206
0.0444	0	4338	5	62079.7	276.243	41.7719
0.04464	0	4811	5	62214.7	278.056	41.6206
0.04488	0	4856	10	62358.7	280.028	41.4309
0.04512	0	5403	5	62502.8	282.007	41.2348
0.04536	0	6017	2	62646.8	283.983	41.0403
0.0456	0	6148	6	62799.7	286.079	40.8354
0.04584	0	6692	4	62956.3	288.22	40.6277
0.04608	0	7341	6	63112.9	290.357	40.4217
0.04632	0	7734	6	63271.3	292.514	40.2153
0.04656	0	8222	7	63440.9	294.817	39.9963
0.0468	0	8766	6	63610.5	297.115	39.7794
0.04704	0	9729	2	63780.2	299.405	39.5646
0.04728	0	10273	4	63956	301.772	39.3442
0.04752	0	10993	5	64136.5	304.058	39.1535
0.04776	0	11907	2	64317	306.316	38.9704
0.048	0	12528	4	64497.5	308.566	38.7898
0.04824	0	13714	1	64688.6	310.937	38.6014
0.04848	0	14630	6	64879.7	313.297	38.4158
0.04872	0	15864	4	65070.7	315.646	38.233
0.04896	0	16831	4	65265.8	318.032	38.0492
0.0492	0	17698	0	65466.1	320.469	37.8634
0.04944	0	18864	5	65666.5	322.893	37.6804
0.04968	0	20213	5	65866.8	325.344	37.4884
0.04992	0	22027	2	66071	327.876	37.2872
0.05016	0	23404	4	66275.9	330.441	37.0829
0.0504	0	24646	8	66480.7	333.03	36.8763
0.05064	0	26778	8	66685.3	335.642	36.6677
0.05088	0	28279	4	66889.2	338.271	36.4576
0.05112	0	30159	3	67093.1	340.925	36.2453
0.05136	0	32355	3	67297	343.606	36.0309
0.0516	0	34354	2	67492.9	346.248	35.8151
0.05184	0	36456	4	67685.6	349.008	35.5779
0.05208	0	39191	3	67878.3	351.78	35.3452
0.05232	0	41219	2	68068.3	354.527	35.1201
0.05256	0	44021	5	68241.9	357.047	34.9181
0.0528	0	46541	4	68415.6	359.579	34.7195
0.05304	0	49216	2	68589.2	362.121	34.5244
0.05328	0	53047	3	68740.9	364.351	34.3567
0.05352	0	55863	0	68876.3	366.347	34.2092
0.05376	0	58695	4	69011.6	368.349	34.0638
0.054	0	62472	1	69147	370.358	33.9203
0.05424	0	65554	2	69236	371.64	33.8472
0.05448	0	69303	4	69325.1	372.89	33.7882
0.05472	0	73421	4	69414.2	374.137	33.7293
0.05496	0	75970	2	69478.4	375.034	33.6867
0.0552	0	80896	3	69509.4	375.466	33.6662
0.05544	0	84637	6	69540.4	375.898	33.6456
0.05568	0	88976	4	69571.4	376.329	33.6251
0.05592	0	92578	4	69536.9	375.85	33.6479
0.05616	0	96615	3	69491.6	375.218	33.678
0.0564	0	101507	2	69446.3	374.585	33.708
0.05664	0	105052	4	69378	373.63	33.7533
0.05688	0	110401	4	69252.4	371.869	33.8363
0.05712	0	115073	3	69126.8	370.058	33.9416
0.05736	0	118765	5	69001.2	368.195	34.0749
0.0576	0	122404	1	68811.9	365.397	34.2791
0.05784	0	126748	0	68597.1	362.237	34.5156
0.05808	0	132393	4	68382.4	359.094	34.7572
0.05832	0	134526	4	68157.6	355.822	35.0157
0.05856	0	138883	1	67873.2	351.707	35.3513
0.0588	0	143577	5	67588.7	347.62	35.6965
0.05904	0	146907	2	67304.3	343.703	36.0232
0.05928	0	149950	0	66981.1	339.464	36.3622
0.05952	0	152521	7	66628.8	334.918	36.7255
0.05976	0	155570	3	66276.5	330.448	37.0823
0.06	0	158538	2	65924.2	326.053	37.4322
0.06024	0	161595	8	65526.8	321.205	37.8076
0.06048	0	164518	3	65129.4	316.365	38.1774
0.06072	0	167606	4	64732.1	311.474	38.559
0.06096	0	169185	3	64324.5	306.41	38.9628
0.0612	0	170865	3	63903.4	301.065	39.4099
0.06144	0	173779	3	63482.3	295.378	39.9432
0.06168	0	176172	2	63061.1	289.651	40.4896
0.06192	0	176680	1	62629.2	283.742	41.0639
0.06216	0	176155	2	62195.4	277.796	41.6422
0.0624	0	178524	2	61761.7	271.996	42.1347
0.06264	1	178618	5	61331.2	266.297	42.6407
0.06288	1	179835	5	60908.8	260.765	43.1543
0.06312	3	180605	2	60486.4	255.301	43.6937
0.06336	4	181993	1	60064	250.022	44.3882
0.0636	5	181187	2	59637.6	244.682	45.101
0.06384	9	181897	5	59209.7	239.316	45.8287
0.06408	9	184007	4	58781.8	233.949	46.569
0.06432	8	183957	3	58355.1	228.27	47.1162
0.06456	17	181697	1	57935.7	222.735	47.6709
0.0648	28	183694	2	57516.2	217.257	48.2458
0.06504	13	183768	12	57096.8	211.837	48.8413
0.06528	8	182801	5	56676.6	206.718	49.6608
0.06552	23	181790	3	56255.8	201.725	50.5499
0.06576	35	182601	3	55835.1	196.829	51.4791
0.066	50	180766	3	55414.3	192.028	52.45
0.06624	69	179881	1	55009	187.503	53.3295
0.06648	81	181727	1	54603.7	182.992	54.1691
0.06672	101	178088	85	54198.4	178.487	54.9961
0.06696	166	177923	183	53809.6	174.175	55.7766
0.0672	215	175608	521	53443	170.056	56.4675
0.06744	311	176874	973	53076.3	165.838	57.1157
0.06768	407	174025	2093	52709.7	161.643	57.7984
0.06792	409	171918	2656	52371	157.793	58.4604
0.06816	578	172360	3339	52037	154.022	59.1438
0.0684	792	172737	4023	51703	150.361	59.9536
0.06864	920	173083	5573	51386	147.009	60.8838
0.06888	1240	170442	8375	51111.5	144.103	61.7096
0.06912	1403	172026	11132	50836.9	141.197	62.5545
0.06936	1745	171667	14297	50562.4	138.294	63.419
0.0696	2023	171750	15825	50329.7	135.837	64.1675
0.06984	2473	171334	19352	50113.7	133.561	64.8755
0.07008	2918	174854	21728	49897.8	130.906	65.291
0.07032	3334	176815	25467	49692.6	128.444	65.7098
0.07056	3965	176875	32078	49552.5	126.807	66.0195
0.0708	4525	178051	33340	49412.4	125.206	66.3487
0.07104	5150	181177	37743	49272.3	123.64	66.6976
0.07128	6024	180356	44578	49171.9	122.539	66.9597
0.07152	6486	184049	47164	49101.5	121.776	67.15
0.07176	7339	186523	48817	49031	121.021	67.3455
0.072	8308	187894	57294	48960.5	120.275	67.5463
0.07224	9060	191030	61206	48944.3	120.104	67.5933
0.07248	10155	194119	64833	48928	119.933	67.6407
0.07272	11150	198966	69750	48911.7	119.763	67.6883
0.07296	12171	202136	76041	48914.1	119.788	67.6812
0.0732	13463	206350	80843	48941.4	120.074	67.6016
0.07344	14845	213227	84800	48968.7	120.361	67.5228
0.07368	16303	216222	90153	48996	120.649	67.4447
0.07392	17145	219967	99312	49054.9	121.277	67.2786
0.07416	18746	225022	102645	49119.2	121.967	67.1017
0.0744	20005	231045	109734	49183.5	122.664	66.9291
0.07464	21444	237143	116547	49261.6	123.522	66.725
0.07488	22375	241633	123159	49374.4	124.778	66.4414
0.07512	24080	249034	130696	49487.1	126.056	66.1706
0.07536	25642	254936	137166	49599.9	127.357	65.9126
0.0756	27129	261177	143070	49732.1	128.912	65.626
0.07584	28730	266812	150325	49872.1	130.594	65.3411
0.07608	30101	274258	155252	50012.1	132.313	65.0751
0.07632	31738	282804	163756	50158	134.026	64.7295
0.07656	32969	291054	172070	50338.7	135.932	64.1384
0.0768	34870	297652	177476	50519.4	137.839	63.5562
0.07704	36639	306416	185532	50700.1	139.75	62.9828
0.07728	38754	315126	198206	50925.8	142.137	62.279
0.07752	40352	323264	205437	51185.1	144.882	61.4863
0.07776	42571	333445	211509	51444.4	147.627	60.7106
0.078	44210	342896	222211	51703.8	150.369	59.9515
0.07824	46597	353914	240857	52070.3	154.396	59.0744
0.07848	48801	366236	245848	52436.8	158.539	58.3294
0.07872	51749	378501	257208	52803.3	162.712	57.6207
0.07896	54644	394268	274265	53183.4	167.066	56.923
0.0792	57930	406980	284517	53581.4	171.649	56.2288
0.07944	61097	421526	289755	53979.5	176.057	55.4373
0.07968	64054	441397	301015	54377.5	180.477	54.6322
0.07992	67909	459385	320535	54658.2	183.598	54.057
0.08016	71852	478039	323319	54919.2	186.503	53.5166
0.0804	75745	500554	330705	55180.3	189.409	52.9712
0.08064	80612	523025	349339	55372.5	191.556	52.5489
0.08088	85030	548575	366944	55392.6	191.783	52.5013
0.08112	89797	567930	365630	55412.7	192.01	52.4539
0.08136	95062	591953	380279	55432.8	192.237	52.4065
0.0816	100142	622003	411901	55245.7	190.137	52.8339
0.08184	105308	639834	410919	54975.7	187.132	53.399
0.08208	110703	664590	414447	54705.7	184.128	53.9589
0.08232	116027	695903	442836	54392.9	180.649	54.6008
0.08256	122107	727861	476996	53823.1	174.325	55.7498
0.0828	128404	745084	455829	53253.4	167.872	56.7985
0.08304	134010	774654	470955	52683.6	161.345	57.8483
0.08328	138935	811629	521759	51983.9	153.425	59.2553
0.08352	144354	832315	529091	51186.8	144.9	61.4811
0.08376	149234	852105	520561	50389.7	136.47	63.9731
0.084	152456	888006	561921	49592.6	127.272	65.9288
0.08424	154058	926918	647973	48796.6	118.57	68.0335
0.08448	155544	931166	586758	48000.6	112.237	71.8204
0.08472	159362	951314	603258	47204.6	107.602	77.5638
0.08496	162352	976955	684096	46516.4	103.004	83.1004
0.0852	162434	985993	709704	45971.9	97.4764	86.822
0.08544	162409	989323	651828	45427.4	91.8516	90.0797
0.08568	161702	1.01065e+06	698513	44882.9	86.2184	92.7801
0.08592	162453	1.04041e+06	858340	44607.6	84.0086	93.4324
0.08616	161483	1.02779e+06	716299	44377	82.1394	93.9088
0.0864	162723	1.03305e+06	708904	44146.5	80.256	94.3206
0.08664	163178	1.06782e+06	827836	44007.7	79.1158	94.5371
0.08688	163311	1.08558e+06	904839	44098	79.8578	94.399
0.08712	162937	1.07419e+06	740485	44188.3	80.5981	94.2508
0.08736	162185	1.08684e+06	799257	44278.6	81.3365	94.0926
0.0876	161768	1.11299e+06	1.00502e+06	44586.8	83.8413	93.4778
0.08784	161960	1.10139e+06	864835	44982.3	87.2176	92.3534
0.08808	163306	1.1045e+06	800696	45377.8	91.3359	90.3513
0.08832	164481	1.13308e+06	929840	45774.2	95.4431	88.0617
0.08856	169160	1.16084e+06	1.09084e+06	46176.6	99.5694	85.4732
0.0888	172277	1.15706e+06	844351	46579.1	103.631	82.6452
0.08904	174231	1.18417e+06	874875	46981.5	106.271	79.333
0.08928	178358	1.2323e+06	1.09169e+06	47160.4	107.339	77.9082
0.08952	181730	1.23629e+06	1.01739e+06	47171.7	107.407	77.8197
0.08976	184443	1.24638e+06	863594	47183	107.474	77.7314
0.09	188693	1.27797e+06	973079	47194.4	107.541	77.6433
0.09024	193773	1.33344e+06	1.22423e+06	46820.6	105.304	80.6556
0.09048	196872	1.30542e+06	895369	46446.8	102.305	83.5992
0.09072	199065	1.31451e+06	908868	46073.1	98.5125	86.1635
0.09096	201037	1.35379e+06	1.12925e+06	45693.9	94.6133	88.5475
0.0912	203082	1.35052e+06	1.1181e+06	45307.5	90.6048	90.7284
0.09144	204243	1.3334e+06	929858	44921.1	86.5792	92.6369
0.09168	205344	1.3381e+06	1.01529e+06	44534.7	83.4194	93.5899
0.09192	204938	1.38197e+06	1.24756e+06	44322.6	81.6956	94.0119
0.09216	205992	1.3543e+06	1.03364e+06	44139.5	80.1987	94.3321
0.0924	206735	1.35473e+06	984503	43956.5	78.6945	94.6109
0.09264	206871	1.37984e+06	1.12312e+06	43802.1	77.4215	94.8137
0.09288	206960	1.40749e+06	1.28193e+06	43719.4	76.7383	94.9101
0.09312	207648	1.38967e+06	1.01185e+06	43636.7	76.0542	94.9979
0.09336	208014	1.40264e+06	1.05199e+06	43554	75.3695	95.0771
0.0936	207111	1.44832e+06	1.34781e+06	43426.3	74.3114	95.1825
0.09384	208021	1.43568e+06	1.15312e+06	43280.7	73.1033	95.2774
0.09408	207595	1.44068e+06	1.03016e+06	43135	71.828	95.3561
0.09432	208964	1.46511e+06	1.17558e+06	42984.5	70.2379	95.4943
0.09456	208472	1.51116e+06	1.45728e+06	42804.8	68.372	95.7087
0.0948	208439	1.48782e+06	1.08518e+06	42625	66.5417	95.9773
0.09504	208738	1.49885e+06	1.11785e+06	42445.3	64.7468	96.3005
0.09528	208988	1.5458e+06	1.44026e+06	42301.2	63.3332	96.5993
0.09552	208872	1.54624e+06	1.34138e+06	42183.8	62.1985	96.8692
0.09576	208076	1.54698e+06	1.14094e+06	42066.5	61.0786	97.1629
0.096	209438	1.56975e+06	1.30238e+06	41949.1	59.9736	97.4808
0.09624	209341	1.63683e+06	1.58062e+06	41858.9	59.1348	97.7415
0.09648	209895	1.60745e+06	1.28151e+06	41768.8	58.3047	98.0166
0.09672	210053	1.62588e+06	1.25636e+06	41678.6	57.4832	98.3064
0.09696	210545	1.6753e+06	1.50775e+06	41584.5	56.6341	98.6249
0.0972	212382	1.69204e+06	1.53999e+06	41484.9	55.7467	98.9792
0.09744	212652	1.69079e+06	1.33955e+06	41385.3	54.9269	99.4328
0.09768	215500	1.71373e+06	1.4271e+06	41285.8	54.196	100.015
0.09792	216485	1.78306e+06	1.7262e+06	41125.9	53.0541	101.005
0.09816	217951	1.75726e+06	1.44871e+06	40955.9	51.8826	102.131
0.0984	220326	1.77552e+06	1.40847e+06	40785.9	50.7527	103.336
0.09864	222250	1.82683e+06	1.57127e+06	40637.1	49.7965	104.459
0.09888	223749	1.85782e+06	1.80997e+06	40541.2	49.1961	105.216
0.09912	226956	1.84484e+06	1.44701e+06	40445.4	48.6077	106
0.09936	227894	1.88553e+06	1.55359e+06	40349.5	48.0312	106.812
0.0996	228586	1.96451e+06	1.99504e+06	40414.8	48.4229	106.256
0.09984	230555	1.95469e+06	1.72308e+06	40544.7	49.2173	105.188
0.10008	230633	1.96864e+06	1.55606e+06	40674.5	50.034	104.171
0.10032	231445	2.02976e+06	1.84174e+06	40846.1	51.1476	102.901
0.10056	229135	2.11104e+06	2.08598e+06	41267.5	54.0635	100.125
0.1008	227702	2.08292e+06	1.7856e+06	41689	57.5769	98.2725
0.10104	225484	2.11375e+06	1.84107e+06	42110.4	61.4965	97.05
0.10128	221205	2.2049e+06	2.14026e+06	42734.6	67.6535	95.8071
0.10152	213877	2.20842e+06	2.14035e+06	43510.9	75.0121	95.115
0.10176	206033	2.20849e+06	1.92737e+06	44287.1	81.4063	94.0772
0.102	199953	2.2733e+06	2.07512e+06	45063.4	88.0624	91.9671
0.10224	195830	2.3913e+06	2.74074e+06	45581.1	93.4458	89.2112
0.10248	191928	2.34907e+06	2.03482e+06	46098.8	98.7751	85.9938
0.10272	188372	2.41151e+06	2.01055e+06	46616.5	104.005	82.3712
0.10296	182808	2.53416e+06	2.46322e+06	47066	106.776	78.6543
0.1032	178463	2.56085e+06	2.48011e+06	47424.5	108.901	75.8904
0.10344	172052	2.55177e+06	2.21403e+06	47783.1	110.989	73.3059
0.10368	165484	2.59318e+06	2.4731e+06	48141.7	113.038	70.8888
0.10392	158894	2.72222e+06	2.9391e+06	48651.9	117.101	68.4877
0.10416	152807	2.68596e+06	2.52942e+06	49187.5	122.708	66.9184
0.1044	145617	2.71153e+06	2.3607e+06	49723	128.804	65.6451
0.10464	137449	2.8122e+06	2.76548e+06	50036.5	132.616	65.0308
0.10488	127079	2.88054e+06	3.23644e+06	49794.7	129.659	65.4963
0.10512	114936	2.84488e+06	2.50892e+06	49552.9	126.812	66.0186
0.10536	102698	2.89981e+06	2.62884e+06	49311.1	124.071	66.5988
0.1056	89591	3.02479e+06	2.98307e+06	48525.5	115.845	68.9032
0.10584	77708	2.9749e+06	2.74754e+06	47522.4	109.475	75.1674
0.10608	62696	2.97541e+06	2.60216e+06	46519.3	103.034	83.0788
0.10632	49005	3.05824e+06	2.88925e+06	45482.3	92.4214	89.7742
0.10656	37937	3.17762e+06	3.78078e+06	44241.4	81.033	94.1589
0.1068	28300	3.1077e+06	2.77767e+06	43000.6	70.4064	95.4778
0.10704	19833	3.12206e+06	2.86285e+06	41759.7	58.2217	98.0451
0.10728	12926	3.22551e+06	3.28758e+06	40341.9	47.9859	106.878
0.10752	8141	3.17234e+06	3.14002e+06	38791.2	40.1429	123.677
0.10776	4420	3.11133e+06	2.7147e+06	37240.6	32.6767	144.607
0.108	2124	3.14143e+06	2.95044e+06	35690	23.6931	160.759
0.10824	867	3.29867e+06	3.94359e+06	33542.4	13.9408	183.749
0.10848	375	3.16308e+06	2.88033e+06	31394.8	8.60066	232.042
0.10872	175	3.17056e+06	2.88434e+06	29247.1	4.18013	298.212
0.10896	45	3.2479e+06	3.14894e+06	26859.8	1.83987	403.63
0.1092	11	3.22261e+06	3.39018e+06	24152.7	0.420365	572.588
0.10944	3	3.13145e+06	2.78142e+06	21445.7	0.323183	857.13
0.10968	32	3.15288e+06	3.08752e+06	18738.6	0	1364.07
0.10992	71	3.28505e+06	3.58145e+06	16735.8	0	2002.59
0.11016	151	3.14608e+06	2.99592e+06	14850.4	0	3574.58
0.1104	321	3.11842e+06	2.79106e+06	12965	0	8407.13
0.11064	4383	3.18322e+06	3.00246e+06	12352.4	0	11056.4
0.11088	44163	3.20466e+06	3.77552e+06	14921.9	0	3470.99
0.11112	220109	3.06291e+06	2.77109e+06	17491.3	0	1714.99
0.11136	586689	3.04086e+06	2.67703e+06	20060.8	6.52397e-06	1081.43
0.1116	1.04471e+06	3.14249e+06	2.69511e+06	26922	1.88311	400.442
0.11184	1.38741e+06	3.00545e+06	2.35258e+06	35499.9	22.5506	161.955
0.11208	1.65389e+06	2.91174e+06	1.95789e+06	44077.8	79.6924	94.4307
0.11232	1.79877e+06	2.9197e+06	2.06922e+06	52638.5	160.831	57.9351
0.11256	1.77248e+06	2.97856e+06	2.6542e+06	61095.6	263.205	42.9251
0.1128	1.66331e+06	2.75239e+06	1.95249e+06	69552.7	376.07	33.6375
0.11304	1.39318e+06	2.60787e+06	1.91284e+06	78009.8	503.634	27.475
0.11328	1.03945e+06	2.4971e+06	2.0364e+06	83074.3	581.619	25.0526
0.11352	705690	2.25605e+06	1.95376e+06	85594.3	618.23	23.0906
0.11376	409791	2.03508e+06	1.71125e+06	88114.3	661.667	22.52
0.114	214894	1.92595e+06	1.73728e+06	90634.3	702.271	21.3154
0.11424	112446	1.93181e+06	1.99426e+06	89093.4	677.939	22.2144
0.11448	50919	1.77493e+06	1.66323e+06	87552.5	651.815	22.4988
0.11472	21267	1.71428e+06	1.54691e+06	86011.6	625.086	22.804
0.11496	8946	1.71276e+06	1.7042e+06	84303.2	598.94	24.146
0.1152	3916	1.65774e+06	1.77491e+06	82371.3	568.981	25.4642
0.11544	1488	1.55973e+06	1.47989e+06	80439.4	537.319	25.7451
0.11568	520	1.53293e+06	1.47343e+06	78507.5	510.857	26.8537
0.11592	214	1.56101e+06	1.69609e+06	76364.1	475.579	29.0424
0.11616	95	1.45841e+06	1.43005e+06	74185.5	443.212	30.3302
0.1164	44	1.42311e+06	1.19641e+06	72006.8	408.722	31.465
0.11664	16	1.44808e+06	1.36125e+06	69179.4	370.84	33.8863
0.11688	4	1.4532e+06	1.51644e+06	64730.1	311.449	38.5609
0.11712	5	1.39634e+06	1.09933e+06	60280.7	252.733	44.0304
0.11736	1	1.41657e+06	1.07457e+06	55831.4	196.786	51.4874
0.1176	0	1.49948e+06	1.41882e+06	49115.3	121.925	67.1123
0.11784	0	1.49794e+06	1.02513e+06	41492.5	55.8137	98.9516
0.11808	0	1.57582e+06	869231	33869.6	14.9755	178.032
0.11832	0	1.7334e+06	1.12371e+06	26587.8	1.65602	417.887
0.11856	0	1.92081e+06	1.70319e+06	21351.7	0.289625	870.342
0.1188	0	2.14566e+06	1.51831e+06	16115.7	0	2330.11
0.11904	0	2.43024e+06	1.98378e+06	10879.7	0	19335.1
0.11928	0	2.64524e+06	2.72096e+06	12854.9	0	8838
0.11952	0	2.64721e+06	3.09812e+06	20238.5	0.000101191	1048.89
0.11976	0	2.31426e+06	1.89387e+06	27622.1	2.39858	366.294
