0	0	0	0	56663.1	206.556	49.6887
0.00024	0	0	0	56668.4	206.62	49.6776
0.00048	0	0	0	56673.8	206.684	49.6666
0.00072	0	0	0	56679.1	206.749	49.6555
0.00096	0	0	0	56684.6	206.814	49.6443
0.0012	0	0	0	56690.2	206.881	49.6328
0.00144	0	0	0	56695.7	206.947	49.6213
0.00168	0	0	0	56701.3	207.014	49.6098
0.00192	0	0	0	56707.1	207.084	49.5979
0.00216	0	0	0	56712.9	207.153	49.5859
0.0024	0	0	0	56718.7	207.223	49.574
0.00264	0	0	0	56724.6	207.293	49.5619
0.00288	0	0	0	56730.6	207.366	49.5495
0.00312	0	0	0	56736.7	207.439	49.537
0.00336	0	0	0	56742.7	207.511	49.5246
0.0036	0	0	0	56749	207.586	49.5118
0.00384	0	0	0	56755.3	207.662	49.4989
0.00408	0	0	0	56761.6	207.738	49.4859
0.00432	0	0	0	56767.9	207.815	49.4729
0.00456	0	0	0	56774.5	207.894	49.4595
0.0048	0	0	0	56781.1	207.973	49.446
0.00504	0	0	0	56787.7	208.052	49.4325
0.00528	0	0	0	56794.4	208.134	49.4188
0.00552	0	0	0	56801.3	208.217	49.4047
0.00576	0	0	0	56808.2	208.299	49.3907
0.006	0	0	0	56815.1	208.382	49.3767
0.00624	0	0	0	56822.2	208.469	49.3621
0.00648	0	0	0	56829.4	208.556	49.3475
0.00672	0	0	0	56836.6	208.642	49.3329
0.00696	0	0	0	56843.9	208.731	49.318
0.0072	0	0	0	56851.4	208.821	49.3027
0.00744	0	0	0	56858.9	208.912	49.2875
0.00768	0	0	0	56866.5	209.003	49.2723
0.00792	0	0	0	56874.3	209.097	49.2565
0.00816	0	0	0	56882.1	209.192	49.2406
0.0084	0	0	0	56890	209.287	49.2247
0.00864	0	0	0	56897.9	209.384	49.2086
0.00888	0	0	0	56906.2	209.483	49.192
0.00912	0	0	0	56914.4	209.583	49.1755
0.00936	0	0	0	56922.6	209.683	49.1589
0.0096	0	0	0	56931.1	209.786	49.1418
0.00984	0	1	0	56939.7	209.89	49.1245
0.01008	0	0	0	56948.3	209.995	49.1071
0.01032	0	0	0	56957	210.1	49.0897
0.01056	0	0	0	56966	210.209	49.0716
0.0108	0	0	0	56975.1	210.319	49.0535
0.01104	0	1	0	56984.1	210.429	49.0355
0.01128	0	0	0	56993.4	210.542	49.0169
0.01152	0	2	0	57002.8	210.657	48.998
0.01176	0	0	0	57012.3	210.772	48.9791
0.012	0	0	0	57021.8	210.887	48.9602
0.01224	0	0	0	57031.7	211.008	48.9404
0.01248	0	0	0	57041.7	211.13	48.9211
0.01272	0	3	0	57051.6	211.258	48.9066
0.01296	0	0	2	57061.8	211.388	48.8919
0.0132	0	0	0	57072.2	211.522	48.8768
0.01344	0	0	0	57082.7	211.657	48.8616
0.01368	0	1	1	57093.1	211.791	48.8465
0.01392	0	1	0	57104.1	211.931	48.8308
0.01416	0	0	0	57115	212.072	48.8149
0.0144	0	0	0	57126	212.214	48.799
0.01464	0	0	0	57137.2	212.357	48.783
0.01488	0	3	0	57148.8	212.506	48.7663
0.01512	0	2	0	57160.3	212.655	48.7497
0.01536	0	1	0	57171.9	212.804	48.7331
0.0156	0	0	1	57183.9	212.958	48.7159
0.01584	0	0	0	57196.1	213.115	48.6984
0.01608	0	1	0	57208.3	213.272	48.6809
0.01632	0	1	1	57220.5	213.43	48.6634
0.01656	0	5	1	57233.4	213.596	48.645
0.0168	0	1	0	57246.2	213.762	48.6267
0.01704	0	3	0	57259.1	213.927	48.6084
0.01728	0	0	1	57272.3	214.098	48.5895
0.01752	0	0	1	57285.9	214.273	48.5702
0.01776	0	5	2	57299.4	214.449	48.5509
0.018	0	4	1	57313	214.624	48.5317
0.01824	0	3	0	57327.3	214.809	48.5114
0.01848	0	4	0	57341.6	214.994	48.4911
0.01872	0	1	3	57355.9	215.179	48.4709
0.01896	0	8	1	57370.6	215.369	48.4501
0.0192	0	4	2	57385.7	215.565	48.4287
0.01944	0	3	1	57400.9	215.761	48.4074
0.01968	0	2	2	57416	215.958	48.3861
0.01992	0	4	3	57432	216.164	48.3637
0.02016	0	4	1	57448	216.372	48.3412
0.0204	0	3	4	57464	216.58	48.3187
0.02064	0	3	0	57480.4	216.792	48.2958
0.02088	0	4	0	57497.3	217.012	48.2721
0.02112	0	6	0	57514.3	217.233	48.2484
0.02136	0	7	0	57531.3	217.454	48.2247
0.0216	0	7	2	57549.1	217.684	48.2
0.02184	0	6	0	57567.1	217.918	48.1749
0.02208	0	8	0	57585.1	218.153	48.1499
0.02232	0	9	4	57603.3	218.39	48.1247
0.02256	0	7	2	57622.4	218.639	48.0982
0.0228	0	6	3	57641.6	218.889	48.0718
0.02304	0	7	1	57660.8	219.139	48.0453
0.02328	0	8	1	57680.6	219.398	48.018
0.02352	0	5	7	57701	219.664	47.99
0.02376	0	19	2	57721.4	219.93	47.962
0.024	0	13	3	57741.8	220.196	47.9341
0.02424	0	11	5	57763.5	220.48	47.9044
0.02448	0	13	3	57785.2	220.763	47.8748
0.02472	0	16	4	57806.9	221.047	47.8453
0.02496	0	17	2	57829.2	221.339	47.8149
0.0252	0	14	4	57852.3	221.643	47.7835
0.02544	0	15	6	57875.5	221.946	47.7522
0.02568	0	13	0	57898.6	222.249	47.7209
0.02592	0	17	4	57923.1	222.57	47.6879
0.02616	0	24	3	57947.8	222.895	47.6546
0.0264	0	24	4	57972.5	223.219	47.6214
0.02664	0	25	3	57997.7	223.55	47.5877
0.02688	0	27	4	58024.1	223.897	47.5524
0.02712	0	35	4	58050.5	224.245	47.5171
0.02736	0	30	5	58076.9	224.592	47.482
0.0276	0	26	5	58104.6	224.958	47.4451
0.02784	0	33	4	58132.9	225.331	47.4076
0.02808	0	36	4	58161.2	225.705	47.3702
0.02832	0	27	8	58189.8	226.082	47.3325
0.02856	0	37	9	58220.2	226.483	47.2925
0.0288	0	44	5	58250.5	226.885	47.2527
0.02904	0	52	9	58280.9	227.286	47.213
0.02928	0	51	3	58312.5	227.705	47.1717
0.02952	0	42	6	58345.1	228.136	47.1293
0.02976	0	54	9	58377.6	228.568	47.087
0.03	0	69	5	58410.2	229.001	47.0449
0.03024	0	77	8	58445.3	229.466	46.9996
0.03048	0	65	9	58480.3	229.932	46.9545
0.03072	0	74	9	58515.4	230.398	46.9095
0.03096	0	80	12	58551.6	230.881	46.8631
0.0312	0	75	11	58589.4	231.385	46.8149
0.03144	0	71	5	58627.3	231.889	46.7669
0.03168	0	102	7	58665.1	232.394	46.719
0.03192	0	88	7	58705.4	232.933	46.668
0.03216	0	99	8	58746.2	233.478	46.6167
0.0324	0	119	11	58787	234.014	46.5599
0.03264	0	131	8	58828.7	234.537	46.4872
0.03288	0	139	7	58872.7	235.089	46.4106
0.03312	0	145	7	58916.8	235.642	46.3341
0.03336	0	160	6	58960.8	236.194	46.2578
0.0336	0	154	11	59007.3	236.778	46.1773
0.03384	0	193	9	59054.9	237.374	46.0951
0.03408	0	207	11	59102.5	237.971	46.0131
0.03432	0	250	7	59150.6	238.575	45.9302
0.03456	0	227	6	59202.2	239.222	45.8416
0.0348	0	229	10	59253.8	239.869	45.7532
0.03504	0	233	7	59305.4	240.516	45.6649
0.03528	0	279	6	59359.5	241.195	45.5725
0.03552	0	282	12	59415.6	241.898	45.4771
0.03576	0	335	4	59471.6	242.601	45.3819
0.036	0	349	10	59527.7	243.304	45.2869
0.03624	0	355	7	59588.5	244.067	45.1839
0.03648	0	401	6	59649.4	244.829	45.0812
0.03672	0	445	10	59710.2	245.592	44.9788
0.03696	0	469	6	59773.3	246.383	44.8728
0.0372	0	485	11	59839.5	247.212	44.762
0.03744	0	519	1	59905.7	248.04	44.6515
0.03768	0	586	4	59971.8	248.869	44.5413
0.03792	0	614	5	60042.9	249.758	44.4232
0.03816	0	656	1	60114.8	250.658	44.304
0.0384	0	759	2	60186.7	251.557	44.1852
0.03864	0	770	8	60260.4	252.478	44.0639
0.03888	0	801	4	60338.5	253.455	43.9355
0.03912	0	924	5	60416.7	254.431	43.8076
0.03936	0	1115	3	60494.8	255.406	43.68
0.0396	0	999	7	60578	256.473	43.5687
0.03984	0	1139	2	60663.1	257.574	43.461
0.04008	0	1156	13	60748.2	258.677	43.3541
0.04032	0	1438	13	60834.5	259.798	43.2464
0.04056	0	1322	3	60927.6	261.01	43.1311
0.0408	0	1439	4	61020.7	262.225	43.0165
0.04104	0	1604	8	61113.8	263.443	42.9029
0.04128	0	1683	8	61211.7	264.727	42.7843
0.04152	0	1915	5	61313.2	266.06	42.6623
0.04176	0	1918	8	61414.6	267.397	42.5413
0.042	0	2100	8	61516.1	268.737	42.4213
0.04224	0	2332	5	61626.4	270.199	42.2918
0.04248	0	2548	10	61736.8	271.664	42.1635
0.04272	0	2575	11	61847.1	273.134	42.0363
0.04296	0	2937	12	61961.6	274.662	41.9056
0.0432	0	3063	9	62081.5	276.267	41.7699
0.04344	0	3211	8	62201.5	277.877	41.6354
0.04368	0	3578	5	62321.4	279.514	41.482
0.04392	0	3945	7	62450.1	281.284	41.3062
0.04416	0	4016	5	62580.3	283.072	41.1298
0.0444	0	4338	5	62710.5	284.857	40.9547
0.04464	0	4811	5	62843.8	286.682	40.7767
0.04488	0	4856	10	62984.9	288.611	40.5899
0.04512	0	5403	5	63126	290.535	40.4046
0.04536	0	6017	2	63267	292.456	40.2208
0.0456	0	6148	6	63415.8	294.476	40.0286
0.04584	0	6692	4	63567.5	296.533	39.8342
0.04608	0	7341	6	63719.3	298.584	39.6415
0.04632	0	7734	6	63872.6	300.65	39.4485
0.04656	0	8222	7	64035.2	302.788	39.2574
0.0468	0	8766	6	64197.8	304.826	39.091
0.04704	0	9729	2	64360.5	306.858	38.9267
0.04728	0	10273	4	64528.2	308.947	38.7594
0.04752	0	10993	5	64699.8	311.075	38.5905
0.04776	0	11907	2	64871.3	313.194	38.4239
0.048	0	12528	4	65042.9	315.304	38.2595
0.04824	0	13714	1	65222.8	317.507	38.0895
0.04848	0	14630	6	65402.8	319.7	37.9218
0.04872	0	15864	4	65582.7	321.881	37.7566
0.04896	0	16831	4	65765.6	324.098	37.5873
0.0492	0	17698	0	65952.6	326.404	37.4042
0.04944	0	18864	5	66139.5	328.73	37.2192
0.04968	0	20213	5	66326.4	331.077	37.0321
0.04992	0	22027	2	66515.9	333.477	36.8406
0.05016	0	23404	4	66705.7	335.904	36.6468
0.0504	0	24646	8	66895.6	338.354	36.451
0.05064	0	26778	8	67084.9	340.819	36.2539
0.05088	0	28279	4	67273	343.29	36.0562
0.05112	0	30159	3	67461.2	345.796	35.8546
0.05136	0	32355	3	67649.3	348.487	35.6222
0.0516	0	34354	2	67830.3	351.088	35.4028
0.05184	0	36456	4	68008.4	353.66	35.1906
0.05208	0	39191	3	68186.6	356.242	34.9821
0.05232	0	41219	2	68362.3	358.802	34.78
0.05256	0	44021	5	68523.9	361.164	34.5973
0.0528	0	46541	4	68685.6	363.536	34.4175
0.05304	0	49216	2	68847.2	365.917	34.2407
0.05328	0	53047	3	68990.8	368.04	34.086
0.05352	0	55863	0	69120.8	369.97	33.9479
0.05376	0	58695	4	69250.9	371.848	33.8373
0.054	0	62472	1	69380.9	373.671	33.7513
0.05424	0	65554	2	69473.1	374.959	33.6903
0.05448	0	69303	4	69565.2	376.243	33.6292
0.05472	0	73421	4	69657.3	377.524	33.5681
0.05496	0	75970	2	69729.2	378.521	33.5203
0.0552	0	80896	3	69774.1	379.144	33.4904
0.05544	0	84637	6	69819.1	379.766	33.4604
0.05568	0	88976	4	69864	380.387	33.4305
0.05592	0	92578	4	69856.7	380.285	33.4354
0.05616	0	96615	3	69840.6	380.063	33.4461
0.0564	0	101507	2	69824.6	379.841	33.4568
0.05664	0	105052	4	69790.3	379.367	33.4796
0.05688	0	110401	4	69710.4	378.262	33.5327
0.05712	0	115073	3	69630.6	377.153	33.5858
0.05736	0	118765	5	69550.8	376.043	33.6388
0.0576	0	122404	1	69420.9	374.23	33.7248
0.05784	0	126748	0	69271	372.131	33.824
0.05808	0	132393	4	69121.2	369.974	33.9475
0.05832	0	134526	4	68963.5	367.637	34.1152
0.05856	0	138883	1	68759.2	364.62	34.3366
0.0588	0	143577	5	68555	361.619	34.5626
0.05904	0	146907	2	68350.7	358.632	34.7933
0.05928	0	149950	0	68116.7	355.228	35.0634
0.05952	0	152521	7	67860.5	351.523	35.3666
0.05976	0	155570	3	67604.2	347.841	35.6775
0.06	0	158538	2	67347.9	344.28	35.977
0.06024	0	161595	8	67058.4	340.472	36.2816
0.06048	0	164518	3	66768.8	336.716	36.5819
0.06072	0	167606	4	66479.3	333.012	36.8778
0.06096	0	169185	3	66183.1	329.276	37.1757
0.0612	0	170865	3	65878	325.482	37.4775
0.06144	0	173779	3	65573	321.763	37.7655
0.06168	0	176172	2	65267.9	318.057	38.0473
0.06192	0	176680	1	64958.3	314.265	38.3403
0.06216	0	176155	2	64647.9	310.433	38.6413
0.0624	0	178524	2	64337.6	306.573	38.9497
0.06264	0	178618	5	64031.5	302.741	39.2612
0.06288	0	179836	5	63736.1	298.811	39.6202
0.06312	0	180605	2	63440.7	294.815	39.9965
0.06336	0	181994	2	63145.3	290.799	40.3793
0.0636	0	181188	2	62853	286.808	40.7645
0.06384	0	181899	7	62562	282.82	41.1546
0.06408	0	184010	4	62270.9	278.819	41.5513
0.06432	0	183959	3	61982.4	274.939	41.882
0.06456	0	181706	2	61708.9	271.294	42.1958
0.0648	0	183703	2	61435.4	267.672	42.5166
0.06504	0	183780	13	61161.9	264.074	42.8444
0.06528	0	182811	8	60895.9	260.597	43.1703
0.06552	0	181806	7	60635.4	257.216	43.4959
0.06576	0	182620	4	60375	253.91	43.8758
0.066	0	180791	6	60114.5	250.655	44.3045
0.06624	0	179899	4	59882.8	247.754	44.6896
0.06648	0	181755	7	59651.1	244.851	45.0783
0.06672	0	178140	88	59419.4	241.946	45.4706
0.06696	0	177975	186	59208.8	239.305	45.8302
0.0672	0	175673	523	59026.5	237.017	46.1442
0.06744	0	176949	973	58844.1	234.73	46.4605
0.06768	0	174121	2099	58661.7	232.349	46.7232
0.06792	0	172036	2665	58519.5	230.453	46.9042
0.06816	0	172486	3348	58384	228.652	47.0788
0.0684	0	172936	4028	58248.4	226.857	47.2554
0.06864	0	173352	5587	58132.5	225.326	47.4081
0.06888	0	170757	8378	58065.7	224.445	47.4968
0.06912	0	172408	11134	57998.8	223.566	47.5861
0.06936	0	172107	14302	57932	222.687	47.6759
0.0696	0	172283	15830	57914.2	222.453	47.6999
0.06984	0	171935	19357	57916	222.477	47.6974
0.07008	0	175567	21734	57917.8	222.501	47.695
0.07032	0	177676	25468	57931.4	222.679	47.6767
0.07056	0	177889	32089	58015.6	223.787	47.5636
0.0708	0	179288	33344	58099.9	224.896	47.4513
0.07104	0	182617	37751	58184.2	226.008	47.3398
0.07128	0	182016	44579	58312.6	227.707	47.1715
0.07152	0	186028	47171	58474.2	229.851	46.9623
0.07176	0	188803	48819	58635.8	232.003	46.7561
0.072	0	190600	57296	58797.3	234.143	46.5419
0.07224	0	194271	61210	59025.3	237.002	46.1463
0.07248	0	197905	64837	59253.2	239.862	45.7542
0.07272	0	203238	69755	59481.2	242.721	45.3656
0.07296	0	207299	76043	59734.3	245.894	44.9383
0.0732	0	212484	80847	60021	249.484	44.4595
0.07344	0	219946	84802	60307.7	253.069	43.9861
0.07368	0	224070	90154	60594.3	256.684	43.548
0.07392	0	228990	99319	60928.1	261.017	43.1304
0.07416	0	235874	102647	61269.8	265.49	42.7143
0.0744	0	243168	109737	61611.5	270	42.3093
0.07464	0	251101	116551	61969.8	274.772	41.8962
0.07488	0	258363	123159	62370	280.182	41.4155
0.07512	0	267982	130696	62770.1	285.674	40.8749
0.07536	0	277006	137168	63170.3	291.139	40.3466
0.0756	0	286846	143071	63575.5	296.641	39.824
0.07584	0	296204	150326	63982.7	302.129	39.3115
0.07608	0	309175	155254	64390	307.226	38.8971
0.07632	0	322974	163757	64787.1	312.155	38.5054
0.07656	0	337300	172074	65123.7	316.296	38.1828
0.0768	0	350955	177476	65460.4	320.399	37.8687
0.07704	0	368675	185533	65797	324.484	37.5567
0.07728	0	387692	198206	65985.7	326.815	37.3716
0.07752	0	407076	205437	66063.5	327.782	37.2947
0.07776	0	432289	211510	66141.2	328.752	37.2174
0.078	0	455465	222212	66219	329.726	37.1399
0.07824	0	484397	240860	65736.7	323.744	37.6155
0.07848	0	517212	245848	65254.4	317.893	38.0599
0.07872	0	551571	257211	64772.1	311.969	38.52
0.07896	0	591892	274265	63891.5	300.905	39.4248
0.0792	0	627176	284517	62479.8	281.691	41.266
0.07944	5	665499	289755	61068	262.844	42.9587
0.07968	4	712181	301016	59656.3	244.916	45.0695
0.07992	6	761240	320536	57428.7	216.122	48.3682
0.08016	9	789809	323319	55065.1	188.127	53.2123
0.0804	16	815543	330707	52701.6	161.55	57.8139
0.08064	28	840843	349339	50269.3	135.199	64.3644
0.08088	36	860575	366949	47665.1	110.306	74.1374
0.08112	57	853694	365657	45060.9	88.0371	91.9788
0.08136	69	848945	382921	42456.8	64.8602	96.2782
0.0816	80	858213	426456	40370	48.1535	106.636
0.08184	143	850961	444390	38490.2	38.7367	127.496
0.08208	119	853197	475238	36610.3	29.2782	152.808
0.08232	146	863206	536621	34909.7	19.2773	165.81
0.08256	117	876377	605311	34283.9	16.4146	171.586
0.0828	171	873240	608767	33658.1	14.297	181.661
0.08304	181	882472	652271	33032.4	12.4885	193.866
0.08328	196	900900	732878	33021.1	12.4586	194.106
0.08352	191	905585	757723	33470.8	13.7258	185.076
0.08376	205	909355	756973	33920.5	15.1443	177.194
0.084	212	929696	808479	34370.2	16.7342	170.347
0.08424	255	956458	907249	35351.1	21.6866	162.906
0.08448	352	951486	835444	36331.9	27.7422	156.231
0.08472	359	964127	848483	37312.7	33.0541	143.634
0.08496	337	982822	931261	38291.9	37.8158	130.102
0.0852	387	988836	951452	39269.1	42.387	117.94
0.08544	465	990277	875063	40246.2	47.4234	107.718
0.08568	478	1.0107e+06	904462	41223.4	53.7458	100.393
0.08592	580	1.04041e+06	1.04901e+06	41841.4	58.973	97.7937
0.08616	631	1.02779e+06	885276	42399.6	64.2966	96.3913
0.0864	690	1.03306e+06	858749	42957.8	69.9588	95.5227
0.08664	756	1.06783e+06	960506	43372	73.8607	95.2211
0.08688	877	1.08561e+06	1.02093e+06	43426	74.3085	95.1827
0.08712	935	1.0742e+06	842881	43480	74.7562	95.1407
0.08736	1069	1.08686e+06	887857	43534	75.2038	95.095
0.0876	1173	1.11299e+06	1.08069e+06	43318.3	73.4157	95.2555
0.08784	1264	1.10141e+06	929931	42994.8	70.3459	95.4837
0.08808	1422	1.1045e+06	857551	42671.3	67.0093	95.903
0.08832	1475	1.13321e+06	976790	42300.1	63.3224	96.6018
0.08856	1638	1.16605e+06	1.1304e+06	41642.8	57.1594	98.4256
0.0888	1744	1.16839e+06	891255	40985.6	52.0843	101.928
0.08904	1791	1.20306e+06	929276	40328.4	47.9059	106.995
0.08928	1903	1.25878e+06	1.15531e+06	39623.4	44.0549	113.928
0.08952	1981	1.26243e+06	1.09597e+06	38882.7	40.5717	122.548
0.08976	2020	1.26807e+06	963526	38142	37.1225	132.122
0.09	2150	1.2959e+06	1.0981e+06	37401.3	33.514	142.429
0.09024	2183	1.34908e+06	1.3768e+06	37157	32.2354	145.727
0.09048	2354	1.31402e+06	1.07261e+06	36912.7	30.9271	148.946
0.09072	2317	1.31894e+06	1.11502e+06	36668.4	29.5969	152.077
0.09096	2418	1.35558e+06	1.36393e+06	36736.2	29.9676	151.218
0.0912	2456	1.35099e+06	1.37062e+06	37220	32.5682	144.884
0.09144	2572	1.3334e+06	1.18879e+06	37703.8	35.0446	138.248
0.09168	2577	1.3381e+06	1.28146e+06	38187.7	37.3333	131.503
0.09192	2611	1.38197e+06	1.52002e+06	38876.5	40.5424	122.625
0.09216	2798	1.3543e+06	1.29417e+06	39599.5	43.9421	114.193
0.0924	2859	1.35473e+06	1.23098e+06	40322.5	47.871	107.046
0.09264	2889	1.37984e+06	1.3578e+06	40952.7	51.8609	102.153
0.09288	3124	1.40749e+06	1.50405e+06	41351.1	54.6735	99.6304
0.09312	3230	1.38967e+06	1.22132e+06	41749.4	58.1275	98.0777
0.09336	3444	1.40264e+06	1.25078e+06	42147.8	61.8529	96.9568
0.0936	3582	1.44832e+06	1.53502e+06	42264.7	62.9793	96.6806
0.09384	3693	1.43568e+06	1.33764e+06	42269.2	63.0221	96.6706
0.09408	4066	1.44068e+06	1.21537e+06	42273.6	63.065	96.6606
0.09432	4191	1.46513e+06	1.35901e+06	42265	62.9815	96.68
0.09456	4173	1.51116e+06	1.64245e+06	42178.1	62.1439	96.8828
0.0948	4500	1.48782e+06	1.27133e+06	42091.3	61.3144	97.0987
0.09504	4885	1.49885e+06	1.30695e+06	42004.5	60.493	97.3278
0.09528	4860	1.5458e+06	1.63325e+06	41978.5	60.2496	97.3987
0.09552	5186	1.54624e+06	1.53436e+06	41998.3	60.4355	97.3444
0.09576	5345	1.54698e+06	1.33318e+06	42018.1	60.6219	97.2909
0.096	5537	1.56975e+06	1.49263e+06	42037.9	60.8087	97.238
0.09624	5676	1.63683e+06	1.77043e+06	42099.9	61.3959	97.0768
0.09648	5925	1.60745e+06	1.46839e+06	42161.8	61.9873	96.9224
0.09672	6062	1.62588e+06	1.44168e+06	42223.8	62.5829	96.7747
0.09696	6428	1.6753e+06	1.69192e+06	42281.8	63.1443	96.6424
0.0972	6540	1.69204e+06	1.7226e+06	42334.5	63.6581	96.527
0.09744	6569	1.69079e+06	1.52168e+06	42387.3	64.175	96.4165
0.09768	7114	1.71373e+06	1.61077e+06	42440	64.6948	96.3107
0.09792	7218	1.78306e+06	1.90976e+06	42480	65.0909	96.2337
0.09816	7576	1.75726e+06	1.63417e+06	42517.9	65.4674	96.1633
0.0984	7883	1.77552e+06	1.59675e+06	42555.7	65.8455	96.0954
0.09864	8000	1.82683e+06	1.76332e+06	42617.6	66.4667	95.9896
0.09888	8287	1.85782e+06	2.00204e+06	42739.5	67.7027	95.8001
0.09912	8577	1.84484e+06	1.63848e+06	42861.3	68.9551	95.6355
0.09936	8759	1.88553e+06	1.74366e+06	42983.2	70.2238	95.4957
0.0996	9187	1.96451e+06	2.18141e+06	43130.8	71.7827	95.3595
0.09984	9589	1.9547e+06	1.90323e+06	43288.7	73.1696	95.2729
0.10008	9862	1.96864e+06	1.72614e+06	43446.6	74.4792	95.1672
0.10032	9997	2.02976e+06	2.00374e+06	43582.3	75.6037	95.051
0.10056	10514	2.11104e+06	2.23614e+06	43584.8	75.6244	95.0487
0.1008	10836	2.08325e+06	1.9166e+06	43587.3	75.6451	95.0463
0.10104	11198	2.11568e+06	1.95709e+06	43589.8	75.6658	95.0439
0.10128	11811	2.21114e+06	2.24192e+06	43438.9	74.4154	95.173
0.10152	12263	2.21827e+06	2.22493e+06	43173	72.2094	95.3304
0.10176	12511	2.22547e+06	1.99503e+06	42907	69.4291	95.5801
0.102	13066	2.29921e+06	2.12787e+06	42641.1	66.7037	95.9511
0.10224	13445	2.4268e+06	2.78121e+06	41862.8	59.1702	97.7301
0.10248	13471	2.37978e+06	2.0721e+06	41084.4	52.7646	101.272
0.10272	13938	2.43973e+06	2.04921e+06	40306.1	47.7744	107.189
0.10296	13755	2.56418e+06	2.50379e+06	39552.7	43.7221	114.713
0.1032	13802	2.5887e+06	2.52719e+06	38832.6	40.3366	123.165
0.10344	13792	2.57732e+06	2.27279e+06	38112.4	36.9861	132.526
0.10368	13739	2.6178e+06	2.54649e+06	37392.3	33.4675	142.552
0.10392	13700	2.74866e+06	3.02951e+06	37148.5	32.1902	145.841
0.10416	13359	2.72212e+06	2.62717e+06	36984	31.3117	148.015
0.1044	13639	2.76089e+06	2.46448e+06	36819.6	30.4223	150.15
0.10464	13220	2.87221e+06	2.87696e+06	36656.7	29.5326	152.225
0.10488	12923	2.95013e+06	3.35836e+06	36497.5	28.6572	154.211
0.10512	12879	2.91707e+06	2.64882e+06	36338.3	27.7779	156.153
0.10536	12575	2.97356e+06	2.78692e+06	36179.1	26.8405	157.783
0.1056	12150	3.09891e+06	3.1597e+06	36213.5	27.0728	157.58
0.10584	11944	3.04723e+06	2.938e+06	36325.2	27.7052	156.312
0.10608	11711	3.04387e+06	2.80471e+06	36436.9	28.3227	154.956
0.10632	11649	3.12283e+06	3.10578e+06	36602.3	29.2338	152.909
0.10656	11285	3.23916e+06	4.00598e+06	37089.5	31.8767	146.625
0.1068	11331	3.17033e+06	2.98774e+06	37576.8	34.4101	140.015
0.10704	11116	3.18661e+06	3.05945e+06	38064.1	36.7635	133.189
0.10728	11152	3.29384e+06	3.47042e+06	38390.2	38.272	128.8
0.10752	11247	3.24336e+06	3.31074e+06	38595.4	39.2275	126.142
0.10776	11110	3.18908e+06	2.8731e+06	38800.6	40.1868	123.56
0.108	11220	3.22464e+06	3.09911e+06	39005.8	41.1492	121.053
0.10824	11278	3.39017e+06	4.07923e+06	38705.5	39.7417	124.748
0.10848	11131	3.25804e+06	3.02234e+06	38405.2	38.3414	128.604
0.10872	10998	3.26906e+06	3.032e+06	38104.9	36.9512	132.63
0.10896	11063	3.35068e+06	3.30184e+06	37770.8	35.3742	137.309
0.1092	10781	3.32702e+06	3.55015e+06	37391.7	33.4644	142.56
0.10944	10907	3.23853e+06	2.95177e+06	37012.6	31.4652	147.64
0.10968	10566	3.26118e+06	3.26855e+06	36633.5	29.4056	152.517
0.10992	10272	3.39495e+06	3.77442e+06	36455.8	28.4274	154.724
0.11016	10155	3.25805e+06	3.19384e+06	36311.7	27.6306	156.474
0.1104	9882	3.23338e+06	2.99346e+06	36167.6	26.7625	157.852
0.11064	9676	3.30131e+06	3.21001e+06	36022.9	25.8019	158.719
0.11088	9486	3.32473e+06	3.99083e+06	35876.8	24.8591	159.606
0.11112	9305	3.183e+06	3.03072e+06	35730.7	23.9433	160.507
0.11136	9187	3.16203e+06	3.07434e+06	35584.6	23.054	161.42
0.1116	8825	3.26482e+06	3.39659e+06	35492.3	22.5056	162.003
0.11184	8571	3.12802e+06	3.16603e+06	35421.5	22.0922	162.454
0.11208	8376	3.03349e+06	2.82784e+06	35350.7	21.6847	162.908
0.11232	8167	3.04478e+06	3.08266e+06	35267.7	21.2144	163.445
0.11256	7855	3.10456e+06	3.80558e+06	35111.3	20.3502	164.468
0.1128	7529	2.93164e+06	2.84776e+06	34954.9	19.5141	165.506
0.11304	7539	2.91336e+06	2.8154e+06	34798.5	18.7057	166.56
0.11328	7339	2.97578e+06	3.08923e+06	34561.4	17.5314	168.189
0.11352	7024	2.85961e+06	2.97584e+06	34263.7	16.341	171.88
0.11376	6662	2.73118e+06	2.64506e+06	33966.1	15.2971	176.455
0.114	6485	2.72383e+06	2.74896e+06	33668.4	14.3291	181.479
0.11424	6252	2.81607e+06	3.2711e+06	33621.4	14.1828	182.316
0.11448	6160	2.62609e+06	2.67198e+06	33574.4	14.0382	183.165
0.11472	5749	2.56544e+06	2.55379e+06	33527.3	13.8953	184.025
0.11496	5569	2.59936e+06	2.87116e+06	33538.4	13.9287	183.822
0.1152	5182	2.54696e+06	2.9401e+06	33626.8	14.1996	182.219
0.11544	5123	2.43614e+06	2.48075e+06	33715.3	14.4767	180.657
0.11568	4892	2.44667e+06	2.52665e+06	33803.7	14.76	179.138
0.11592	4703	2.5335e+06	2.98001e+06	33832.6	14.854	178.651
0.11616	4590	2.38295e+06	2.53951e+06	33851.6	14.9161	178.333
0.1164	4293	2.34549e+06	2.30398e+06	33870.6	14.9785	178.017
0.11664	4179	2.40885e+06	2.62718e+06	33951.7	15.2487	176.687
0.11688	3944	2.37696e+06	2.92037e+06	34188.4	16.0691	172.998
0.11712	3909	2.15806e+06	2.33166e+06	34425	16.9406	169.579
0.11736	3650	2.07878e+06	2.3164e+06	34661.6	18.0202	167.496
0.1176	3739	2.10419e+06	2.79468e+06	34683.9	18.1304	167.343
0.11784	3455	1.91253e+06	2.29144e+06	34620.5	17.8182	167.78
0.11808	3358	1.82803e+06	1.96338e+06	34557.1	17.5103	168.219
0.11832	3355	1.90013e+06	2.14001e+06	34695.3	18.1867	167.265
0.11856	3199	2.0445e+06	2.65065e+06	36043.3	25.9355	158.596
0.1188	3351	2.22181e+06	2.163e+06	37391.3	33.462	142.566
0.11904	3181	2.48804e+06	2.46777e+06	38739.2	39.8996	124.325
0.11928	3281	2.71258e+06	3.12021e+06	45957.5	97.3285	86.9145
0.11952	3130	2.79913e+06	3.25641e+06	57578.4	218.065	48.1593
0.11976	0	2.72057e+06	1.91446e+06	69199.2	371.123	33.8715
