0	0	0	0	56373.4	203.111	50.2974
0.00024	0	0	0	56376.7	203.15	50.2904
0.00048	0	0	0	56380	203.189	50.2834
0.00072	0	0	0	56383.3	203.228	50.2763
0.00096	0	0	0	56386.7	203.267	50.2692
0.0012	0	0	0	56390.1	203.308	50.2618
0.00144	0	0	0	56393.6	203.349	50.2545
0.00168	0	0	0	56397	203.39	50.2471
0.00192	0	0	0	56400.6	203.432	50.2395
0.00216	0	0	0	56404.2	203.475	50.2318
0.0024	0	0	0	56407.8	203.517	50.2242
0.00264	0	0	0	56411.5	203.561	50.2164
0.00288	0	0	0	56415.3	203.605	50.2084
0.00312	0	0	0	56419	203.65	50.2004
0.00336	0	0	0	56422.8	203.695	50.1924
0.0036	0	0	0	56426.7	203.741	50.1841
0.00384	0	0	0	56430.7	203.788	50.1757
0.00408	0	0	0	56434.6	203.835	50.1673
0.00432	0	0	0	56438.6	203.882	50.1589
0.00456	0	0	0	56442.7	203.931	50.1501
0.0048	0	0	0	56446.9	203.98	50.1413
0.00504	0	0	0	56451	204.029	50.1326
0.00528	0	0	0	56455.3	204.079	50.1236
0.00552	0	0	0	56459.6	204.131	50.1144
0.00576	0	0	0	56464	204.182	50.1052
0.006	0	0	0	56468.3	204.234	50.096
0.00624	0	0	0	56472.9	204.288	50.0864
0.00648	0	0	0	56477.4	204.342	50.0768
0.00672	0	0	0	56482	204.396	50.0672
0.00696	0	0	0	56486.6	204.451	50.0574
0.0072	0	0	0	56491.4	204.508	50.0473
0.00744	0	0	0	56496.2	204.565	50.0372
0.00768	0	0	0	56501	204.622	50.0271
0.00792	0	0	0	56506	204.681	50.0166
0.00816	0	0	0	56511	204.741	50.006
0.0084	0	0	0	56516	204.801	49.9955
0.00864	0	0	0	56521.1	204.862	49.9848
0.00888	0	0	0	56526.4	204.925	49.9737
0.00912	0	0	0	56531.7	204.987	49.9626
0.00936	0	0	0	56537	205.05	49.9515
0.0096	0	0	0	56542.5	205.116	49.94
0.00984	0	1	0	56548	205.182	49.9283
0.01008	0	0	0	56553.6	205.248	49.9167
0.01032	0	0	0	56559.2	205.315	49.9049
0.01056	0	0	0	56565.1	205.385	49.8927
0.0108	0	0	0	56570.9	205.455	49.8804
0.01104	0	1	0	56576.8	205.525	49.8682
0.01128	0	0	0	56582.8	205.597	49.8556
0.01152	0	2	0	56589	205.67	49.8427
0.01176	0	0	0	56595.2	205.744	49.8298
0.012	0	0	0	56601.3	205.818	49.8169
0.01224	0	0	0	56607.9	205.896	49.8033
0.01248	0	0	0	56614.4	205.974	49.7898
0.01272	0	3	0	56620.9	206.052	49.7762
0.01296	0	0	2	56627.6	206.131	49.7623
0.0132	0	0	0	56634.5	206.214	49.748
0.01344	0	0	0	56641.4	206.296	49.7337
0.01368	0	1	1	56648.3	206.379	49.7194
0.01392	0	1	0	56655.5	206.465	49.7044
0.01416	0	0	0	56662.8	206.553	49.6893
0.0144	0	0	0	56670.1	206.64	49.6743
0.01464	0	0	0	56677.5	206.729	49.659
0.01488	0	3	0	56685.2	206.821	49.643
0.01512	0	2	0	56692.9	206.913	49.6271
0.01536	0	1	0	56700.6	207.006	49.6112
0.0156	0	0	1	56708.6	207.102	49.5947
0.01584	0	0	0	56716.8	207.2	49.5779
0.01608	0	1	0	56725	207.298	49.5611
0.01632	0	1	1	56733.2	207.397	49.5441
0.01656	0	5	1	56741.9	207.501	49.5263
0.0168	0	1	0	56750.5	207.605	49.5086
0.01704	0	3	0	56759.2	207.71	49.4908
0.01728	0	0	1	56768.2	207.817	49.4725
0.01752	0	0	1	56777.4	207.928	49.4536
0.01776	0	5	2	56786.6	208.039	49.4349
0.018	0	4	1	56795.7	208.15	49.4161
0.01824	0	3	0	56805.5	208.267	49.3961
0.01848	0	4	0	56815.3	208.385	49.3762
0.01872	0	1	3	56825.1	208.503	49.3563
0.01896	0	8	1	56835.1	208.624	49.3359
0.0192	0	4	2	56845.5	208.75	49.3147
0.01944	0	3	1	56855.9	208.876	49.2936
0.01968	0	2	2	56866.4	209.002	49.2725
0.01992	0	4	3	56877.4	209.135	49.2502
0.02016	0	4	1	56888.5	209.269	49.2278
0.0204	0	3	4	56899.6	209.404	49.2053
0.02064	0	3	0	56910.9	209.541	49.1825
0.02088	0	4	0	56922.7	209.684	49.1586
0.02112	0	6	0	56934.6	209.828	49.1348
0.02136	0	7	0	56946.4	209.971	49.111
0.0216	0	7	2	56958.8	210.122	49.0861
0.02184	0	6	0	56971.5	210.275	49.0608
0.02208	0	8	0	56984.1	210.429	49.0355
0.02232	0	9	4	56996.9	210.584	49.0099
0.02256	0	7	2	57010.4	210.749	48.9829
0.0228	0	6	3	57024	210.914	48.9559
0.02304	0	7	1	57037.5	211.079	48.9289
0.02328	0	8	1	57051.6	211.258	48.9066
0.02352	0	5	7	57066.2	211.444	48.8856
0.02376	0	19	2	57080.7	211.631	48.8645
0.024	0	13	3	57095.2	211.818	48.8435
0.02424	0	11	5	57110.8	212.018	48.821
0.02448	0	13	3	57126.4	212.218	48.7985
0.02472	0	16	4	57142	212.419	48.7761
0.02496	0	17	2	57158.1	212.626	48.7529
0.0252	0	14	4	57174.8	212.842	48.7289
0.02544	0	15	6	57191.6	213.057	48.7048
0.02568	0	13	0	57208.4	213.273	48.6808
0.02592	0	17	4	57226.2	213.504	48.6553
0.02616	0	24	3	57244.2	213.736	48.6295
0.0264	0	24	4	57262.3	213.969	48.6038
0.02664	0	25	3	57280.7	214.207	48.5776
0.02688	0	27	4	57300.1	214.458	48.5499
0.02712	0	35	4	57319.6	214.709	48.5223
0.02736	0	30	5	57339	214.96	48.4948
0.0276	0	26	5	57359.6	215.227	48.4656
0.02784	0	33	4	57380.7	215.499	48.4359
0.02808	0	36	4	57401.7	215.772	48.4062
0.02832	0	27	8	57423	216.048	48.3762
0.02856	0	37	9	57445.8	216.344	48.3442
0.0288	0	44	5	57468.6	216.64	48.3122
0.02904	0	52	9	57491.5	216.936	48.2803
0.02928	0	51	3	57515.3	217.246	48.247
0.02952	0	42	6	57540	217.567	48.2125
0.02976	0	54	9	57564.7	217.888	48.1782
0.03	0	69	5	57589.4	218.209	48.1439
0.03024	0	77	8	57616.3	218.559	48.1067
0.03048	0	65	9	57643.2	218.91	48.0696
0.03072	0	74	9	57670.1	219.26	48.0325
0.03096	0	80	12	57698	219.625	47.9941
0.0312	0	75	11	57727.4	220.008	47.9538
0.03144	0	71	5	57756.7	220.391	47.9136
0.03168	0	102	7	57786.1	220.775	47.8736
0.03192	0	88	7	57817.7	221.189	47.8305
0.03216	0	99	8	57849.7	221.608	47.787
0.0324	0	119	11	57881.7	222.028	47.7437
0.03264	0	131	8	57914.6	222.459	47.6993
0.03288	0	139	7	57949.5	222.917	47.6523
0.03312	0	145	7	57984.4	223.376	47.6055
0.03336	0	160	6	58019.3	223.835	47.5587
0.0336	0	154	11	58056.5	224.325	47.509
0.03384	0	193	9	58094.7	224.827	47.4583
0.03408	0	207	11	58132.8	225.33	47.4077
0.03432	0	250	7	58171.5	225.841	47.3566
0.03456	0	227	6	58213.5	226.395	47.3013
0.0348	0	229	10	58255.4	226.95	47.2462
0.03504	0	233	7	58297.4	227.505	47.1914
0.03528	0	279	6	58341.8	228.093	47.1336
0.03552	0	282	12	58388	228.706	47.0736
0.03576	0	335	4	58434.2	229.319	47.0139
0.036	0	349	10	58480.4	229.933	46.9544
0.03624	0	355	7	58531.2	230.61	46.8892
0.03648	0	401	6	58582.1	231.287	46.8243
0.03672	0	445	10	58632.9	231.965	46.7597
0.03696	0	469	6	58686	232.673	46.6925
0.0372	0	485	11	58742.1	233.422	46.6219
0.03744	0	519	1	58798.1	234.153	46.5405
0.03768	0	586	4	58854.2	234.856	46.4429
0.03792	0	614	5	58915.1	235.621	46.337
0.03816	0	656	1	58976.8	236.395	46.23
0.0384	0	759	2	59038.6	237.17	46.1232
0.03864	0	770	8	59102.1	237.967	46.0136
0.03888	0	801	4	59170.2	238.82	45.8966
0.03912	0	924	5	59238.2	239.674	45.7799
0.03936	0	1115	3	59306.3	240.527	45.6634
0.0396	0	999	7	59379.5	241.446	45.5385
0.03984	0	1139	2	59454.8	242.39	45.4105
0.04008	0	1156	13	59530.1	243.334	45.2828
0.04032	0	1438	13	59606.6	244.293	45.1534
0.04056	0	1322	3	59690.4	245.344	45.0121
0.0408	0	1439	4	59774.2	246.394	44.8713
0.04104	0	1604	8	59858.1	247.444	44.7309
0.04128	0	1683	8	59947.1	248.559	44.5825
0.04152	0	1915	5	60039.9	249.721	44.4281
0.04176	0	1918	8	60132.8	250.883	44.2743
0.042	0	2100	8	60225.6	252.044	44.1211
0.04224	0	2332	5	60328.3	253.327	43.9523
0.04248	0	2548	10	60430.9	254.609	43.7843
0.04272	0	2575	11	60533.6	255.9	43.6251
0.04296	0	2937	12	60640.8	257.286	43.4891
0.0432	0	3063	9	60754.2	258.755	43.3466
0.04344	0	3211	8	60867.7	260.229	43.2052
0.04368	0	3578	5	60981.1	261.708	43.0652
0.04392	0	3945	7	61104.7	263.323	42.914
0.04416	0	4016	5	61229.9	264.966	42.7623
0.0444	0	4338	5	61355.2	266.614	42.612
0.04464	0	4811	5	61484.2	268.315	42.4589
0.04488	0	4856	10	61622.3	270.144	42.2966
0.04512	0	5403	5	61760.5	271.979	42.1361
0.04536	0	6017	2	61898.6	273.82	41.9773
0.0456	0	6148	6	62045.9	275.79	41.81
0.04584	0	6692	4	62197	277.817	41.6405
0.04608	0	7341	6	62348	279.88	41.4456
0.04632	0	7734	6	62500.9	281.981	41.2373
0.04656	0	8222	7	62665.4	284.238	41.0153
0.0468	0	8766	6	62829.8	286.491	40.7954
0.04704	0	9729	2	62994.3	288.739	40.5775
0.04728	0	10273	4	63165.1	291.068	40.3534
0.04752	0	10993	5	63340.7	293.457	40.1254
0.04776	0	11907	2	63516.3	295.839	39.8996
0.048	0	12528	4	63691.9	298.214	39.6761
0.04824	0	13714	1	63878.3	300.727	39.4413
0.04848	0	14630	6	64064.7	303.158	39.227
0.04872	0	15864	4	64251.2	305.493	39.0369
0.04896	0	16831	4	64441.7	307.871	38.8454
0.0492	0	17698	0	64637.7	310.306	38.6513
0.04944	0	18864	5	64833.7	312.73	38.4602
0.04968	0	20213	5	65029.7	315.142	38.2721
0.04992	0	22027	2	65229.4	317.588	38.0833
0.05016	0	23404	4	65429.8	320.028	37.8969
0.0504	0	24646	8	65630.1	322.454	37.7134
0.05064	0	26778	8	65830.1	324.891	37.5244
0.05088	0	28279	4	66028.9	327.351	37.3289
0.05112	0	30159	3	66227.7	329.836	37.1311
0.05136	0	32355	3	66426.6	332.343	36.9311
0.0516	0	34354	2	66616.4	334.759	36.7383
0.05184	0	36456	4	66802.5	337.15	36.5472
0.05208	0	39191	3	66988.6	339.563	36.3543
0.05232	0	41219	2	67171.7	341.956	36.1629
0.05256	0	44021	5	67336.5	344.129	35.9892
0.0528	0	46541	4	67501.2	346.368	35.8047
0.05304	0	49216	2	67666	348.727	35.6018
0.05328	0	53047	3	67806.4	350.744	35.4315
0.05352	0	55863	0	67928.6	352.506	35.2852
0.05376	0	58695	4	68050.8	354.273	35.1407
0.054	0	62472	1	68172.9	356.045	34.9979
0.05424	0	65554	2	68243.6	357.072	34.9161
0.05448	0	69303	4	68314.3	358.102	34.8348
0.05472	0	73421	4	68385	359.133	34.7542
0.05496	0	75970	2	68428	359.76	34.7055
0.0552	0	80896	3	68433.8	359.846	34.6988
0.05544	0	84637	6	68439.7	359.932	34.6921
0.05568	0	88976	4	68445.6	360.018	34.6855
0.05592	0	92578	4	68378.3	359.035	34.7618
0.05616	0	96615	3	68298.8	357.876	34.8526
0.0564	0	101507	2	68219.4	356.719	34.9441
0.05664	0	105052	4	68114	355.189	35.0665
0.05688	0	110401	4	67944.1	352.73	35.2668
0.05712	0	115073	3	67774.1	350.28	35.4704
0.05736	0	118765	5	67604.2	347.841	35.6775
0.0576	0	122404	1	67361.9	344.465	35.9623
0.05784	0	126748	0	67090.5	340.892	36.248
0.05808	0	132393	4	66819.2	337.366	36.5299
0.05832	0	134526	4	66536.3	333.737	36.8199
0.05856	0	138883	1	66183.4	329.28	37.1754
0.0588	0	143577	5	65830.6	324.897	37.5239
0.05904	0	146907	2	65477.8	320.61	37.8527
0.05928	0	149950	0	65078.2	315.737	38.226
0.05952	0	152518	7	64643.5	310.378	38.6456
0.05976	3	155566	2	64208.8	304.964	39.0799
0.06	4	158531	2	63774.1	299.324	39.5722
0.06024	4	161594	8	63279.7	292.628	40.2043
0.06048	18	164509	2	62785.3	285.882	40.8546
0.06072	25	167595	3	62290.9	279.095	41.5238
0.06096	49	169169	1	61779.6	272.234	42.114
0.0612	62	170849	2	61245.8	265.174	42.7432
0.06144	94	173741	1	60712	258.207	43.3995
0.06168	137	176131	1	60178.1	251.45	44.1993
0.06192	177	176606	0	59619.5	244.455	45.1316
0.06216	259	176060	2	59056.7	237.397	46.092
0.0624	373	178371	2	58493.9	230.113	46.937
0.06264	494	178454	1	57931	222.675	47.6772
0.06288	701	179608	1	57368	215.335	48.4539
0.06312	906	180272	0	56804.9	208.26	49.3974
0.06336	1212	181544	1	56241.8	201.56	50.5802
0.0636	1504	180558	1	55671.4	194.95	51.8518
0.06384	1860	181216	0	55098	188.493	53.1436
0.06408	2338	183104	3	54524.6	182.113	54.3315
0.06432	2946	182942	0	53954.1	175.776	55.488
0.06456	3595	180395	0	53401.1	169.573	56.5399
0.0648	4255	182048	1	52848.1	163.223	57.5367
0.06504	5124	181963	6	52295	156.933	58.6132
0.06528	6272	180795	0	51759.1	150.954	59.7915
0.06552	7329	179389	1	51236.1	145.422	61.3324
0.06576	8305	179888	3	50713.1	139.887	62.942
0.066	9656	177657	1	50190.1	134.365	64.6238
0.06624	10733	176434	1	49727.4	128.856	65.6358
0.06648	12110	177917	1	49264.8	123.558	66.7166
0.06672	13194	173816	85	48802.2	118.628	68.0163
0.06696	14760	173206	183	48377.1	114.4	69.414
0.0672	16266	171010	521	48002	112.245	71.8112
0.06744	17470	171925	972	47626.8	110.084	74.411
0.06768	19189	168920	2093	47251.7	107.881	77.1995
0.06792	20324	166858	2656	46937.2	106.005	79.6932
0.06816	22036	167426	3339	46632.8	104.167	82.251
0.0684	23505	167592	4023	46328.4	101.11	84.4335
0.06864	24399	167922	5573	46046.6	98.242	86.3372
0.06888	25913	165714	8375	45821.5	95.9302	87.7711
0.06912	27029	166615	11132	45596.3	93.6042	89.1225
0.06936	28631	167012	14283	45371.2	91.2677	90.3868
0.0696	29612	167584	15825	45186.8	89.349	91.3544
0.06984	30722	167242	19266	45018.8	87.5977	92.1811
0.07008	31559	170566	21638	44850.7	85.9613	92.8611
0.07032	32780	173098	25172	44690.9	84.6802	93.2445
0.07056	33788	173149	31262	44580.6	83.7907	93.4915
0.0708	34778	174512	32488	44470.3	82.8973	93.7238
0.07104	35844	177580	36769	44360	82.0004	93.9415
0.07128	36895	176820	43246	44280	81.348	94.0901
0.07152	37762	180120	45882	44222.7	80.8801	94.1916
0.07176	38908	182723	47712	44165.5	80.4115	94.2892
0.072	39960	184008	55696	44108.2	79.9422	94.3826
0.07224	41119	186676	59674	44084.2	79.7452	94.4206
0.07248	41979	190137	63072	44060.3	79.5481	94.4579
0.07272	43236	193859	67751	44036.3	79.3509	94.4945
0.07296	43669	197419	73903	44018.5	79.2048	94.5211
0.0732	45280	201143	78980	44009	79.1269	94.5351
0.07344	45679	207406	82634	43999.5	79.049	94.5491
0.07368	46987	210108	87909	43990.1	78.9711	94.5629
0.07392	47595	213544	97040	43988.8	78.961	94.5646
0.07416	48679	217863	100433	43989	78.9622	94.5644
0.0744	49755	223543	107577	43989.1	78.9634	94.5642
0.07464	50654	229032	114826	43994.6	79.0083	94.5563
0.07488	51654	233002	120956	44013.3	79.1623	94.5288
0.07512	52628	239803	128168	44032	79.3163	94.5008
0.07536	53561	244370	134843	44050.8	79.4702	94.4725
0.0756	54577	249416	140989	44063.3	79.5734	94.4532
0.07584	55024	254485	148355	44073.4	79.6564	94.4375
0.07608	55649	261322	153140	44083.5	79.7393	94.4218
0.07632	57367	268197	161515	44093.1	79.8177	94.4067
0.07656	57684	275212	170343	44099.3	79.8691	94.3968
0.0768	58718	280431	175251	44105.6	79.9205	94.3869
0.07704	59593	287896	183559	44111.9	79.9719	94.3768
0.07728	60171	295173	196374	44146	80.2521	94.3214
0.07752	60893	301038	203759	44201.1	80.7034	94.2289
0.07776	61598	308694	210439	44256.2	81.154	94.1327
0.078	62927	316109	220952	44311.3	81.6039	94.0328
0.07824	63452	324669	239484	44484.8	83.0152	93.6941
0.07848	64038	332348	244736	44658.3	84.4176	93.319
0.07872	65015	341013	256614	44831.8	85.8099	92.9081
0.07896	66084	351174	273839	45058.1	88.0074	91.9926
0.0792	66955	357924	284333	45354.9	91.0976	90.4752
0.07944	67704	364705	289755	45651.6	94.1765	88.7985
0.07968	69051	377497	301015	45948.4	97.2357	86.9724
0.07992	70756	387668	320535	46281	100.63	84.7617
0.08016	72354	397426	323319	46619.6	104.036	82.3485
0.0804	73019	411663	330705	46958.1	106.131	79.5227
0.08064	75389	424674	349339	47294.8	108.136	76.8692
0.08088	76736	440589	366944	47626.8	110.084	74.4112
0.08112	78880	450468	365630	47958.8	111.999	72.1012
0.08136	79973	464522	380279	48290.8	113.878	69.9301
0.0816	82609	484959	411901	48609.8	116.679	68.6243
0.08184	84436	492724	410919	48923.5	119.886	67.6537
0.08208	87067	508194	414447	49237.3	123.254	66.7879
0.08232	89810	530558	442836	49538.3	126.643	66.052
0.08256	92685	552835	476996	49763	129.28	65.5615
0.0828	95642	566190	455829	49987.7	132.011	65.1201
0.08304	98390	588860	470955	50212.4	134.601	64.5503
0.08328	102336	621854	521759	50346.8	136.017	64.1121
0.08352	105559	639724	529091	50413.3	136.719	63.897
0.08376	108794	661854	520561	50479.8	137.421	63.683
0.084	112435	698642	561921	50546.3	138.124	63.4702
0.08424	115985	741459	647973	50456.2	137.172	63.7587
0.08448	119972	755442	586758	50366.1	136.221	64.0493
0.08472	124975	784332	603258	50276	135.271	64.3422
0.08496	128396	820680	684096	50138.2	133.818	64.7948
0.0852	132581	840254	709704	49936.5	131.38	65.2164
0.08544	136200	855881	651828	49734.9	128.945	65.6201
0.08568	140471	890160	698513	49533.3	126.586	66.0634
0.08592	144368	933904	857732	49212.7	122.984	66.8519
0.08616	147231	932520	714957	48872.3	119.352	67.8049
0.0864	149973	949928	706843	48531.9	115.907	68.8819
0.08664	153450	995444	824583	48168.5	113.19	70.7141
0.08688	156445	1.02416e+06	899738	47747.8	110.786	73.5525
0.08712	160028	1.02119e+06	735129	47327.1	108.327	76.6231
0.08736	162130	1.04127e+06	793764	46906.4	105.82	79.9453
0.0876	165984	1.07841e+06	999074	46626.8	104.108	82.2954
0.08784	167772	1.07024e+06	860999	46403.6	101.869	83.9061
0.08808	169570	1.07292e+06	799412	46180.4	99.6074	85.448
0.08832	172169	1.10087e+06	929760	45999.6	97.7608	86.6431
0.08856	173964	1.12439e+06	1.09084e+06	46073.4	98.5162	86.1612
0.0888	175168	1.10654e+06	844351	46147.2	99.2696	85.6709
0.08904	178208	1.11806e+06	874875	46221	100.021	85.1726
0.08928	179538	1.1536e+06	1.09169e+06	46347.9	101.308	84.2971
0.08952	182404	1.14711e+06	1.01739e+06	46514.7	102.987	83.1126
0.08976	184418	1.14656e+06	863594	46681.4	104.462	81.8323
0.09	188202	1.16975e+06	973079	46848.2	105.47	80.4261
0.09024	189353	1.21577e+06	1.22423e+06	46858.2	105.53	80.343
0.09048	192620	1.19017e+06	895369	46868.2	105.591	80.2601
0.09072	195544	1.20156e+06	908868	46878.2	105.651	80.1773
0.09096	198109	1.2409e+06	1.12925e+06	46802.8	105.197	80.8041
0.0912	200213	1.2448e+06	1.1181e+06	46613.6	103.976	82.3923
0.09144	200849	1.23446e+06	929809	46424.4	102.079	83.7589
0.09168	201099	1.24527e+06	1.01477e+06	46235.1	100.164	85.0765
0.09192	201741	1.29594e+06	1.24573e+06	45916.7	96.9103	87.1742
0.09216	202147	1.27359e+06	1.03095e+06	45576.8	93.402	89.2356
0.0924	202127	1.27832e+06	980823	45236.9	89.8706	91.0977
0.09264	205691	1.30733e+06	1.11814e+06	44863.8	86.066	92.8283
0.09288	209183	1.33898e+06	1.27517e+06	44407.7	82.3888	93.8492
0.09312	216203	1.32362e+06	1.00439e+06	43951.5	78.6539	94.6179
0.09336	224553	1.33934e+06	1.04226e+06	43495.4	74.8838	95.1281
0.0936	232912	1.38642e+06	1.33635e+06	43004.1	70.443	95.4742
0.09384	242347	1.37769e+06	1.13719e+06	42498.7	65.2761	96.1988
0.09408	253026	1.38625e+06	1.01062e+06	41993.3	60.3878	97.3583
0.09432	265194	1.41438e+06	1.14838e+06	41520.8	56.0659	98.8492
0.09456	281315	1.46356e+06	1.42468e+06	41246.3	53.9107	100.253
0.0948	299734	1.44606e+06	1.04201e+06	40971.8	51.9906	102.022
0.09504	322394	1.45881e+06	1.06435e+06	40697.3	50.1797	103.997
0.09528	347303	1.5097e+06	1.37306e+06	40902	51.5199	102.504
0.09552	376696	1.51311e+06	1.26188e+06	41466.1	55.5801	99.0482
0.09576	411197	1.51562e+06	1.04736e+06	42030.1	60.7351	97.2587
0.096	445604	1.54012e+06	1.19344e+06	42594.2	66.2312	96.0289
0.09624	486374	1.60822e+06	1.45107e+06	44414.3	82.4428	93.8361
0.09648	533065	1.58094e+06	1.14247e+06	46234.4	100.157	85.0812
0.09672	578928	1.59895e+06	1.10351e+06	48054.5	112.544	71.4612
0.09696	613229	1.64685e+06	1.33746e+06	50301	135.534	64.261
0.0972	623590	1.65733e+06	1.36174e+06	53115.8	166.29	57.0444
0.09744	661754	1.643e+06	1.15332e+06	55930.6	197.932	51.2646
0.09768	654909	1.64558e+06	1.23134e+06	58745.4	233.467	46.6177
0.09792	613694	1.68783e+06	1.51598e+06	61452.8	267.902	42.496
0.09816	602546	1.63026e+06	1.23316e+06	64142.4	304.132	39.1475
0.0984	557764	1.60333e+06	1.18202e+06	66831.9	337.53	36.5168
0.09864	491816	1.60745e+06	1.32496e+06	69177.2	370.807	33.8886
0.09888	438640	1.59142e+06	1.54429e+06	70661.7	391.26	32.8968
0.09912	371643	1.52708e+06	1.17523e+06	72146.3	410.587	31.3153
0.09936	285128	1.512e+06	1.25961e+06	73630.8	433.771	30.4623
0.0996	213379	1.53644e+06	1.66708e+06	74016.5	440.319	30.3662
0.09984	156873	1.48854e+06	1.37618e+06	73962.5	439.399	30.3785
0.10008	110715	1.46507e+06	1.18637e+06	73908.6	438.48	30.3911
0.10032	75832	1.48877e+06	1.43013e+06	73706.1	435.043	30.442
0.10056	49467	1.53752e+06	1.62179e+06	72612.2	416.93	30.8339
0.1008	30617	1.4985e+06	1.31234e+06	71518.2	402.312	32.0098
0.10104	19517	1.50828e+06	1.32957e+06	70424.3	388.053	33.0562
0.10128	12408	1.57592e+06	1.55955e+06	69384.7	373.724	33.7488
0.10152	7887	1.56879e+06	1.54976e+06	68385.9	359.146	34.7531
0.10176	4415	1.55051e+06	1.35108e+06	67387.2	344.8	35.9355
0.102	2514	1.58156e+06	1.46624e+06	66388.4	331.86	36.9697
0.10224	1459	1.65813e+06	2.05547e+06	65578	321.824	37.7608
0.10248	776	1.60148e+06	1.40334e+06	64767.7	311.914	38.5243
0.10272	418	1.62038e+06	1.35161e+06	63957.3	301.789	39.3426
0.10296	223	1.69002e+06	1.7089e+06	63069.8	289.77	40.4782
0.1032	118	1.68911e+06	1.66911e+06	62079.5	276.241	41.7721
0.10344	61	1.67697e+06	1.42444e+06	61089.3	263.122	42.9327
0.10368	29	1.6992e+06	1.60095e+06	60099	250.461	44.3301
0.10392	13	1.79718e+06	1.83133e+06	59295.6	240.393	45.6817
0.10416	7	1.77293e+06	1.63682e+06	58523.3	230.504	46.8993
0.1044	3	1.78225e+06	1.50073e+06	57751.1	220.317	47.9214
0.10464	1	1.83844e+06	1.7866e+06	56998.4	210.603	49.0068
0.10488	0	1.88236e+06	2.18283e+06	56294.9	202.185	50.4657
0.10512	0	1.85649e+06	1.66119e+06	55591.4	194.037	52.0362
0.10536	0	1.88421e+06	1.72353e+06	54887.9	186.155	53.5816
0.1056	0	1.95911e+06	1.85166e+06	54085.8	177.237	55.2236
0.10584	0	1.92192e+06	1.75808e+06	53244.1	167.766	56.8149
0.10608	0	1.92302e+06	1.67063e+06	52402.5	158.15	58.3975
0.10632	0	1.9773e+06	1.80743e+06	51531.2	148.545	60.4547
0.10656	0	2.0698e+06	2.46104e+06	50481.5	137.439	63.6775
0.1068	0	2.04678e+06	1.80318e+06	49431.9	125.427	66.3018
0.10704	0	2.07133e+06	1.85974e+06	48382.2	114.449	69.3961
0.10728	0	2.15562e+06	2.04362e+06	47197	107.557	77.6224
0.10752	0	2.13743e+06	2.00375e+06	45910.3	96.8441	87.215
0.10776	0	2.1148e+06	1.7892e+06	44623.5	84.1377	93.397
0.108	0	2.14895e+06	1.94383e+06	43336.8	73.5688	95.244
0.10824	0	2.27426e+06	2.6693e+06	41829.6	58.8633	97.8296
0.10848	0	2.21187e+06	1.98234e+06	40322.3	47.8699	107.048
0.10872	0	2.23826e+06	1.9996e+06	38815	40.2544	123.382
0.10896	0	2.29724e+06	2.10073e+06	37201.9	32.4728	145.127
0.1092	0	2.2941e+06	2.32782e+06	35447.6	22.244	162.288
0.10944	0	2.25567e+06	1.94366e+06	33693.3	14.4073	181.041
0.10968	0	2.27333e+06	2.20716e+06	31939	9.83535	218.402
0.10992	0	2.37148e+06	2.47096e+06	29869	5.25022	276.72
0.11016	0	2.30009e+06	2.1574e+06	27746.4	2.50523	360.481
0.1104	0	2.29244e+06	2.02039e+06	25623.8	1.06351	472.663
0.11064	0	2.33386e+06	2.11428e+06	23195.8	0.237525	654.851
0.11088	0	2.35821e+06	2.79865e+06	20004.6	2.74822e-06	1091.96
0.11112	0	2.28478e+06	2.04858e+06	16813.4	0	1968.76
0.11136	0	2.26008e+06	2.06525e+06	13622.2	0	6197.38
0.1116	0	2.32811e+06	2.20316e+06	10090.2	0	24608.8
0.11184	0	2.24024e+06	2.13611e+06	6421.99	0	54714.5
0.11208	0	2.17445e+06	1.88999e+06	2753.74	0	72445.5
0.11232	0	2.16335e+06	2.06327e+06	-452.368	0	72445.5
0.11256	0	2.20733e+06	2.6542e+06	-885.601	0	72445.5
0.1128	0	2.08051e+06	1.95249e+06	-1318.83	0	72445.5
0.11304	5	2.04574e+06	1.91284e+06	-1752.07	0	72445.5
0.11328	1146	2.05664e+06	2.03639e+06	2987.11	0	72445.5
0.11352	70343	1.96592e+06	1.9526e+06	11605.6	0	15009.2
0.11376	1.02893e+06	1.87122e+06	1.64018e+06	20224.1	8.10044e-05	1051.48
0.114	2.29266e+06	1.84023e+06	669473	28842.6	3.65033	313.645
0.11424	2.81895e+06	1.88943e+06	227410	42182.1	62.1823	96.8732
0.11448	3.07253e+06	1.75667e+06	25931	55521.7	193.244	52.1983
0.11472	3.09468e+06	1.7072e+06	75	68861.2	366.125	34.2255
0.11496	2.79561e+06	1.60274e+06	1132	79498.3	524.512	25.8425
0.1152	2.1993e+06	1.36328e+06	4286	86532	633.9	22.5022
0.11544	1.56836e+06	1.05098e+06	7397	93565.8	749.241	19.8143
0.11568	1.14699e+06	783165	12998	100600	861.942	16.2126
0.11592	841185	561950	18488	101078	869.608	15.9676
0.11616	548406	375179	25082	100464	859.767	16.2821
0.1164	311504	249556	32105	99849.6	849.927	16.5966
0.11664	155141	179465	41449	98390.6	826.55	17.3437
0.11688	67715	144875	52511	94819.6	769.331	19.1723
0.11712	26277	132561	63724	91248.5	712.113	21.0009
0.11736	10902	129747	74661	87677.5	654.007	22.5021
0.1176	6956	128420	86571	84333.6	599.357	24.1222
0.11784	6037	129860	97900	81080.5	546.571	25.8153
0.11808	5338	130883	111142	77827.4	500.857	27.7119
0.11832	5210	133043	123723	74831.7	453.027	30.0715
0.11856	4978	134748	136226	73380.2	429.553	30.535
0.1188	4680	137708	140964	71928.6	407.683	31.55
0.11904	4467	142553	145146	70477	388.767	33.0208
0.11928	4426	145065	149620	71338.4	400	32.2185
0.11952	4012	152078	125964	73934.6	438.923	30.385
0.11976	0	149303	75524	76530.7	478.447	28.9066
