0	0	0	0	56005.5	198.8	51.0979
0.00024	0	0	0	56005.5	198.801	51.0977
0.00048	0	0	0	56005.6	198.802	51.0976
0.00072	0	0	0	56005.7	198.803	51.0974
0.00096	0	0	0	56005.8	198.803	51.0972
0.0012	0	0	0	56005.9	198.804	51.0971
0.00144	0	0	0	56005.9	198.805	51.0969
0.00168	0	0	0	56006	198.806	51.0967
0.00192	0	0	0	56006.1	198.807	51.0965
0.00216	0	0	0	56006.2	198.808	51.0963
0.0024	0	0	0	56006.3	198.809	51.0961
0.00264	0	0	0	56006.4	198.81	51.0959
0.00288	0	0	0	56006.5	198.811	51.0957
0.00312	0	0	0	56006.5	198.812	51.0955
0.00336	0	0	0	56006.6	198.813	51.0953
0.0036	0	0	0	56006.7	198.815	51.0951
0.00384	0	0	0	56006.8	198.816	51.0949
0.00408	0	0	0	56006.9	198.817	51.0947
0.00432	0	0	0	56007	198.818	51.0944
0.00456	0	0	0	56007.1	198.819	51.0942
0.0048	0	0	0	56007.2	198.821	51.094
0.00504	0	0	0	56007.4	198.822	51.0937
0.00528	0	0	0	56007.5	198.823	51.0935
0.00552	0	0	0	56007.6	198.824	51.0932
0.00576	0	0	0	56007.7	198.826	51.093
0.006	0	0	0	56007.8	198.827	51.0927
0.00624	0	0	0	56007.9	198.829	51.0924
0.00648	0	0	0	56008.1	198.83	51.0921
0.00672	0	0	0	56008.2	198.832	51.0919
0.00696	0	0	0	56008.3	198.833	51.0916
0.0072	0	0	0	56008.5	198.835	51.0913
0.00744	0	0	0	56008.6	198.836	51.091
0.00768	0	0	0	56008.7	198.838	51.0907
0.00792	0	0	0	56008.9	198.84	51.0903
0.00816	0	0	0	56009	198.841	51.09
0.0084	0	0	0	56009.2	198.843	51.0897
0.00864	0	0	0	56009.3	198.845	51.0893
0.00888	0	0	0	56009.5	198.847	51.089
0.00912	0	0	0	56009.7	198.848	51.0886
0.00936	0	0	0	56009.8	198.85	51.0883
0.0096	0	0	0	56010	198.852	51.0879
0.00984	0	1	0	56010.2	198.854	51.0875
0.01008	0	0	0	56010.3	198.856	51.0871
0.01032	0	0	0	56010.5	198.858	51.0867
0.01056	0	0	0	56010.7	198.86	51.0863
0.0108	0	0	0	56010.9	198.863	51.0859
0.01104	0	1	0	56011.1	198.865	51.0855
0.01128	0	0	0	56011.2	198.867	51.0851
0.01152	0	2	0	56011.4	198.869	51.0846
0.01176	0	0	0	56011.7	198.872	51.0842
0.012	0	0	0	56011.9	198.874	51.0838
0.01224	0	0	0	56012.1	198.877	51.0832
0.01248	0	0	0	56012.3	198.879	51.0827
0.01272	0	3	0	56012.5	198.882	51.0822
0.01296	0	0	2	56012.8	198.885	51.0817
0.0132	0	0	0	56013	198.888	51.0811
0.01344	0	0	0	56013.3	198.891	51.0806
0.01368	0	1	1	56013.5	198.894	51.08
0.01392	0	1	0	56013.8	198.897	51.0794
0.01416	0	0	0	56014.1	198.9	51.0788
0.0144	0	0	0	56014.4	198.903	51.0782
0.01464	0	0	0	56014.7	198.907	51.0775
0.01488	0	3	0	56015	198.91	51.0769
0.01512	0	2	0	56015.3	198.914	51.0762
0.01536	0	1	0	56015.6	198.917	51.0755
0.0156	0	0	1	56015.9	198.921	51.0748
0.01584	0	0	0	56016.2	198.925	51.0741
0.01608	0	1	0	56016.5	198.929	51.0734
0.01632	0	1	1	56016.9	198.933	51.0726
0.01656	0	5	1	56017.3	198.937	51.0718
0.0168	0	1	0	56017.6	198.941	51.071
0.01704	0	3	0	56018	198.945	51.0701
0.01728	0	0	1	56018.4	198.95	51.0693
0.01752	0	0	1	56018.8	198.955	51.0684
0.01776	0	5	2	56019.2	198.959	51.0675
0.018	0	4	1	56019.6	198.964	51.0666
0.01824	0	3	0	56020.1	198.969	51.0656
0.01848	0	4	0	56020.5	198.975	51.0646
0.01872	0	1	3	56020.9	198.98	51.0636
0.01896	0	8	1	56021.4	198.985	51.0625
0.0192	0	4	2	56022	198.991	51.0614
0.01944	0	3	1	56022.5	198.998	51.0602
0.01968	0	2	2	56023	199.004	51.059
0.01992	0	4	3	56023.6	199.011	51.0577
0.02016	0	4	1	56024.2	199.018	51.0564
0.0204	0	3	4	56024.8	199.025	51.0551
0.02064	0	3	0	56025.4	199.032	51.0537
0.02088	0	4	0	56026.1	199.039	51.0523
0.02112	0	6	0	56026.7	199.047	51.0509
0.02136	0	7	0	56027.3	199.054	51.0494
0.0216	0	7	2	56028	199.062	51.0479
0.02184	0	6	0	56028.8	199.071	51.0463
0.02208	0	8	0	56029.5	199.079	51.0447
0.02232	0	9	4	56030.2	199.088	51.0431
0.02256	0	7	2	56031.1	199.097	51.0412
0.0228	0	6	3	56031.9	199.107	51.0393
0.02304	0	7	1	56032.8	199.117	51.0374
0.02328	0	8	1	56033.7	199.128	51.0354
0.02352	0	5	7	56034.7	199.139	51.0332
0.02376	0	19	2	56035.7	199.151	51.0311
0.024	0	13	3	56036.6	199.162	51.0289
0.02424	0	11	5	56037.7	199.175	51.0265
0.02448	0	13	3	56038.8	199.188	51.0241
0.02472	0	16	4	56039.9	199.2	51.0217
0.02496	0	17	2	56041.1	199.214	51.0191
0.0252	0	14	4	56042.3	199.228	51.0163
0.02544	0	15	6	56043.6	199.243	51.0135
0.02568	0	13	0	56044.9	199.258	51.0107
0.02592	0	17	4	56046.2	199.274	51.0077
0.02616	0	24	3	56047.6	199.29	51.0046
0.0264	0	24	4	56049	199.307	51.0015
0.02664	0	25	3	56050.5	199.324	50.9983
0.02688	0	27	4	56052.1	199.342	50.9947
0.02712	0	35	4	56053.7	199.361	50.9912
0.02736	0	30	5	56055.3	199.379	50.9877
0.0276	0	26	5	56057.1	199.401	50.9836
0.02784	0	33	4	56059.1	199.423	50.9794
0.02808	0	36	4	56061	199.446	50.9751
0.02832	0	27	8	56063	199.469	50.9708
0.02856	0	37	9	56065.2	199.495	50.9659
0.0288	0	44	5	56067.4	199.521	50.9609
0.02904	0	52	9	56069.7	199.547	50.956
0.02928	0	51	3	56072.1	199.575	50.9507
0.02952	0	42	6	56074.6	199.604	50.9452
0.02976	0	54	9	56077.1	199.633	50.9396
0.03	0	69	5	56079.6	199.663	50.9341
0.03024	0	77	8	56082.6	199.698	50.9275
0.03048	0	65	9	56085.6	199.733	50.9209
0.03072	0	74	9	56088.6	199.767	50.9143
0.03096	0	80	12	56091.9	199.805	50.9072
0.0312	0	75	11	56095.5	199.847	50.8993
0.03144	0	71	5	56099.1	199.889	50.8913
0.03168	0	102	7	56102.7	199.932	50.8834
0.03192	0	88	7	56106.8	199.979	50.8745
0.03216	0	99	8	56110.9	200.027	50.8654
0.0324	0	119	11	56115	200.076	50.8563
0.03264	0	131	8	56119.3	200.126	50.8469
0.03288	0	139	7	56124	200.181	50.8366
0.03312	0	145	7	56128.7	200.235	50.8264
0.03336	0	160	6	56133.4	200.29	50.8162
0.0336	0	154	11	56138.5	200.349	50.805
0.03384	0	193	9	56143.7	200.411	50.7935
0.03408	0	207	11	56149	200.473	50.782
0.03432	0	250	7	56154.4	200.536	50.7702
0.03456	0	227	6	56160.6	200.609	50.7566
0.0348	0	229	10	56166.9	200.682	50.743
0.03504	0	233	7	56173.1	200.755	50.7294
0.03528	0	279	6	56180	200.835	50.7145
0.03552	0	282	12	56187.3	200.921	50.6985
0.03576	0	335	4	56194.6	201.006	50.6827
0.036	0	349	10	56201.9	201.092	50.6668
0.03624	0	355	7	56210.2	201.189	50.6488
0.03648	0	401	6	56218.4	201.286	50.6309
0.03672	0	445	10	56226.7	201.383	50.613
0.03696	0	469	6	56235.4	201.485	50.5941
0.0372	0	485	11	56244.6	201.593	50.5741
0.03744	0	519	1	56253.9	201.702	50.5541
0.03768	0	586	4	56263.2	201.811	50.5341
0.03792	0	614	5	56273	201.927	50.5128
0.03816	0	656	1	56283	202.045	50.4912
0.0384	0	759	2	56293	202.162	50.4697
0.03864	0	770	8	56303.1	202.281	50.448
0.03888	0	801	4	56313.5	202.403	50.4258
0.03912	0	924	5	56323.8	202.525	50.4036
0.03936	0	1115	3	56334.2	202.647	50.3814
0.0396	0	999	7	56344.7	202.771	50.3589
0.03984	0	1139	2	56355.3	202.896	50.3362
0.04008	0	1156	13	56365.9	203.021	50.3136
0.04032	0	1438	13	56376.5	203.146	50.291
0.04056	0	1322	3	56387.3	203.274	50.2679
0.0408	2	1439	4	56398.1	203.402	50.2449
0.04104	1	1604	8	56408.9	203.53	50.2219
0.04128	2	1680	8	56418.6	203.645	50.2013
0.04152	3	1914	5	56427.5	203.75	50.1824
0.04176	4	1917	8	56436.4	203.856	50.1635
0.042	11	2099	7	56445.3	203.961	50.1447
0.04224	11	2327	5	56449.8	204.014	50.1352
0.04248	15	2546	10	56454.2	204.067	50.1257
0.04272	14	2569	10	56458.7	204.12	50.1163
0.04296	26	2927	10	56459.9	204.135	50.1138
0.0432	56	3049	7	56456.7	204.097	50.1205
0.04344	45	3193	6	56453.6	204.059	50.1272
0.04368	64	3560	4	56450.4	204.022	50.1339
0.04392	98	3904	4	56437.4	203.867	50.1615
0.04416	115	3981	4	56422.7	203.693	50.1927
0.0444	150	4295	2	56408	203.519	50.2239
0.04464	177	4743	2	56388.9	203.294	50.2645
0.04488	264	4772	4	56359	202.94	50.3283
0.04512	348	5264	2	56329	202.586	50.3924
0.04536	394	5844	1	56299.1	202.234	50.4567
0.0456	514	5954	3	56255.6	201.722	50.5504
0.04584	661	6442	0	56206.7	201.148	50.6564
0.04608	867	7010	5	56157.8	200.575	50.7628
0.04632	1007	7310	2	56106.2	199.973	50.8757
0.04656	1184	7691	3	56038.7	199.186	51.0244
0.0468	1440	8078	5	55971.1	198.401	51.1742
0.04704	1747	8823	1	55903.6	197.619	51.325
0.04728	2098	9168	3	55825.6	196.72	51.5005
0.04752	2405	9613	3	55739.8	195.733	51.6953
0.04776	2694	10158	1	55654	194.751	51.8919
0.048	3291	10596	1	55568.1	193.772	52.0902
0.04824	3675	11303	1	55470.1	192.659	52.3188
0.04848	4211	11811	2	55372.1	191.552	52.5498
0.04872	4778	12454	2	55274.1	190.453	52.774
0.04896	5210	12697	1	55176.2	189.363	52.9798
0.0492	5928	12925	0	55078.4	188.275	53.1846
0.04944	6638	13316	2	54980.6	187.186	53.3888
0.04968	7463	13902	2	54882.7	186.097	53.5924
0.04992	8245	14510	1	54795	185.121	53.7743
0.05016	8723	14817	2	54709	184.163	53.9522
0.0504	9555	15085	4	54622.9	183.206	54.1296
0.05064	10573	15644	4	54544.2	182.331	54.2913
0.05088	11675	15850	4	54483.9	181.66	54.415
0.05112	12411	16096	0	54423.5	180.989	54.5384
0.05136	13235	16553	2	54363.2	180.318	54.6615
0.0516	14069	16178	2	54328.8	179.935	54.7315
0.05184	15083	16571	3	54304.7	179.669	54.7804
0.05208	15967	16974	0	54280.7	179.402	54.8292
0.05232	16812	16677	2	54262.4	179.199	54.8663
0.05256	17554	17128	3	54278.6	179.378	54.8335
0.0528	18247	16810	4	54294.8	179.558	54.8006
0.05304	19038	16394	2	54311	179.738	54.7677
0.05328	19518	17076	1	54349	180.16	54.6904
0.05352	20351	16400	0	54403.3	180.764	54.5796
0.05376	20670	16100	4	54457.7	181.369	54.4685
0.054	20983	16157	1	54512.1	181.973	54.3572
0.05424	21221	15664	0	54597.7	182.926	54.1814
0.05448	21448	15307	4	54683.4	183.879	54.005
0.05472	21890	15097	2	54769	184.832	53.8281
0.05496	22079	14479	2	54864.5	185.894	53.6302
0.0552	21682	14177	1	54973.1	187.103	53.4044
0.05544	21708	13671	6	55081.7	188.311	53.1778
0.05568	21472	12881	3	55190.2	189.52	52.9503
0.05592	21096	12143	3	55305.9	190.806	52.7072
0.05616	20866	11720	2	55422.7	192.122	52.4304
0.0564	20220	11387	2	55539.5	193.446	52.1568
0.05664	19750	10514	3	55654.2	194.754	51.8913
0.05688	18940	10217	2	55763.9	196.01	51.6405
0.05712	18161	9314	3	55873.5	197.272	51.3925
0.05736	17619	8809	3	55983.2	198.541	51.1474
0.0576	17016	8229	0	56081.6	199.685	50.9298
0.05784	16234	7554	0	56175.5	200.782	50.7242
0.05808	15456	7216	1	56269.4	201.884	50.5207
0.05832	14368	6419	1	56359.5	202.946	50.3272
0.05856	13388	5732	1	56426.9	203.743	50.1837
0.0588	12442	5189	5	56494.3	204.543	50.0411
0.05904	11459	4828	1	56561.7	205.345	49.8996
0.05928	10437	4168	0	56611.1	205.935	49.7965
0.05952	9477	3706	4	56647.1	206.364	49.7219
0.05976	8619	3176	1	56683	206.794	49.6476
0.06	7529	2809	0	56718.9	207.225	49.5736
0.06024	6781	2466	5	56726.8	207.32	49.5574
0.06048	6144	2215	1	56734.6	207.414	49.5412
0.06072	5362	1879	3	56742.5	207.509	49.525
0.06096	4762	1594	1	56741.5	207.497	49.5271
0.0612	4108	1366	2	56728.5	207.341	49.5537
0.06144	3597	1169	1	56715.6	207.186	49.5804
0.06168	3062	956	1	56702.6	207.03	49.607
0.06192	2552	812	0	56680.1	206.76	49.6535
0.06216	2209	651	2	56656	206.471	49.7035
0.0624	1801	545	2	56631.8	206.182	49.7535
0.06264	1591	411	1	56606.6	205.881	49.806
0.06288	1334	383	1	56578.6	205.546	49.8644
0.06312	1039	280	0	56550.6	205.213	49.9229
0.06336	868	221	1	56522.6	204.879	49.9817
0.0636	688	168	1	56495.5	204.557	50.0387
0.06384	560	135	0	56468.7	204.239	50.0951
0.06408	436	121	3	56442	203.922	50.1517
0.06432	358	97	0	56415.8	203.612	50.2073
0.06456	297	62	0	56392.8	203.34	50.2561
0.0648	205	48	1	56369.9	203.069	50.305
0.06504	163	32	4	56346.9	202.798	50.3541
0.06528	121	36	0	56326.6	202.558	50.3976
0.06552	97	27	1	56308.3	202.342	50.4369
0.06576	80	14	1	56289.9	202.126	50.4764
0.066	63	21	1	56271.6	201.91	50.5159
0.06624	50	9	1	56257.7	201.746	50.546
0.06648	26	4	1	56243.7	201.582	50.5762
0.06672	29	2	2	56229.7	201.418	50.6064
0.06696	12	2	2	56217.3	201.272	50.6334
0.0672	7	2	0	56206.7	201.149	50.6563
0.06744	13	1	1	56196.2	201.025	50.6791
0.06768	3	0	0	56185.7	200.902	50.702
0.06792	4	0	0	56177.4	200.805	50.7201
0.06816	0	0	0	56169.4	200.712	50.7374
0.0684	0	1	0	56161.5	200.619	50.7548
0.06864	0	0	0	56154.1	200.532	50.7709
0.06888	1	0	0	56148	200.461	50.7841
0.06912	2	0	0	56142	200.391	50.7973
0.06936	0	4	0	56136	200.32	50.8105
0.0696	0	0	0	56130.9	200.262	50.8215
0.06984	0	0	0	56126.3	200.207	50.8316
0.07008	0	0	0	56121.7	200.153	50.8417
0.07032	0	0	0	56117.2	200.101	50.8515
0.07056	0	0	0	56113.6	200.059	50.8594
0.0708	0	0	0	56110	200.017	50.8673
0.07104	0	0	0	56106.5	199.976	50.8751
0.07128	0	0	0	56103.3	199.939	50.882
0.07152	0	0	0	56100.5	199.906	50.8882
0.07176	0	0	0	56097.7	199.873	50.8944
0.072	0	1	0	56094.9	199.84	50.9006
0.07224	0	1	0	56092.6	199.814	50.9055
0.07248	0	1	0	56090.4	199.788	50.9104
0.07272	0	2	1	56088.2	199.763	50.9153
0.07296	0	3	0	56086.2	199.739	50.9197
0.0732	0	1	0	56084.4	199.718	50.9236
0.07344	0	2	0	56082.6	199.698	50.9275
0.07368	0	4	0	56080.9	199.677	50.9313
0.07392	0	2	0	56079.5	199.661	50.9344
0.07416	0	4	0	56078.1	199.645	50.9374
0.0744	0	0	1	56076.8	199.63	50.9403
0.07464	0	1	0	56075.6	199.615	50.943
0.07488	0	2	1	56074.6	199.604	50.9452
0.07512	0	4	1	56073.6	199.592	50.9474
0.07536	0	1	0	56072.6	199.581	50.9496
0.0756	0	3	1	56071.8	199.572	50.9513
0.07584	0	4	0	56071.1	199.563	50.9529
0.07608	0	7	2	56070.4	199.555	50.9544
0.07632	0	10	0	56069.7	199.547	50.9559
0.07656	0	1	0	56069.3	199.542	50.9569
0.0768	0	7	1	56068.8	199.537	50.9579
0.07704	0	4	1	56068.4	199.532	50.9589
0.07728	0	3	1	56068.1	199.528	50.9595
0.07752	0	7	0	56067.9	199.526	50.96
0.07776	0	14	1	56067.6	199.523	50.9605
0.078	0	6	1	56067.4	199.521	50.9609
0.07824	0	10	3	56067.5	199.521	50.9609
0.07848	0	17	1	56067.5	199.521	50.9608
0.07872	0	13	2	56067.5	199.521	50.9608
0.07896	0	14	2	56067.7	199.523	50.9604
0.0792	0	10	3	56068	199.527	50.9597
0.07944	0	14	3	56068.3	199.531	50.9589
0.07968	0	13	6	56068.7	199.535	50.9582
0.07992	0	8	7	56069.3	199.542	50.9569
0.08016	0	13	1	56069.9	199.55	50.9555
0.0804	0	11	4	56070.5	199.557	50.9541
0.08064	0	23	4	56071.2	199.565	50.9525
0.08088	0	25	3	56072.1	199.575	50.9506
0.08112	0	23	6	56073	199.585	50.9488
0.08136	0	18	5	56073.8	199.595	50.9469
0.0816	0	32	3	56074.9	199.607	50.9446
0.08184	0	22	5	56076	199.62	50.9421
0.08208	0	34	6	56077.1	199.633	50.9397
0.08232	0	30	3	56078.2	199.646	50.9372
0.08256	0	35	6	56079.6	199.662	50.9342
0.0828	0	29	6	56081	199.678	50.9312
0.08304	0	46	6	56082.3	199.694	50.9282
0.08328	0	52	6	56083.9	199.712	50.9247
0.08352	0	57	7	56085.6	199.732	50.9209
0.08376	0	50	7	56087.3	199.753	50.9171
0.084	0	56	6	56089	199.773	50.9134
0.08424	0	39	6	56091.2	199.798	50.9086
0.08448	0	52	5	56093.4	199.823	50.9039
0.08472	0	52	10	56095.5	199.848	50.8991
0.08496	0	91	8	56097.9	199.876	50.8939
0.0852	0	72	6	56100.5	199.907	50.8881
0.08544	0	83	11	56103.2	199.937	50.8823
0.08568	0	85	10	56105.8	199.968	50.8766
0.08592	0	88	8	56108.9	200.004	50.8698
0.08616	0	83	16	56112	200.041	50.8629
0.0864	0	99	9	56115.2	200.077	50.856
0.08664	0	118	11	56118.5	200.116	50.8488
0.08688	0	137	11	56122.2	200.16	50.8406
0.08712	0	132	11	56126	200.203	50.8324
0.08736	0	121	10	56129.7	200.247	50.8242
0.0876	0	143	9	56133.8	200.295	50.8152
0.08784	0	152	11	56138.1	200.346	50.8057
0.08808	0	163	8	56142.4	200.396	50.7963
0.08832	0	203	12	56146.8	200.447	50.7868
0.08856	0	176	5	56151.6	200.503	50.7763
0.0888	0	206	12	56156.4	200.56	50.7657
0.08904	0	226	7	56161.3	200.616	50.7552
0.08928	0	255	4	56166.5	200.677	50.7438
0.08952	0	306	6	56172	200.742	50.7318
0.08976	0	280	8	56177.5	200.806	50.7198
0.09	0	273	8	56183	200.871	50.7077
0.09024	0	311	9	56189.6	200.948	50.6935
0.09048	0	319	11	56196.2	201.025	50.6792
0.09072	0	408	7	56202.7	201.102	50.665
0.09096	0	405	5	56209.8	201.185	50.6495
0.0912	0	404	9	56217.6	201.277	50.6326
0.09144	0	399	11	56225.5	201.368	50.6156
0.09168	0	463	3	56233.3	201.46	50.5987
0.09192	0	501	9	56241.9	201.561	50.5801
0.09216	0	526	11	56250.6	201.663	50.5613
0.0924	0	573	18	56259.3	201.766	50.5425
0.09264	0	624	14	56268	201.868	50.5236
0.09288	0	733	8	56276.9	201.972	50.5045
0.09312	1	773	6	56285.7	202.076	50.4854
0.09336	0	841	8	56294.6	202.181	50.4664
0.0936	1	868	5	56303.6	202.287	50.447
0.09384	1	952	12	56312.7	202.394	50.4274
0.09408	0	1000	7	56321.8	202.502	50.4079
0.09432	0	1062	13	56331	202.61	50.3882
0.09456	2	1160	5	56340.6	202.723	50.3676
0.0948	6	1144	10	56350.2	202.837	50.347
0.09504	7	1307	7	56359.8	202.95	50.3265
0.09528	6	1385	14	56368.7	203.054	50.3076
0.09552	7	1497	12	56376.9	203.151	50.2901
0.09576	9	1702	8	56385.1	203.249	50.2725
0.096	15	1773	3	56393.3	203.346	50.255
0.09624	19	1793	7	56398.1	203.402	50.245
0.09648	29	2015	5	56402.8	203.458	50.2349
0.09672	15	2253	8	56407.5	203.514	50.2248
0.09696	39	2393	6	56409.7	203.54	50.2202
0.0972	43	2497	10	56408.5	203.525	50.2227
0.09744	72	2728	6	56407.3	203.511	50.2253
0.09768	91	2930	6	56406.1	203.497	50.2279
0.09792	96	3137	10	56396.7	203.385	50.2479
0.09816	84	3279	8	56385.8	203.257	50.271
0.0984	120	3635	7	56375	203.13	50.294
0.09864	162	3852	8	56360.5	202.958	50.325
0.09888	184	4140	3	56336.8	202.678	50.3758
0.09912	229	4352	5	56313	202.398	50.4268
0.09936	298	4644	9	56289.2	202.118	50.4779
0.0996	369	5036	6	56253.7	201.7	50.5545
0.09984	477	5294	16	56213.5	201.227	50.6417
0.10008	614	5773	7	56173.2	200.756	50.7292
0.10032	767	6194	15	56130.5	200.257	50.8224
0.10056	943	6513	6	56073.2	199.588	50.9482
0.1008	1143	6721	9	56015.9	198.921	51.0748
0.10104	1401	7374	7	55958.6	198.256	51.2021
0.10128	1628	7636	7	55891.2	197.476	51.3529
0.10152	1860	8039	6	55816.2	196.611	51.5219
0.10176	2151	8621	7	55741.1	195.749	51.6922
0.102	2492	8734	5	55666.1	194.89	51.8639
0.10224	2826	9632	14	55578	193.885	52.0672
0.10248	3339	9878	13	55489.9	192.884	52.2724
0.10272	3725	10211	12	55401.8	191.887	52.4795
0.10296	4157	10698	9	55313	190.887	52.6902
0.1032	4807	11244	13	55223.3	189.887	52.8809
0.10344	5399	11438	16	55133.6	188.889	53.0692
0.10368	5994	11983	14	55043.8	187.89	53.2569
0.10392	6718	12105	10	54963.7	186.998	53.424
0.10416	7408	12415	9	54885.2	186.125	53.5873
0.1044	8320	13021	15	54806.7	185.251	53.7502
0.10464	9122	13572	15	54735.5	184.459	53.8974
0.10488	9910	13747	13	54682.7	183.872	54.0063
0.10512	10573	13771	16	54630	183.285	54.115
0.10536	11677	13800	6	54577.2	182.698	54.2235
0.1056	12498	14163	10	54550.9	182.405	54.2776
0.10584	12941	14559	15	54535.1	182.229	54.31
0.10608	14121	14390	14	54519.3	182.054	54.3424
0.10632	14753	14468	8	54509.7	181.947	54.362
0.10656	15641	14594	12	54537.5	182.256	54.305
0.1068	16622	14691	9	54565.3	182.565	54.248
0.10704	17077	14408	14	54593.1	182.875	54.1909
0.10728	17774	14208	10	54646.8	183.471	54.0805
0.10752	18198	14135	11	54719.8	184.284	53.9298
0.10776	18424	13590	7	54792.9	185.097	53.7787
0.108	18878	13387	5	54865.9	185.91	53.6273
0.10824	19169	13162	3	54972.4	187.096	53.4058
0.10848	19144	12529	10	55079	188.281	53.1835
0.10872	19117	12034	5	55185.5	189.466	52.9604
0.10896	18928	11865	8	55298.9	190.728	52.722
0.1092	18777	11352	4	55421.4	192.108	52.4333
0.10944	18654	10567	19	55544	193.497	52.1463
0.10968	18266	10417	14	55666.6	194.895	51.8629
0.10992	18044	9899	7	55786.5	196.27	51.589
0.11016	17269	9260	4	55906	197.648	51.3195
0.1104	16450	8601	9	56025.6	199.033	51.0534
0.11064	15764	8236	4	56138.4	200.349	50.8051
0.11088	14915	7396	0	56234.7	201.476	50.5957
0.11112	14252	7177	5	56330.9	202.608	50.3884
0.11136	13057	6517	5	56427.1	203.746	50.1832
0.1116	12289	6105	4	56499.7	204.607	50.0299
0.11184	11408	5710	4	56562.7	205.357	49.8975
0.11208	10320	5104	3	56625.8	206.11	49.766
0.11232	9449	4693	1	56683.9	206.805	49.6458
0.11256	8414	4408	5	56711.8	207.14	49.5883
0.1128	7673	4073	2	56739.7	207.475	49.5309
0.11304	6955	3821	2	56767.6	207.81	49.4737
0.11328	6165	3604	4	56778	207.936	49.4522
0.11352	5403	3086	3	56775.5	207.906	49.4575
0.11376	4878	3143	9	56772.9	207.875	49.4627
0.114	4219	2994	4	56770.4	207.844	49.468
0.11424	3747	2970	4	56744.5	207.532	49.521
0.11448	3216	2784	1	56718.6	207.221	49.5742
0.11472	2913	2903	5	56692.7	206.911	49.6276
0.11496	2470	2825	6	56659.4	206.512	49.6964
0.1152	2211	2803	5	56616.2	205.995	49.7861
0.11544	2060	2797	3	56573	205.479	49.8761
0.11568	1805	2984	6	56529.8	204.965	49.9666
0.11592	1640	3073	4	56475.1	204.314	50.0817
0.11616	1482	3090	1	56418.5	203.643	50.2016
0.1164	1456	3381	3	56361.8	202.974	50.3222
0.11664	1443	3437	2	56301.7	202.265	50.451
0.11688	1379	3620	2	56233	201.456	50.5994
0.11712	1516	3756	6	56164.2	200.65	50.7488
0.11736	1571	3911	5	56095.4	199.847	50.8993
0.1176	1613	4055	3	56019	198.957	51.0679
0.11784	1697	4514	3	55939.5	198.035	51.2447
0.11808	1918	4364	10	55860	197.116	51.4229
0.11832	2023	4645	6	55782.5	196.223	51.5982
0.11856	2289	4972	5	55716.5	195.466	51.7484
0.1188	2460	5065	6	55650.5	194.712	51.8997
0.11904	2755	5096	2	55584.6	193.959	52.0521
0.11928	2929	5336	5	55574.4	193.844	52.0756
0.11952	2725	5387	9	55606.2	194.205	52.0021
0.11976	0	4858	7	55637.9	194.567	51.9289
