0	0	0	0	56655.3	206.463	49.7048
0.00024	0	0	0	56660.6	206.527	49.6938
0.00048	0	0	0	56665.9	206.59	49.6828
0.00072	0	0	0	56671.2	206.654	49.6718
0.00096	0	0	0	56676.6	206.719	49.6607
0.0012	0	0	0	56682.2	206.785	49.6493
0.00144	0	0	0	56687.7	206.851	49.6379
0.00168	0	0	0	56693.2	206.917	49.6265
0.00192	0	0	0	56698.9	206.986	49.6147
0.00216	0	0	0	56704.7	207.055	49.6028
0.0024	0	0	0	56710.4	207.124	49.591
0.00264	0	0	0	56716.3	207.194	49.579
0.00288	0	0	0	56722.3	207.266	49.5666
0.00312	0	0	0	56728.3	207.338	49.5543
0.00336	0	0	0	56734.3	207.41	49.542
0.0036	0	0	0	56740.4	207.484	49.5293
0.00384	0	0	0	56746.7	207.559	49.5164
0.00408	0	0	0	56753	207.635	49.5036
0.00432	0	0	0	56759.3	207.71	49.4907
0.00456	0	0	0	56765.8	207.789	49.4773
0.0048	0	0	0	56772.3	207.867	49.464
0.00504	0	0	0	56778.8	207.946	49.4506
0.00528	0	0	0	56785.5	208.027	49.4369
0.00552	0	0	0	56792.4	208.109	49.423
0.00576	0	0	0	56799.2	208.191	49.4091
0.006	0	0	0	56806	208.273	49.3952
0.00624	0	0	0	56813.1	208.359	49.3806
0.00648	0	0	0	56820.2	208.445	49.3661
0.00672	0	0	0	56827.4	208.531	49.3516
0.00696	0	0	0	56834.6	208.619	49.3369
0.0072	0	0	0	56842.1	208.709	49.3217
0.00744	0	0	0	56849.5	208.799	49.3066
0.00768	0	0	0	56857	208.889	49.2915
0.00792	0	0	0	56864.7	208.982	49.2758
0.00816	0	0	0	56872.5	209.076	49.26
0.0084	0	0	0	56880.3	209.171	49.2442
0.00864	0	0	0	56888.2	209.266	49.2282
0.00888	0	0	0	56896.4	209.365	49.2118
0.00912	0	0	0	56904.6	209.464	49.1953
0.00936	0	0	0	56912.7	209.563	49.1788
0.0096	0	0	0	56921.2	209.665	49.1618
0.00984	0	1	0	56929.7	209.769	49.1446
0.01008	0	0	0	56938.3	209.872	49.1274
0.01032	0	0	0	56946.9	209.977	49.1101
0.01056	0	0	0	56955.8	210.085	49.0921
0.0108	0	0	0	56964.8	210.194	49.0741
0.01104	0	1	0	56973.8	210.303	49.0562
0.01128	0	0	0	56983	210.415	49.0377
0.01152	0	2	0	56992.4	210.529	49.0189
0.01176	0	0	0	57001.8	210.644	49.0001
0.012	0	0	0	57011.2	210.758	48.9814
0.01224	0	0	0	57021.1	210.878	48.9617
0.01248	0	0	0	57030.9	210.999	48.942
0.01272	0	3	0	57040.8	211.119	48.9223
0.01296	0	0	2	57050.9	211.249	48.9077
0.0132	0	0	0	57061.3	211.382	48.8926
0.01344	0	0	0	57071.7	211.515	48.8776
0.01368	0	1	1	57082.1	211.649	48.8626
0.01392	0	1	0	57092.9	211.788	48.8469
0.01416	0	0	0	57103.8	211.928	48.8311
0.0144	0	0	0	57114.7	212.068	48.8153
0.01464	0	0	0	57125.8	212.211	48.7994
0.01488	0	3	0	57137.3	212.359	48.7828
0.01512	0	2	0	57148.8	212.507	48.7663
0.01536	0	1	0	57160.3	212.655	48.7497
0.0156	0	0	1	57172.2	212.808	48.7326
0.01584	0	0	0	57184.3	212.964	48.7152
0.01608	0	1	0	57196.5	213.12	48.6978
0.01632	0	1	1	57208.7	213.277	48.6804
0.01656	0	5	1	57221.4	213.442	48.6621
0.0168	0	1	0	57234.2	213.607	48.6438
0.01704	0	3	0	57247	213.771	48.6256
0.01728	0	0	1	57260.1	213.941	48.6068
0.01752	0	0	1	57273.6	214.115	48.5876
0.01776	0	5	2	57287.1	214.29	48.5684
0.018	0	4	1	57300.6	214.464	48.5493
0.01824	0	3	0	57314.8	214.648	48.5291
0.01848	0	4	0	57329.1	214.832	48.5089
0.01872	0	1	3	57343.3	215.016	48.4887
0.01896	0	8	1	57357.9	215.205	48.468
0.0192	0	4	2	57373	215.4	48.4467
0.01944	0	3	1	57388.1	215.595	48.4255
0.01968	0	2	2	57403.1	215.79	48.4042
0.01992	0	4	3	57419	215.996	48.3819
0.02016	0	4	1	57435	216.203	48.3595
0.0204	0	3	4	57450.9	216.41	48.3371
0.02064	0	3	0	57467.2	216.62	48.3143
0.02088	0	4	0	57484.1	216.84	48.2906
0.02112	0	6	0	57501	217.06	48.267
0.02136	0	7	0	57517.9	217.279	48.2434
0.0216	0	7	2	57535.6	217.509	48.2188
0.02184	0	6	0	57553.5	217.742	48.1938
0.02208	0	8	0	57571.5	217.976	48.1689
0.02232	0	9	4	57589.6	218.211	48.1437
0.02256	0	7	2	57608.7	218.46	48.1173
0.0228	0	6	3	57627.8	218.709	48.0909
0.02304	0	7	1	57646.9	218.957	48.0645
0.02328	0	8	1	57666.6	219.215	48.0372
0.02352	0	5	7	57687	219.48	48.0093
0.02376	0	19	2	57707.3	219.746	47.9814
0.024	0	13	3	57727.6	220.011	47.9535
0.02424	0	11	5	57749.2	220.294	47.9239
0.02448	0	13	3	57770.9	220.576	47.8943
0.02472	0	16	4	57792.5	220.859	47.8648
0.02496	0	17	2	57814.8	221.151	47.8345
0.0252	0	14	4	57837.9	221.453	47.8031
0.02544	0	15	6	57860.9	221.756	47.7718
0.02568	0	13	0	57884	222.058	47.7406
0.02592	0	17	4	57908.5	222.378	47.7076
0.02616	0	24	3	57933.1	222.702	47.6744
0.0264	0	24	4	57957.8	223.026	47.6412
0.02664	0	25	3	57982.9	223.356	47.6075
0.02688	0	27	4	58009.3	223.702	47.5722
0.02712	0	35	4	58035.6	224.049	47.5369
0.02736	0	30	5	58062	224.396	47.5018
0.0276	0	26	5	58089.7	224.762	47.4649
0.02784	0	33	4	58118	225.134	47.4274
0.02808	0	36	4	58146.3	225.507	47.3899
0.02832	0	27	8	58174.8	225.884	47.3522
0.02856	0	37	9	58205.2	226.285	47.3122
0.0288	0	44	5	58235.5	226.686	47.2723
0.02904	0	52	9	58265.9	227.088	47.2326
0.02928	0	51	3	58297.5	227.506	47.1912
0.02952	0	42	6	58330.1	227.938	47.1488
0.02976	0	54	9	58362.7	228.37	47.1064
0.03	0	69	5	58395.2	228.802	47.0642
0.03024	0	77	8	58430.3	229.268	47.0188
0.03048	0	65	9	58465.4	229.734	46.9736
0.03072	0	74	9	58500.5	230.201	46.9285
0.03096	0	80	12	58536.8	230.684	46.882
0.0312	0	75	11	58574.7	231.189	46.8336
0.03144	0	71	5	58612.6	231.694	46.7854
0.03168	0	102	7	58650.5	232.2	46.7374
0.03192	0	88	7	58691	232.74	46.6862
0.03216	0	99	8	58731.9	233.287	46.6347
0.0324	0	119	11	58772.8	233.834	46.5833
0.03264	0	131	8	58814.6	234.361	46.5117
0.03288	0	139	7	58858.8	234.915	46.4348
0.03312	0	145	7	58903	235.469	46.358
0.03336	0	160	6	58947.2	236.023	46.2814
0.0336	0	154	11	58993.9	236.609	46.2004
0.03384	0	193	9	59041.7	237.209	46.1179
0.03408	0	207	11	59089.5	237.808	46.0354
0.03432	0	250	7	59137.9	238.415	45.9522
0.03456	0	227	6	59189.7	239.066	45.863
0.0348	0	229	10	59241.6	239.717	45.774
0.03504	0	233	7	59293.5	240.367	45.6852
0.03528	0	279	6	59348	241.051	45.5922
0.03552	0	282	12	59404.4	241.758	45.4961
0.03576	0	335	4	59460.9	242.466	45.4001
0.036	0	349	10	59517.3	243.174	45.3044
0.03624	0	355	7	59578.6	243.943	45.2006
0.03648	0	401	6	59640	244.712	45.0971
0.03672	0	445	10	59701.3	245.481	44.9938
0.03696	0	469	6	59765	246.279	44.8868
0.0372	0	485	11	59831.8	247.115	44.7749
0.03744	0	519	1	59898.6	247.951	44.6633
0.03768	0	586	4	59965.3	248.788	44.552
0.03792	0	614	5	60037.2	249.687	44.4326
0.03816	0	656	1	60109.8	250.596	44.3122
0.0384	0	759	2	60182.5	251.505	44.1921
0.03864	0	770	8	60257	252.437	44.0693
0.03888	0	801	4	60336.2	253.425	43.9394
0.03912	0	924	5	60415.3	254.413	43.8098
0.03936	0	1115	3	60494.4	255.401	43.6807
0.0396	0	999	7	60578.6	256.482	43.5679
0.03984	0	1139	2	60665	257.598	43.4587
0.04008	0	1156	13	60751.3	258.717	43.3502
0.04032	0	1438	13	60838.8	259.854	43.2411
0.04056	0	1322	3	60933.4	261.086	43.1239
0.0408	0	1439	4	61028	262.321	43.0076
0.04104	0	1604	8	61122.6	263.559	42.8922
0.04128	0	1683	8	61222.2	264.864	42.7716
0.04152	0	1915	5	61325.5	266.223	42.6475
0.04176	0	1918	8	61428.8	267.584	42.5245
0.042	0	2100	8	61532.1	268.949	42.4024
0.04224	0	2332	5	61644.7	270.441	42.2705
0.04248	0	2548	10	61757.3	271.937	42.1398
0.04272	0	2575	11	61869.8	273.437	42.0103
0.04296	0	2937	12	61986.7	274.998	41.877
0.0432	0	3063	9	62109.4	276.641	41.7385
0.04344	0	3211	8	62232	278.288	41.6014
0.04368	0	3578	5	62354.6	279.972	41.4365
0.04392	0	3945	7	62486.6	281.785	41.2567
0.04416	0	4016	5	62620	283.617	41.0763
0.0444	0	4338	5	62753.5	285.446	40.8972
0.04464	0	4811	5	62890.2	287.317	40.7151
0.04488	0	4856	10	63035.2	289.297	40.5236
0.04512	0	5403	5	63180.2	291.274	40.3338
0.04536	0	6017	2	63325.2	293.246	40.1455
0.0456	0	6148	6	63478.3	295.324	39.9483
0.04584	0	6692	4	63634.7	297.441	39.7487
0.04608	0	7341	6	63791	299.552	39.551
0.04632	0	7734	6	63949.1	301.679	39.3529
0.04656	0	8222	7	64117.1	303.815	39.1734
0.0468	0	8766	6	64285.1	305.918	39.0026
0.04704	0	9729	2	64453.2	308.013	38.834
0.04728	0	10273	4	64626.7	310.17	38.6621
0.04752	0	10993	5	64804.5	312.369	38.4886
0.04776	0	11907	2	64982.2	314.559	38.3174
0.048	0	12528	4	65159.9	316.738	38.1486
0.04824	0	13714	1	65346.8	319.019	37.9737
0.04848	0	14630	6	65533.7	321.289	37.8013
0.04872	0	15864	4	65720.6	323.547	37.6311
0.04896	0	16831	4	65910.9	325.889	37.4452
0.0492	0	17698	0	66105.7	328.308	37.2528
0.04944	0	18864	5	66300.5	330.751	37.0582
0.04968	0	20213	5	66495.3	333.216	36.8615
0.04992	0	22027	2	66693.2	335.743	36.6596
0.05016	0	23404	4	66891.6	338.302	36.4551
0.0504	0	24646	8	67090	340.885	36.2486
0.05064	0	26778	8	67288	343.488	36.0404
0.05088	0	28279	4	67485.2	346.139	35.8247
0.05112	0	30159	3	67682.4	348.962	35.5818
0.05136	0	32355	3	67879.6	351.799	35.3437
0.0516	0	34354	2	68069.6	354.546	35.1185
0.05184	0	36456	4	68256.8	357.264	34.9009
0.05208	0	39191	3	68444.1	359.995	34.6872
0.05232	0	41219	2	68628.9	362.703	34.4803
0.05256	0	44021	5	68799.2	365.21	34.2929
0.0528	0	46541	4	68969.6	367.727	34.1087
0.05304	0	49216	2	69140	370.255	33.9276
0.05328	0	53047	3	69291.6	372.42	33.8104
0.05352	0	55863	0	69429	374.344	33.7195
0.05376	0	58695	4	69566.5	376.262	33.6283
0.054	0	62472	1	69704	378.172	33.537
0.05424	0	65554	2	69801.7	379.526	33.472
0.05448	0	69303	4	69899.5	380.876	33.4069
0.05472	0	73421	4	69997.3	382.222	33.3417
0.05496	0	75970	2	70073.8	383.273	33.2906
0.0552	0	80896	3	70122.1	383.935	33.2584
0.05544	0	84637	6	70170.3	384.595	33.2262
0.05568	0	88976	4	70218.6	385.254	33.1939
0.05592	0	92578	4	70211.6	385.159	33.1986
0.05616	0	96615	3	70195.4	384.937	33.2094
0.0564	0	101507	2	70179.2	384.716	33.2203
0.05664	0	105052	4	70143.7	384.23	33.244
0.05688	0	110401	4	70060	383.084	33.2998
0.05712	0	115073	3	69976.4	381.935	33.3556
0.05736	0	118765	5	69892.7	380.783	33.4114
0.0576	0	122404	1	69756	378.893	33.5024
0.05784	0	126748	0	69598.1	376.701	33.6073
0.05808	0	132393	4	69440.2	374.5	33.7121
0.05832	0	134526	4	69274	372.173	33.822
0.05856	0	138883	1	69058.6	369.046	34.0137
0.0588	0	143577	5	68843.2	365.858	34.2451
0.05904	0	146907	2	68627.8	362.687	34.4815
0.05928	0	149950	0	68380.9	359.072	34.7589
0.05952	0	152521	7	68110.3	355.136	35.0708
0.05976	0	155570	3	67839.8	351.226	35.3913
0.06	0	158538	2	67569.3	347.342	35.7205
0.06024	0	161595	8	67263.7	343.167	36.0661
0.06048	0	164518	3	66958.1	339.165	36.3861
0.06072	0	167606	4	66652.5	335.221	36.7013
0.06096	0	169185	3	66339.9	331.247	37.0186
0.0612	0	170865	3	66018.1	327.217	37.3396
0.06144	0	173779	3	65696.3	323.252	37.6535
0.06168	0	176172	2	65374.5	319.356	37.948
0.06192	0	176680	1	65048	315.367	38.2546
0.06216	0	176155	2	64720.7	311.334	38.57
0.0624	0	178524	2	64393.5	307.27	38.8936
0.06264	0	178618	5	64070.9	303.235	39.2207
0.06288	0	179836	5	63759.8	299.13	39.5903
0.06312	0	180605	2	63448.7	294.923	39.9863
0.06336	0	181994	2	63137.6	290.693	40.3894
0.0636	0	181188	2	62829.5	286.487	40.7957
0.06384	0	181899	7	62522.7	282.282	41.2077
0.06408	0	184010	4	62215.9	278.072	41.6193
0.06432	0	183959	3	61911.8	273.996	41.9623
0.06456	0	181706	2	61623.3	270.157	42.2955
0.0648	0	183703	2	61334.8	266.345	42.6364
0.06504	0	183780	13	61046.4	262.56	42.9852
0.06528	0	182811	8	60765.4	258.9	43.3326
0.06552	0	181806	7	60490	255.346	43.6879
0.06576	0	182620	4	60214.6	251.906	44.1392
0.066	0	180791	6	59939.2	248.46	44.5956
0.06624	0	179899	4	59693.7	245.385	45.0066
0.06648	0	181755	7	59448.1	242.306	45.4218
0.06672	0	178140	88	59202.6	239.227	45.841
0.06696	0	177975	186	58979.3	236.426	46.2258
0.0672	0	175673	523	58785.7	233.997	46.5622
0.06744	0	176949	973	58592	231.419	46.8116
0.06768	0	174121	2099	58398.4	228.844	47.0601
0.06792	0	172036	2665	58246.8	226.836	47.2575
0.06816	0	172486	3348	58102.3	224.927	47.4482
0.0684	0	172936	4028	57957.7	223.025	47.6412
0.06864	0	173352	5587	57833.9	221.401	47.8085
0.06888	0	170757	8378	57762	220.46	47.9064
0.06912	0	172408	11134	57690.1	219.521	48.005
0.06936	0	172107	14302	57618.1	218.583	48.1042
0.0696	0	172283	15830	57598.1	218.322	48.1319
0.06984	0	171935	19357	57598.9	218.332	48.1309
0.07008	0	175567	21734	57599.6	218.342	48.1299
0.07032	0	177676	25468	57612.9	218.514	48.1115
0.07056	0	177889	32089	57701.3	219.668	47.9895
0.0708	0	179288	33344	57789.8	220.824	47.8685
0.07104	0	182617	37751	57878.3	221.983	47.7483
0.07128	0	182016	44579	58013.9	223.763	47.566
0.07152	0	186028	47171	58184.7	226.015	47.3391
0.07176	0	188803	48819	58355.6	228.276	47.1156
0.072	0	190600	57296	58526.5	230.546	46.8953
0.07224	0	194271	61210	58768.2	233.773	46.5891
0.07248	0	197905	64837	59010	236.811	46.1726
0.07272	0	203238	69755	59251.8	239.844	45.7566
0.07296	0	207299	76043	59520.5	243.214	45.299
0.0732	0	212484	80847	59825.2	247.032	44.786
0.07344	0	219946	84802	60129.8	250.846	44.2792
0.07368	0	224070	90154	60434.4	254.653	43.7785
0.07392	0	228990	99319	60789.6	259.214	43.3024
0.07416	0	235874	102647	61153.2	263.959	42.8551
0.0744	0	243168	109737	61516.8	268.747	42.4205
0.07464	2	251101	116550	61898.2	273.815	41.9778
0.07488	1	258363	123159	62324.3	279.554	41.4781
0.07512	4	267982	130696	62750.4	285.403	40.9013
0.07536	8	277006	137167	63176.4	291.223	40.3386
0.0756	15	286842	143071	63607.1	297.068	39.7838
0.07584	13	296194	150325	64039.5	302.842	39.253
0.07608	40	309171	155252	64472	308.247	38.8152
0.07632	39	322943	163756	64893.3	313.465	38.4027
0.07656	74	337267	172071	65248.3	317.818	38.0656
0.0768	91	350915	177476	65603.2	322.129	37.7379
0.07704	127	368619	185532	65958.2	326.474	37.3987
0.07728	162	387585	198206	66155.1	328.926	37.2036
0.07752	271	406923	205437	66233.5	329.908	37.1254
0.07776	416	432077	211509	66311.9	330.894	37.0468
0.078	576	455136	222211	66390.3	331.884	36.9678
0.07824	771	483889	240857	65879.8	325.504	37.4758
0.07848	1068	516455	245848	65369.3	319.293	37.9528
0.07872	1424	550498	257208	64858.8	313.04	38.4359
0.07896	1840	590395	274265	63933.4	301.469	39.3724
0.0792	2434	625325	284517	62454.8	281.349	41.2998
0.07944	3116	663297	289755	60976.2	261.644	43.0712
0.07968	4029	709635	301015	59497.6	242.927	45.3378
0.07992	4988	758008	320535	57173.1	212.819	48.7314
0.08016	5746	786522	323319	54707.5	184.147	53.9552
0.0804	6974	812544	330705	52242	156.333	58.7208
0.08064	7852	837941	349339	49705	128.59	65.6834
0.08088	8890	858329	366944	46989.4	106.318	79.269
0.08112	9558	852466	365630	44273.8	81.2974	94.1013
0.08136	10234	848870	382220	41558.2	56.3987	98.7167
0.0816	10832	858202	424670	39372.5	42.8738	116.748
0.08184	11410	850957	440899	37398.9	33.5014	142.462
0.08208	11780	853196	469717	35425.2	22.1138	162.431
0.08232	11891	863206	529202	33636	14.2281	182.055
0.08256	11825	876377	596104	32953.2	12.2793	195.578
0.0828	12167	873240	598555	32270.5	10.6133	210.657
0.08304	11600	882472	640958	31587.7	9.0313	227.07
0.08328	11240	900900	720884	31547.4	8.9407	228.095
0.08352	11083	905585	745961	31989	9.95167	217.207
0.08376	10829	909355	745525	32430.6	10.9942	207.059
0.084	10891	929696	798004	32872.2	12.0692	197.373
0.08424	10599	956458	897255	33895.5	15.0609	177.605
0.08448	10583	951486	826751	34918.8	19.3248	165.748
0.08472	10721	964127	840130	35942.1	25.2773	159.208
0.08496	11272	982822	923481	36979.2	31.2855	148.079
0.0852	11158	988836	944610	38034.6	36.6276	133.597
0.08544	11539	990277	869131	39090.1	41.545	120.044
0.08568	12050	1.0107e+06	899439	40145.5	46.8429	108.635
0.08592	12310	1.04041e+06	1.04514e+06	40849.5	51.1703	102.876
0.08616	12888	1.02779e+06	881548	41494.9	55.8353	98.9428
0.0864	13619	1.03305e+06	855470	42140.3	61.7816	96.9753
0.08664	14061	1.06782e+06	957950	42639.8	66.6906	95.9532
0.08688	14569	1.08558e+06	1.01865e+06	42774.4	68.0604	95.7503
0.08712	15515	1.07419e+06	840209	42909.1	69.4503	95.5778
0.08736	15947	1.08684e+06	885441	43043.7	70.8601	95.4355
0.0876	16759	1.11299e+06	1.07818e+06	42897.7	69.3318	95.5912
0.08784	17421	1.10139e+06	927030	42639.4	66.6863	95.9539
0.08808	18292	1.1045e+06	854057	42381.1	64.1139	96.4293
0.08832	19070	1.13321e+06	972831	42068.2	61.0954	97.1583
0.08856	19534	1.16605e+06	1.12562e+06	41428.1	55.2455	99.1905
0.0888	20056	1.16839e+06	885194	40787.9	50.7658	103.322
0.08904	20336	1.20306e+06	921808	40147.8	46.8561	108.613
0.08928	20565	1.25878e+06	1.14637e+06	39419.4	43.0944	116.214
0.08952	20771	1.26243e+06	1.08505e+06	38624.8	39.3644	125.768
0.08976	21164	1.26807e+06	950335	37830.1	35.6632	136.474
0.09	21372	1.2959e+06	1.08256e+06	37035.5	31.588	147.339
0.09024	21088	1.34908e+06	1.35869e+06	36705.1	29.7977	151.613
0.09048	21263	1.31402e+06	1.0536e+06	36374.7	27.9789	155.714
0.09072	20749	1.31894e+06	1.0955e+06	36044.2	25.9419	158.59
0.09096	20540	1.35558e+06	1.34388e+06	36040.8	25.9195	158.611
0.0912	20507	1.35099e+06	1.35065e+06	36473.4	28.5244	154.508
0.09144	20153	1.3334e+06	1.17002e+06	36906	30.8911	149.033
0.09168	20252	1.3381e+06	1.26337e+06	37338.7	33.1893	143.282
0.09192	20273	1.38197e+06	1.50358e+06	38026.5	36.5902	133.709
0.09216	20164	1.3543e+06	1.2797e+06	38756.9	39.982	124.105
0.0924	20306	1.35473e+06	1.21849e+06	39487.2	43.4137	115.447
0.09264	20653	1.37984e+06	1.34672e+06	40133.9	46.7768	108.742
0.09288	20999	1.40749e+06	1.49454e+06	40571.3	49.3829	104.976
0.09312	21200	1.38967e+06	1.2126e+06	41008.7	52.2421	101.773
0.09336	21227	1.40264e+06	1.24316e+06	41446.1	55.4039	99.1221
0.0936	22296	1.44832e+06	1.52772e+06	41602.7	56.798	98.5619
0.09384	22744	1.43568e+06	1.33043e+06	41647	57.1966	98.4117
0.09408	23191	1.44068e+06	1.20789e+06	41691.2	57.5974	98.2651
0.09432	23562	1.46511e+06	1.35193e+06	41721.6	57.8737	98.1664
0.09456	24151	1.51116e+06	1.63489e+06	41668.8	57.3942	98.3389
0.0948	24713	1.48782e+06	1.26347e+06	41616	56.9176	98.5163
0.09504	25521	1.49885e+06	1.29868e+06	41563.2	56.444	98.6989
0.09528	25577	1.5458e+06	1.62432e+06	41571.9	56.5212	98.6687
0.09552	26175	1.54624e+06	1.5252e+06	41626.5	57.0123	98.4806
0.09576	26901	1.54698e+06	1.32376e+06	41681.2	57.5066	98.2979
0.096	27175	1.56975e+06	1.48387e+06	41735.9	58.0041	98.1206
0.09624	27545	1.63683e+06	1.76095e+06	41834.2	58.906	97.8156
0.09648	28240	1.60745e+06	1.45932e+06	41932.4	59.8181	97.5278
0.09672	28563	1.62588e+06	1.43258e+06	42030.7	60.7406	97.2571
0.09696	28983	1.6753e+06	1.68236e+06	42126.9	61.6537	97.0086
0.0972	29677	1.69204e+06	1.7133e+06	42220.4	62.5502	96.7826
0.09744	30469	1.69079e+06	1.51312e+06	42313.8	63.4562	96.5717
0.09768	30851	1.71373e+06	1.60144e+06	42407.3	64.3717	96.3759
0.09792	31758	1.78306e+06	1.90049e+06	42496.6	65.2553	96.2027
0.09816	32143	1.75726e+06	1.62488e+06	42585.2	66.1406	96.0442
0.0984	32731	1.77552e+06	1.58752e+06	42673.8	67.0346	95.8991
0.09864	33310	1.82683e+06	1.75362e+06	42795.1	68.2727	95.7218
0.09888	34238	1.85782e+06	1.99297e+06	42998.2	70.3819	95.4802
0.09912	34953	1.84484e+06	1.62971e+06	43201.4	72.4452	95.3178
0.09936	35546	1.88553e+06	1.73554e+06	43404.5	74.1304	95.1984
0.0996	36237	1.96451e+06	2.17319e+06	43668.5	76.3174	94.9652
0.09984	37209	1.95469e+06	1.89572e+06	43956.9	78.6978	94.6104
0.10008	38087	1.96864e+06	1.71961e+06	44245.2	81.064	94.1522
0.10032	38538	2.02976e+06	1.99754e+06	44517.9	83.2839	93.6252
0.10056	39447	2.11104e+06	2.23036e+06	44697	84.729	93.2305
0.1008	40622	2.08325e+06	1.91096e+06	44876	86.1629	92.7977
0.10104	41861	2.11568e+06	1.95176e+06	45055	87.975	92.0076
0.10128	42852	2.2111e+06	2.23681e+06	45093.2	88.3732	91.8217
0.10152	44383	2.2182e+06	2.21972e+06	45025.8	87.6709	92.1477
0.10176	45060	2.22547e+06	1.98876e+06	44958.4	86.9684	92.4649
0.102	46260	2.29921e+06	2.12132e+06	44891	86.283	92.7596
0.10224	47472	2.4268e+06	2.77308e+06	44236.9	80.9964	94.1668
0.10248	48251	2.37978e+06	2.06063e+06	43582.9	75.6086	95.0505
0.10272	49285	2.43973e+06	2.03287e+06	42928.8	69.6558	95.555
0.10296	49758	2.56418e+06	2.4831e+06	42245.1	62.7895	96.7252
0.1032	50531	2.5887e+06	2.50164e+06	41522	56.0764	98.8449
0.10344	50592	2.57732e+06	2.2422e+06	40798.9	50.8374	103.242
0.10368	50246	2.6178e+06	2.50999e+06	40075.8	46.4483	109.288
0.10392	50369	2.74866e+06	2.98686e+06	39742.1	44.6375	112.639
0.10416	50145	2.72212e+06	2.58204e+06	39473.2	43.3478	115.605
0.1044	49941	2.76089e+06	2.41765e+06	39204.4	42.0826	118.694
0.10464	49711	2.87221e+06	2.82825e+06	38913.3	40.7149	122.175
0.10488	49113	2.95013e+06	3.30911e+06	38566.4	39.0922	126.513
0.10512	48821	2.91707e+06	2.59759e+06	38219.6	37.4809	131.071
0.10536	48387	2.97356e+06	2.73466e+06	37872.8	35.8689	135.872
0.1056	47202	3.09891e+06	3.10611e+06	37732.2	35.1847	137.85
0.10584	46661	3.04723e+06	2.88501e+06	37674.2	34.8975	138.662
0.10608	46110	3.04387e+06	2.75313e+06	37616.1	34.6077	139.47
0.10632	45593	3.12283e+06	3.05457e+06	37628.1	34.6676	139.304
0.10656	45149	3.23916e+06	3.95564e+06	38060.1	36.7448	133.245
0.1068	44518	3.17033e+06	2.94233e+06	38492.1	38.7458	127.471
0.10704	43712	3.18661e+06	3.0184e+06	38924.1	40.7657	122.043
0.10728	43813	3.29384e+06	3.43305e+06	39250.2	42.298	118.16
0.10752	43751	3.24336e+06	3.27573e+06	39496.8	43.459	115.339
0.10776	43558	3.18908e+06	2.83962e+06	39743.5	44.645	112.624
0.108	43237	3.22464e+06	3.06752e+06	39990.1	45.9714	110.112
0.10824	43756	3.39017e+06	4.04984e+06	39738.1	44.6169	112.681
0.10848	43682	3.25804e+06	2.99091e+06	39486.1	43.4086	115.459
0.10872	43936	3.26906e+06	2.99829e+06	39234.1	42.2224	118.347
0.10896	43493	3.35068e+06	3.26659e+06	38924.6	40.7681	122.036
0.1092	43122	3.32702e+06	3.51242e+06	38538.5	38.9617	126.872
0.10944	43405	3.23853e+06	2.91158e+06	38152.3	37.1699	131.983
0.10968	43313	3.26118e+06	3.22578e+06	37766.1	35.3513	137.375
0.10992	42623	3.39495e+06	3.72922e+06	37537.9	34.213	140.554
0.11016	41935	3.25805e+06	3.14767e+06	37336	33.1753	143.319
0.1104	41651	3.23338e+06	2.94743e+06	37134	32.1135	146.034
0.11064	41455	3.30131e+06	3.16317e+06	36921.8	30.9764	148.828
0.11088	40550	3.32473e+06	3.94409e+06	36683.9	29.6819	151.881
0.11112	40000	3.183e+06	2.98374e+06	36446	28.3732	154.844
0.11136	39465	3.16203e+06	3.02707e+06	36208.1	27.0366	157.611
0.1116	38549	3.26482e+06	3.34986e+06	36025.4	25.8185	158.703
0.11184	37299	3.12802e+06	3.1195e+06	35864.8	24.7828	159.68
0.11208	36571	3.03349e+06	2.78217e+06	35704.1	23.7797	160.672
0.11232	35876	3.04478e+06	3.03724e+06	35530.8	22.7334	161.759
0.11256	35238	3.10456e+06	3.76117e+06	35281.7	21.2928	163.355
0.1128	34006	2.93164e+06	2.8039e+06	35032.5	19.9254	164.989
0.11304	33291	2.91336e+06	2.77127e+06	34783.4	18.6287	166.663
0.11328	32178	2.97578e+06	3.04672e+06	34440.4	16.9991	169.366
0.11352	31542	2.85961e+06	2.93328e+06	34027	15.5044	175.483
0.11376	29800	2.73118e+06	2.60253e+06	33613.7	14.159	182.454
0.114	28670	2.72383e+06	2.70575e+06	33200.3	12.9465	190.363
0.11424	27056	2.81607e+06	3.22756e+06	33047	12.5277	193.553
0.11448	26247	2.62609e+06	2.62976e+06	32893.7	12.1246	196.891
0.11472	25015	2.56544e+06	2.51272e+06	32740.5	11.7377	200.351
0.11496	23681	2.59936e+06	2.83118e+06	32659.5	11.5429	202.071
0.1152	22469	2.54696e+06	2.902e+06	32675.1	11.5804	201.739
0.11544	20920	2.43614e+06	2.44443e+06	32690.7	11.6178	201.407
0.11568	19732	2.44667e+06	2.49211e+06	32706.2	11.6553	201.076
0.11592	18711	2.5335e+06	2.94734e+06	32708.4	11.6606	201.029
0.11616	17498	2.38295e+06	2.50882e+06	32708.4	11.6605	201.03
0.1164	16547	2.34549e+06	2.27472e+06	32708.4	11.6604	201.031
0.11664	15503	2.40885e+06	2.59924e+06	32802.4	11.8917	198.952
0.11688	14639	2.37696e+06	2.89439e+06	33131.7	12.7572	191.773
0.11712	13880	2.15806e+06	2.30729e+06	33461	13.6966	185.261
0.11736	13159	2.07878e+06	2.29414e+06	33790.3	14.7169	179.365
0.1176	12347	2.10419e+06	2.774e+06	33958.2	15.2705	176.582
0.11784	11747	1.91253e+06	2.27206e+06	34061.5	15.623	174.942
0.11808	10893	1.82803e+06	1.94471e+06	34164.7	15.9849	173.354
0.11832	10556	1.90013e+06	2.12219e+06	34463.8	17.0886	169.044
0.11856	10492	2.0445e+06	2.63379e+06	35937.6	25.2484	159.235
0.1188	10286	2.22181e+06	2.14819e+06	37411.4	33.5662	142.291
0.11904	9620	2.48804e+06	2.45618e+06	38885.2	40.5835	122.517
0.11928	9675	2.71258e+06	3.11187e+06	46136.8	99.1628	85.741
0.11952	9255	2.79716e+06	3.25638e+06	57721.5	219.931	47.9618
0.11976	0	2.7019e+06	1.91446e+06	69306.3	372.626	33.8007
