0	0	0	0	56661.9	206.542	49.6912
0.00024	0	0	0	56667.3	206.606	49.6801
0.00048	0	0	0	56672.6	206.67	49.669
0.00072	0	0	0	56678	206.734	49.658
0.00096	0	0	0	56683.4	206.799	49.6467
0.0012	0	0	0	56689	206.866	49.6353
0.00144	0	0	0	56694.5	206.933	49.6238
0.00168	0	0	0	56700.1	207	49.6123
0.00192	0	0	0	56705.9	207.069	49.6004
0.00216	0	0	0	56711.7	207.138	49.5885
0.0024	0	0	0	56717.5	207.208	49.5765
0.00264	0	0	0	56723.3	207.278	49.5645
0.00288	0	0	0	56729.4	207.351	49.552
0.00312	0	0	0	56735.4	207.424	49.5396
0.00336	0	0	0	56741.5	207.496	49.5272
0.0036	0	0	0	56747.7	207.571	49.5144
0.00384	0	0	0	56754	207.647	49.5015
0.00408	0	0	0	56760.3	207.723	49.4886
0.00432	0	0	0	56766.6	207.799	49.4756
0.00456	0	0	0	56773.2	207.878	49.4621
0.0048	0	0	0	56779.8	207.957	49.4487
0.00504	0	0	0	56786.4	208.037	49.4352
0.00528	0	0	0	56793.1	208.118	49.4214
0.00552	0	0	0	56800	208.201	49.4074
0.00576	0	0	0	56806.9	208.283	49.3934
0.006	0	0	0	56813.7	208.366	49.3794
0.00624	0	0	0	56820.9	208.453	49.3648
0.00648	0	0	0	56828.1	208.539	49.3502
0.00672	0	0	0	56835.3	208.626	49.3356
0.00696	0	0	0	56842.6	208.714	49.3207
0.0072	0	0	0	56850.1	208.805	49.3055
0.00744	0	0	0	56857.6	208.896	49.2903
0.00768	0	0	0	56865.1	208.986	49.2751
0.00792	0	0	0	56872.9	209.081	49.2593
0.00816	0	0	0	56880.7	209.176	49.2434
0.0084	0	0	0	56888.6	209.271	49.2275
0.00864	0	0	0	56896.5	209.367	49.2115
0.00888	0	0	0	56904.8	209.466	49.1949
0.00912	0	0	0	56913	209.566	49.1783
0.00936	0	0	0	56921.2	209.665	49.1617
0.0096	0	0	0	56929.7	209.768	49.1446
0.00984	0	1	0	56938.3	209.873	49.1273
0.01008	0	0	0	56946.9	209.977	49.11
0.01032	0	0	0	56955.6	210.082	49.0926
0.01056	0	0	0	56964.6	210.192	49.0745
0.0108	0	0	0	56973.6	210.301	49.0565
0.01104	0	1	0	56982.6	210.411	49.0384
0.01128	0	0	0	56991.9	210.524	49.0198
0.01152	0	2	0	57001.4	210.639	49.0009
0.01176	0	0	0	57010.8	210.754	48.982
0.012	0	0	0	57020.3	210.869	48.9632
0.01224	0	0	0	57030.2	210.99	48.9434
0.01248	0	0	0	57040.2	211.111	48.9236
0.01272	0	3	0	57050.1	211.239	48.9088
0.01296	0	0	2	57060.3	211.369	48.8941
0.0132	0	0	0	57070.7	211.503	48.879
0.01344	0	0	0	57081.2	211.637	48.8638
0.01368	0	1	1	57091.6	211.771	48.8487
0.01392	0	1	0	57102.5	211.912	48.833
0.01416	0	0	0	57113.5	212.053	48.8171
0.0144	0	0	0	57124.5	212.194	48.8013
0.01464	0	0	0	57135.7	212.337	48.7852
0.01488	0	3	0	57147.2	212.486	48.7686
0.01512	0	2	0	57158.8	212.635	48.7519
0.01536	0	1	0	57170.3	212.784	48.7353
0.0156	0	0	1	57182.3	212.938	48.7181
0.01584	0	0	0	57194.5	213.095	48.7006
0.01608	0	1	0	57206.7	213.252	48.6832
0.01632	0	1	1	57219	213.41	48.6656
0.01656	0	5	1	57231.8	213.576	48.6473
0.0168	0	1	0	57244.6	213.741	48.6289
0.01704	0	3	0	57257.5	213.907	48.6106
0.01728	0	0	1	57270.7	214.078	48.5917
0.01752	0	0	1	57284.3	214.253	48.5724
0.01776	0	5	2	57297.8	214.428	48.5532
0.018	0	4	1	57311.4	214.603	48.5339
0.01824	0	3	0	57325.7	214.788	48.5136
0.01848	0	4	0	57340	214.973	48.4934
0.01872	0	1	3	57354.3	215.159	48.4731
0.01896	0	8	1	57369	215.348	48.4524
0.0192	0	4	2	57384.2	215.544	48.431
0.01944	0	3	1	57399.3	215.741	48.4096
0.01968	0	2	2	57414.5	215.937	48.3883
0.01992	0	4	3	57430.4	216.143	48.3659
0.02016	0	4	1	57446.4	216.351	48.3434
0.0204	0	3	4	57462.5	216.559	48.3209
0.02064	0	3	0	57478.8	216.771	48.298
0.02088	0	4	0	57495.8	216.992	48.2743
0.02112	0	6	0	57512.8	217.212	48.2506
0.02136	0	7	0	57529.8	217.433	48.2269
0.0216	0	7	2	57547.5	217.664	48.2022
0.02184	0	6	0	57565.5	217.898	48.1771
0.02208	0	8	0	57583.5	218.133	48.1521
0.02232	0	9	4	57601.7	218.369	48.1269
0.02256	0	7	2	57620.9	218.619	48.1004
0.0228	0	6	3	57640.1	218.869	48.0739
0.02304	0	7	1	57659.2	219.119	48.0475
0.02328	0	8	1	57679.1	219.378	48.0201
0.02352	0	5	7	57699.5	219.644	47.9921
0.02376	0	19	2	57719.9	219.91	47.9641
0.024	0	13	3	57740.3	220.176	47.9361
0.02424	0	11	5	57762	220.46	47.9065
0.02448	0	13	3	57783.7	220.744	47.8768
0.02472	0	16	4	57805.4	221.028	47.8472
0.02496	0	17	2	57827.7	221.32	47.8169
0.0252	0	14	4	57850.9	221.624	47.7854
0.02544	0	15	6	57874.1	221.927	47.7541
0.02568	0	13	0	57897.2	222.231	47.7228
0.02592	0	17	4	57921.7	222.552	47.6897
0.02616	0	24	3	57946.4	222.877	47.6564
0.0264	0	24	4	57971.1	223.201	47.6232
0.02664	0	25	3	57996.3	223.533	47.5894
0.02688	0	27	4	58022.8	223.88	47.5541
0.02712	0	35	4	58049.2	224.228	47.5188
0.02736	0	30	5	58075.6	224.576	47.4836
0.0276	0	26	5	58103.4	224.942	47.4467
0.02784	0	33	4	58131.7	225.316	47.4091
0.02808	0	36	4	58160.1	225.69	47.3717
0.02832	0	27	8	58188.7	226.068	47.3339
0.02856	0	37	9	58219.1	226.469	47.2939
0.0288	0	44	5	58249.5	226.871	47.254
0.02904	0	52	9	58279.9	227.273	47.2142
0.02928	0	51	3	58311.6	227.693	47.1729
0.02952	0	42	6	58344.2	228.125	47.1304
0.02976	0	54	9	58376.8	228.557	47.0881
0.03	0	69	5	58409.4	228.99	47.0459
0.03024	0	77	8	58444.5	229.457	47.0005
0.03048	0	65	9	58479.7	229.923	46.9553
0.03072	0	74	9	58514.8	230.39	46.9103
0.03096	0	80	12	58551.1	230.874	46.8638
0.0312	0	75	11	58589	231.379	46.8155
0.03144	0	71	5	58626.9	231.884	46.7673
0.03168	0	102	7	58664.8	232.39	46.7193
0.03192	0	88	7	58705.2	232.93	46.6683
0.03216	0	99	8	58746.1	233.477	46.6168
0.0324	0	119	11	58787	234.014	46.5599
0.03264	0	131	8	58828.8	234.538	46.487
0.03288	0	139	7	58872.9	235.092	46.4103
0.03312	0	145	7	58917.1	235.645	46.3336
0.03336	0	160	6	58961.2	236.199	46.2571
0.0336	0	154	11	59007.9	236.784	46.1763
0.03384	0	193	9	59055.6	237.383	46.0939
0.03408	0	207	11	59103.3	237.981	46.0117
0.03432	0	250	7	59151.5	238.586	45.9286
0.03456	0	227	6	59203.3	239.236	45.8397
0.0348	0	229	10	59255.1	239.885	45.751
0.03504	0	233	7	59306.8	240.534	45.6625
0.03528	0	279	6	59361.2	241.216	45.5698
0.03552	0	282	12	59417.4	241.921	45.474
0.03576	0	335	4	59473.6	242.626	45.3785
0.036	0	349	10	59529.9	243.331	45.2831
0.03624	0	355	7	59591	244.097	45.1798
0.03648	0	401	6	59652.1	244.863	45.0767
0.03672	0	445	10	59713.1	245.629	44.9739
0.03696	0	469	6	59776.5	246.423	44.8675
0.0372	0	485	11	59843	247.255	44.7562
0.03744	0	519	1	59909.4	248.087	44.6452
0.03768	0	586	4	59975.8	248.919	44.5345
0.03792	0	614	5	60047.3	249.813	44.4159
0.03816	0	656	1	60119.5	250.717	44.2962
0.0384	0	759	2	60191.7	251.621	44.1769
0.03864	0	770	8	60265.8	252.546	44.0549
0.03888	0	801	4	60344.4	253.528	43.9259
0.03912	0	924	5	60422.9	254.509	43.7973
0.03936	0	1115	3	60501.5	255.489	43.6691
0.0396	0	999	7	60585.1	256.565	43.5597
0.03984	0	1139	2	60670.7	257.672	43.4514
0.04008	0	1156	13	60756.3	258.783	43.3439
0.04032	0	1438	13	60843.1	259.91	43.2357
0.04056	0	1322	3	60936.8	261.13	43.1197
0.0408	0	1439	4	61030.5	262.354	43.0045
0.04104	0	1604	8	61124.3	263.58	42.8902
0.04128	0	1683	8	61222.8	264.872	42.7709
0.04152	0	1915	5	61325	266.216	42.6481
0.04176	0	1918	8	61427.1	267.563	42.5264
0.042	0	2100	8	61529.3	268.913	42.4057
0.04224	0	2332	5	61640.5	270.386	42.2753
0.04248	0	2548	10	61751.8	271.864	42.1462
0.04272	0	2575	11	61863	273.345	42.0181
0.04296	0	2937	12	61978.4	274.886	41.8865
0.0432	0	3063	9	62099.3	276.506	41.7498
0.04344	0	3211	8	62220.3	278.13	41.6145
0.04368	0	3578	5	62341.2	279.787	41.4548
0.04392	0	3945	7	62471.1	281.573	41.2777
0.04416	0	4016	5	62602.6	283.377	41.0998
0.0444	0	4338	5	62734	285.179	40.9233
0.04464	0	4811	5	62868.6	287.021	40.7439
0.04488	0	4856	10	63011.1	288.968	40.5554
0.04512	0	5403	5	63153.6	290.912	40.3685
0.04536	0	6017	2	63296.1	292.851	40.1831
0.0456	0	6148	6	63446.4	294.892	39.9892
0.04584	0	6692	4	63599.9	296.97	39.793
0.04608	0	7341	6	63753.3	299.043	39.5985
0.04632	0	7734	6	63908.3	301.131	39.4037
0.04656	0	8222	7	64072.9	303.261	39.2186
0.0468	0	8766	6	64237.5	305.323	39.0507
0.04704	0	9729	2	64402.1	307.377	38.885
0.04728	0	10273	4	64571.9	309.49	38.7161
0.04752	0	10993	5	64745.7	311.643	38.5457
0.04776	0	11907	2	64919.5	313.787	38.3775
0.048	0	12528	4	65093.3	315.922	38.2117
0.04824	0	13714	1	65275.7	318.152	38.04
0.04848	0	14630	6	65458.1	320.372	37.8708
0.04872	0	15864	4	65640.5	322.579	37.704
0.04896	0	16831	4	65826.1	324.842	37.5283
0.0492	0	17698	0	66015.8	327.189	37.3419
0.04944	0	18864	5	66205.5	329.557	37.1533
0.04968	0	20213	5	66395.3	331.947	36.9628
0.04992	0	22027	2	66587.7	334.393	36.7675
0.05016	0	23404	4	66780.5	336.867	36.5698
0.0504	0	24646	8	66973.4	339.364	36.3701
0.05064	0	26778	8	67165.9	341.879	36.169
0.05088	0	28279	4	67357.2	344.403	35.9672
0.05112	0	30159	3	67548.5	347.044	35.7462
0.05136	0	32355	3	67739.9	349.787	35.5119
0.0516	0	34354	2	67924.1	352.44	35.2906
0.05184	0	36456	4	68105.4	355.064	35.0766
0.05208	0	39191	3	68286.7	357.7	34.8665
0.05232	0	41219	2	68465.7	360.312	34.6628
0.05256	0	44021	5	68630.4	362.726	34.4785
0.0528	0	46541	4	68795.2	365.15	34.2973
0.05304	0	49216	2	68959.9	367.583	34.1191
0.05328	0	53047	3	69106.3	369.754	33.9632
0.05352	0	55863	0	69239.1	371.682	33.8452
0.05376	0	58695	4	69371.8	373.543	33.7574
0.054	0	62472	1	69504.5	375.397	33.6694
0.05424	0	65554	2	69598.7	376.709	33.607
0.05448	0	69303	4	69692.9	378.018	33.5444
0.05472	0	73421	4	69787.1	379.323	33.4818
0.05496	0	75970	2	69860.7	380.341	33.4327
0.0552	0	80896	3	69907	380.979	33.4019
0.05544	0	84637	6	69953.2	381.616	33.3711
0.05568	0	88976	4	69999.5	382.252	33.3402
0.05592	0	92578	4	69992.4	382.156	33.3449
0.05616	0	96615	3	69976.5	381.937	33.3556
0.0564	0	101507	2	69960.6	381.718	33.3662
0.05664	0	105052	4	69926.1	381.243	33.3891
0.05688	0	110401	4	69845.2	380.127	33.443
0.05712	0	115073	3	69764.3	379.008	33.4969
0.05736	0	118765	5	69683.4	377.887	33.5507
0.0576	0	122404	1	69551.5	376.052	33.6383
0.05784	0	126748	0	69399.1	373.926	33.7393
0.05808	0	132393	4	69246.8	371.791	33.8401
0.05832	0	134526	4	69086.5	369.46	33.9841
0.05856	0	138883	1	68878.7	366.383	34.2065
0.0588	0	143577	5	68671	363.322	34.4337
0.05904	0	146907	2	68463.2	360.275	34.6656
0.05928	0	149950	0	68225.1	356.803	34.9374
0.05952	0	152521	7	67964.4	353.023	35.2427
0.05976	0	155570	3	67703.6	349.267	35.556
0.06	0	158538	2	67442.8	345.54	35.8763
0.06024	0	161595	8	67148.2	341.647	36.1876
0.06048	0	164518	3	66853.5	337.809	36.4945
0.06072	0	167606	4	66558.9	334.025	36.7969
0.06096	0	169185	3	66257.5	330.209	37.1013
0.0612	0	170865	3	65947.1	326.337	37.4096
0.06144	0	173779	3	65636.8	322.534	37.7074
0.06168	0	176172	2	65326.4	318.771	37.9927
0.06192	0	176680	1	65011.5	314.919	38.2894
0.06216	0	176155	2	64695.8	311.026	38.5943
0.0624	0	178524	2	64380.2	307.104	38.9069
0.06264	0	178618	5	64068.9	303.211	39.2228
0.06288	0	179836	5	63768.6	299.25	39.5792
0.06312	0	180605	2	63468.4	295.19	39.961
0.06336	0	181994	2	63168.1	291.109	40.3495
0.0636	0	181188	2	62871	287.054	40.7407
0.06384	0	181899	7	62575.1	283	41.1369
0.06408	0	184010	4	62279.2	278.933	41.5399
0.06432	0	183959	3	61985.8	274.986	41.878
0.06456	0	181706	2	61707.8	271.28	42.197
0.0648	0	183703	2	61429.8	267.598	42.5232
0.06504	0	183780	13	61151.8	263.941	42.8567
0.06528	0	182811	8	60881.3	260.407	43.1883
0.06552	0	181806	7	60616.4	256.97	43.52
0.06576	0	182620	4	60351.5	253.617	43.9142
0.066	0	180791	6	60086.6	250.306	44.3506
0.06624	0	179899	4	59850.9	247.355	44.7429
0.06648	0	181755	7	59615.3	244.402	45.1388
0.06672	0	178140	88	59379.6	241.446	45.5384
0.06696	0	177975	186	59165.4	238.76	45.9048
0.0672	0	175673	523	58980	236.435	46.2246
0.06744	0	176949	973	58794.6	234.109	46.5467
0.06768	0	174121	2099	58609.1	231.648	46.7898
0.06792	0	172036	2665	58464.6	229.724	46.9746
0.06816	0	172486	3348	58326.9	227.896	47.1529
0.0684	0	172936	4028	58189.2	226.074	47.3332
0.06864	0	173352	5587	58071.5	224.522	47.489
0.06888	0	170757	8378	58004	223.633	47.5792
0.06912	0	172408	11134	57936.4	222.745	47.67
0.06936	0	172107	14302	57868.8	221.858	47.7612
0.0696	0	172283	15830	57851.3	221.629	47.7849
0.06984	0	171935	19357	57853.8	221.662	47.7815
0.07008	0	175567	21734	57856.3	221.695	47.7781
0.07032	0	177676	25468	57870.9	221.886	47.7583
0.07056	0	177889	32089	57957.9	223.027	47.641
0.0708	0	179288	33344	58044.8	224.171	47.5246
0.07104	0	182617	37751	58131.8	225.316	47.4091
0.07128	0	182016	44579	58264	227.063	47.2351
0.07152	0	186028	47171	58430.1	229.265	47.0191
0.07176	0	188803	48819	58596.3	231.476	46.8062
0.072	0	190600	57296	58762.4	233.695	46.5964
0.07224	0	194271	61210	58996.7	236.644	46.1956
0.07248	0	197905	64837	59231.1	239.584	45.7922
0.07272	0	203238	69755	59465.4	242.523	45.3925
0.07296	0	207299	76043	59725.6	245.785	44.9529
0.0732	0	212484	80847	60020.5	249.478	44.4604
0.07344	0	219946	84802	60315.3	253.165	43.9736
0.07368	0	224070	90154	60610.1	256.888	43.528
0.07392	0	228990	99319	60953.7	261.351	43.0989
0.07416	0	235874	102647	61305.4	265.958	42.6715
0.0744	0	243168	109737	61657.1	270.607	42.256
0.07464	0	251101	116551	62026.2	275.526	41.8323
0.07488	0	258363	123159	62438.7	281.126	41.3218
0.07512	0	267982	130696	62851.1	286.782	40.7671
0.07536	0	277006	137168	63263.5	292.408	40.2253
0.0756	0	286846	143071	63681.7	298.077	39.689
0.07584	0	296204	150326	64102.2	303.628	39.1886
0.07608	0	309175	155254	64522.7	308.878	38.7649
0.07632	0	322974	163757	64932.9	313.952	38.3646
0.07656	0	337300	172074	65281.7	318.226	38.0344
0.0768	0	350955	177476	65630.5	322.458	37.7131
0.07704	0	368675	185533	65979.3	326.735	37.3779
0.07728	0	387692	198206	66176.5	329.194	37.1823
0.07752	1	407076	205437	66260.2	330.243	37.0986
0.07776	2	432288	211510	66343.9	331.297	37.0146
0.078	1	455464	222212	66427.5	332.355	36.9302
0.07824	3	484397	240859	65936.8	326.209	37.4197
0.07848	8	517212	245848	65446.1	320.226	37.8818
0.07872	20	551564	257211	64955.4	314.229	38.343
0.07896	59	591883	274265	64056.2	303.051	39.2358
0.0792	86	627152	284517	62612.2	283.51	41.0868
0.07944	91	665468	289755	61168.3	264.157	42.8368
0.07968	114	712145	301015	59724.3	245.769	44.9551
0.07992	194	761190	320535	57444	216.32	48.3468
0.08016	251	789711	323319	55024.3	187.673	53.2976
0.0804	333	815469	330705	52604.6	160.446	58.0005
0.08064	382	840749	349339	50114.7	133.571	64.8723
0.08088	436	860475	366944	47449.2	109.046	75.7072
0.08112	519	853639	365643	44783.7	85.425	93.0256
0.08136	659	848921	382896	42118.2	61.5701	97.0306
0.0816	740	858205	426373	39983.5	45.9347	110.177
0.08184	865	850957	444273	38061.1	36.7497	133.23
0.08208	954	853196	475031	36138.8	26.5694	158.023
0.08232	936	863206	536301	34400.1	16.8462	169.927
0.08256	1051	876377	604910	33762.8	14.6283	179.835
0.0828	1114	873240	608324	33125.6	12.7403	191.901
0.08304	1111	882472	651709	32488.3	11.1322	205.784
0.08328	1174	900900	732281	32480.6	11.1136	205.955
0.08352	1223	905585	757065	32944.9	12.2575	195.76
0.08376	1279	909355	756302	33409.3	13.5437	186.242
0.084	1378	929696	807872	33873.6	14.9886	177.966
0.08424	1373	956458	906603	34882.4	19.1358	165.993
0.08448	1438	951486	834850	35891.2	24.9509	159.518
0.08472	1609	964127	847875	36900	30.8581	149.112
0.08496	1624	982822	930658	37907.7	36.0364	135.377
0.0852	1722	988836	950923	38914.1	40.719	122.164
0.08544	1902	990277	874619	39920.6	45.5903	110.8
0.08568	2007	1.0107e+06	904049	40927	51.6873	102.33
0.08592	2073	1.04041e+06	1.04866e+06	41567.5	56.4818	98.6841
0.08616	2300	1.02779e+06	884977	42146.9	61.845	96.9589
0.0864	2418	1.03305e+06	858467	42726.4	67.5698	95.8191
0.08664	2680	1.06782e+06	960297	43159	72.0835	95.3376
0.08688	2910	1.08558e+06	1.02068e+06	43224.3	72.6355	95.307
0.08712	3029	1.07419e+06	842676	43289.6	73.1773	95.2724
0.08736	3191	1.08684e+06	887591	43354.9	73.7191	95.2324
0.0876	3468	1.11299e+06	1.08037e+06	43145.1	71.935	95.3482
0.08784	3802	1.10139e+06	929695	42825.2	68.582	95.6817
0.08808	4061	1.1045e+06	857187	42505.3	65.3418	96.1865
0.08832	4309	1.13321e+06	976345	42136.2	61.7419	96.9856
0.08856	4516	1.16605e+06	1.12989e+06	41471.8	55.6304	99.0273
0.0888	4626	1.16839e+06	890460	40807.4	50.893	103.18
0.08904	4949	1.20306e+06	928317	40143	46.8287	108.658
0.08928	4945	1.25878e+06	1.15414e+06	39425.2	43.1217	116.148
0.08952	5209	1.26243e+06	1.09448e+06	38667.3	39.563	125.23
0.08976	5523	1.26807e+06	961720	37909.4	36.0443	135.353
0.09	5530	1.2959e+06	1.09605e+06	37151.5	32.2059	145.801
0.09024	5557	1.34908e+06	1.3743e+06	36894	30.8258	149.189
0.09048	5422	1.31402e+06	1.06996e+06	36636.5	29.422	152.479
0.09072	5754	1.31894e+06	1.11235e+06	36379.1	28.0032	155.661
0.09096	5809	1.35558e+06	1.36116e+06	36440.6	28.3432	154.911
0.0912	5876	1.35099e+06	1.36775e+06	36927.5	31.0069	148.754
0.09144	5904	1.3334e+06	1.18624e+06	37414.4	33.5814	142.251
0.09168	6127	1.3381e+06	1.27875e+06	37901.3	36.0055	135.468
0.09192	6174	1.38197e+06	1.51759e+06	38602.9	39.2626	126.046
0.09216	6105	1.3543e+06	1.29198e+06	39340.4	42.7227	117.116
0.0924	6212	1.35473e+06	1.22918e+06	40077.9	46.4603	109.268
0.09264	6405	1.37984e+06	1.35613e+06	40722.4	50.3407	103.808
0.09288	6731	1.40749e+06	1.50272e+06	41134.4	53.114	100.95
0.09312	6914	1.38967e+06	1.21988e+06	41546.4	56.2934	98.7583
0.09336	7138	1.40264e+06	1.24949e+06	41958.4	60.0604	97.4548
0.0936	7528	1.44832e+06	1.53391e+06	42084.7	61.2517	97.1157
0.09384	7721	1.43568e+06	1.3365e+06	42096.8	61.3664	97.0847
0.09408	7868	1.44068e+06	1.21404e+06	42108.8	61.4813	97.0541
0.09432	8244	1.46511e+06	1.35777e+06	42107.5	61.469	97.0573
0.09456	8467	1.51116e+06	1.64116e+06	42026.1	60.6973	97.2694
0.0948	8873	1.48782e+06	1.27002e+06	41944.7	59.9326	97.4931
0.09504	9060	1.49885e+06	1.30557e+06	41863.3	59.175	97.7286
0.09528	9475	1.5458e+06	1.63179e+06	41844.1	58.9978	97.7857
0.09552	9504	1.54624e+06	1.5328e+06	41871.7	59.2527	97.7038
0.09576	9807	1.54698e+06	1.33148e+06	41899.2	59.5084	97.6233
0.096	10268	1.56975e+06	1.49108e+06	41926.7	59.7649	97.5441
0.09624	10544	1.63683e+06	1.76877e+06	41998.1	60.4335	97.345
0.09648	10786	1.60745e+06	1.46676e+06	42069.5	61.1076	97.155
0.09672	11183	1.62588e+06	1.43995e+06	42140.9	61.7871	96.9738
0.09696	11415	1.6753e+06	1.69022e+06	42209	62.441	96.8092
0.0972	11845	1.69204e+06	1.72085e+06	42272.9	63.0581	96.6622
0.09744	12109	1.69079e+06	1.51986e+06	42336.7	63.6796	96.5223
0.09768	12443	1.71373e+06	1.60893e+06	42400.6	64.3055	96.3894
0.09792	13012	1.78306e+06	1.90794e+06	42454.1	64.8343	96.2833
0.09816	13399	1.75726e+06	1.6324e+06	42506	65.3492	96.1851
0.0984	13861	1.77552e+06	1.59476e+06	42557.9	65.8671	96.0916
0.09864	14051	1.82683e+06	1.76115e+06	42636.3	66.6559	95.9588
0.09888	14619	1.85782e+06	1.99999e+06	42781.3	68.1306	95.7408
0.09912	15139	1.84484e+06	1.63645e+06	42926.2	69.6284	95.558
0.09936	15487	1.88553e+06	1.74168e+06	43071.1	71.1494	95.4102
0.0996	15841	1.96451e+06	2.1795e+06	43251.5	72.8608	95.2933
0.09984	16681	1.95469e+06	1.90141e+06	43446	74.4745	95.1676
0.10008	16950	1.96864e+06	1.72459e+06	43640.6	76.0862	94.994
0.10032	17576	2.02976e+06	2.00223e+06	43814.2	77.5214	94.7989
0.10056	17979	2.11104e+06	2.23466e+06	43862.2	77.9175	94.7383
0.1008	18848	2.08325e+06	1.91503e+06	43910.2	78.3133	94.6749
0.10104	19163	2.11568e+06	1.95566e+06	43958.2	78.7087	94.6085
0.10128	19595	2.21114e+06	2.24039e+06	43852.1	77.834	94.7514
0.10152	20339	2.21827e+06	2.22312e+06	43630.4	76.0016	95.0043
0.10176	20777	2.22547e+06	1.9929e+06	43408.6	74.1646	95.1955
0.102	21727	2.29921e+06	2.12567e+06	43186.9	72.3254	95.3243
0.10224	22248	2.4268e+06	2.77839e+06	42426.4	64.5598	96.3377
0.10248	22438	2.37978e+06	2.06842e+06	41665.8	57.3669	98.3489
0.10272	22629	2.43973e+06	2.04424e+06	40905.2	51.5414	102.482
0.10296	22875	2.56418e+06	2.49793e+06	40156	46.9028	108.538
0.1032	22620	2.5887e+06	2.51988e+06	39421.8	43.1059	116.186
0.10344	22556	2.57732e+06	2.2644e+06	38687.7	39.6583	124.972
0.10368	22956	2.6178e+06	2.53673e+06	37953.5	36.2542	134.727
0.10392	22906	2.74866e+06	3.01802e+06	37680.3	34.9281	138.576
0.10416	22756	2.72212e+06	2.61555e+06	37484	33.9386	141.297
0.1044	22380	2.76089e+06	2.45256e+06	37287.6	32.9232	143.973
0.10464	21693	2.87221e+06	2.86458e+06	37088.7	31.8725	146.635
0.10488	21531	2.95013e+06	3.346e+06	36883.5	30.7693	149.325
0.10512	21543	2.91707e+06	2.63659e+06	36678.3	29.6512	151.952
0.10536	20830	2.97356e+06	2.7747e+06	36473.1	28.5228	154.511
0.1056	20497	3.09891e+06	3.14723e+06	36469.9	28.5048	154.551
0.10584	19970	3.04723e+06	2.92574e+06	36547.4	28.9321	153.593
0.10608	19471	3.04387e+06	2.79304e+06	36624.9	29.3582	152.625
0.10632	19468	3.12283e+06	3.09435e+06	36760.3	30.0991	150.911
0.10656	19107	3.23916e+06	3.99485e+06	37242.7	32.6878	144.579
0.1068	18787	3.17033e+06	2.97745e+06	37725.2	35.1502	137.949
0.10704	18615	3.18661e+06	3.05032e+06	38207.7	37.4257	131.232
0.10728	18514	3.29384e+06	3.46184e+06	38537.9	38.959	126.88
0.10752	18571	3.24336e+06	3.30288e+06	38753.9	39.968	124.142
0.10776	18213	3.18908e+06	2.86536e+06	38969.9	40.9806	121.486
0.108	18103	3.22464e+06	3.092e+06	39185.9	41.9956	118.911
0.10824	18409	3.39017e+06	4.07267e+06	38890.7	40.6091	122.45
0.10848	18267	3.25804e+06	3.01513e+06	38595.5	39.2279	126.141
0.10872	18246	3.26906e+06	3.02449e+06	38300.3	37.8547	129.99
0.10896	18069	3.35068e+06	3.29384e+06	37965.4	36.3095	134.559
0.1092	17921	3.32702e+06	3.54168e+06	37577.5	34.4133	140.006
0.10944	17625	3.23853e+06	2.94263e+06	37189.6	32.4077	145.292
0.10968	17419	3.26118e+06	3.25882e+06	36801.7	30.3248	150.381
0.10992	17232	3.39495e+06	3.76454e+06	36608	29.2654	152.837
0.11016	17025	3.25805e+06	3.18344e+06	36446.7	28.3768	154.836
0.1104	16387	3.23338e+06	2.98345e+06	36285.4	27.4849	156.79
0.11064	16311	3.30131e+06	3.19971e+06	36121.9	26.456	158.125
0.11088	15882	3.32473e+06	3.9809e+06	35952.8	25.3465	159.143
0.11112	15647	3.183e+06	3.02082e+06	35783.8	24.2732	160.178
0.11136	15200	3.16203e+06	3.06451e+06	35614.8	23.2357	161.23
0.1116	14637	3.26482e+06	3.38684e+06	35501.1	22.558	161.947
0.11184	14345	3.12802e+06	3.15638e+06	35409.7	22.0238	162.53
0.11208	13842	3.03349e+06	2.81861e+06	35318.2	21.4996	163.118
0.11232	13614	3.04478e+06	3.07342e+06	35214.4	20.9167	163.792
0.11256	13057	3.10456e+06	3.7965e+06	35036.5	19.9467	164.963
0.1128	12595	2.93164e+06	2.83899e+06	34858.6	19.0128	166.154
0.11304	12355	2.91336e+06	2.80657e+06	34680.7	18.1143	167.365
0.11328	11804	2.97578e+06	3.08071e+06	34419.7	16.9206	169.652
0.11352	11532	2.85961e+06	2.96755e+06	34096.5	15.7448	174.397
0.11376	11161	2.73118e+06	2.63663e+06	33773.3	14.662	179.655
0.114	10611	2.72383e+06	2.74054e+06	33450.1	13.6641	185.466
0.11424	10313	2.81607e+06	3.26261e+06	33386.2	13.4764	186.684
0.11448	9892	2.62609e+06	2.66381e+06	33322.4	13.2916	187.925
0.11472	9559	2.56544e+06	2.5457e+06	33258.5	13.1097	189.189
0.11496	9076	2.59936e+06	2.8636e+06	33258.5	13.1096	189.19
0.1152	8688	2.54696e+06	2.93272e+06	33343.5	13.3524	187.511
0.11544	8412	2.43614e+06	2.47376e+06	33428.6	13.6005	185.874
0.11568	7941	2.44667e+06	2.51992e+06	33513.6	13.8539	184.279
0.11592	7626	2.5335e+06	2.9738e+06	33553.6	13.9748	183.544
0.11616	7575	2.38295e+06	2.5335e+06	33586	14.0738	182.954
0.1164	7239	2.34549e+06	2.29836e+06	33618.4	14.1736	182.369
0.11664	6936	2.40885e+06	2.62165e+06	33722.5	14.4996	180.532
0.11688	6687	2.37696e+06	2.91521e+06	34005.6	15.4313	175.822
0.11712	6253	2.15806e+06	2.32668e+06	34288.8	16.4326	171.514
0.11736	6156	2.07878e+06	2.31177e+06	34572	17.5824	168.116
0.1176	6015	2.10419e+06	2.79035e+06	34655.1	17.9881	167.541
0.11784	5826	1.91253e+06	2.28715e+06	34658.2	18.0034	167.52
0.11808	5647	1.82803e+06	1.95933e+06	34661.3	18.0188	167.498
0.11832	5571	1.90013e+06	2.13611e+06	34863.6	19.0384	166.12
0.11856	5404	2.0445e+06	2.64678e+06	36260.3	27.3463	157.088
0.1188	5429	2.22181e+06	2.15959e+06	37657.1	34.8126	138.9
0.11904	5334	2.48804e+06	2.46516e+06	39053.9	41.3751	120.475
0.11928	5512	2.71258e+06	3.11828e+06	46290.8	100.729	84.6942
0.11952	5167	2.79864e+06	3.25639e+06	57907.7	222.369	47.7086
0.11976	0	2.71599e+06	1.91446e+06	69524.6	375.678	33.6561
