0	0	0	0	56651.5	206.417	49.7127
0.00024	0	0	0	56656.7	206.48	49.7019
0.00048	0	0	0	56662	206.543	49.691
0.00072	0	0	0	56667.2	206.606	49.6802
0.00096	0	0	0	56672.5	206.669	49.6692
0.0012	0	0	0	56678	206.735	49.6579
0.00144	0	0	0	56683.5	206.8	49.6466
0.00168	0	0	0	56688.9	206.866	49.6353
0.00192	0	0	0	56694.6	206.933	49.6237
0.00216	0	0	0	56700.2	207.001	49.612
0.0024	0	0	0	56705.9	207.07	49.6003
0.00264	0	0	0	56711.7	207.139	49.5884
0.00288	0	0	0	56717.6	207.21	49.5762
0.00312	0	0	0	56723.5	207.281	49.5641
0.00336	0	0	0	56729.4	207.352	49.5519
0.0036	0	0	0	56735.5	207.425	49.5394
0.00384	0	0	0	56741.7	207.499	49.5267
0.00408	0	0	0	56747.9	207.573	49.514
0.00432	0	0	0	56754.1	207.648	49.5013
0.00456	0	0	0	56760.5	207.726	49.4881
0.0048	0	0	0	56767	207.803	49.4749
0.00504	0	0	0	56773.4	207.881	49.4617
0.00528	0	0	0	56780	207.96	49.4482
0.00552	0	0	0	56786.7	208.041	49.4345
0.00576	0	0	0	56793.4	208.122	49.4208
0.006	0	0	0	56800.2	208.203	49.407
0.00624	0	0	0	56807.2	208.288	49.3927
0.00648	0	0	0	56814.2	208.372	49.3784
0.00672	0	0	0	56821.2	208.457	49.3641
0.00696	0	0	0	56828.4	208.543	49.3496
0.0072	0	0	0	56835.7	208.632	49.3346
0.00744	0	0	0	56843.1	208.72	49.3197
0.00768	0	0	0	56850.4	208.809	49.3048
0.00792	0	0	0	56858	208.901	49.2894
0.00816	0	0	0	56865.7	208.994	49.2738
0.0084	0	0	0	56873.4	209.087	49.2583
0.00864	0	0	0	56881.2	209.181	49.2425
0.00888	0	0	0	56889.2	209.278	49.2263
0.00912	0	0	0	56897.2	209.375	49.2101
0.00936	0	0	0	56905.2	209.472	49.1939
0.0096	0	0	0	56913.5	209.573	49.1771
0.00984	0	1	0	56922	209.675	49.1602
0.01008	0	0	0	56930.4	209.777	49.1433
0.01032	0	0	0	56938.8	209.879	49.1262
0.01056	0	0	0	56947.6	209.986	49.1085
0.0108	0	0	0	56956.5	210.093	49.0908
0.01104	0	1	0	56965.3	210.2	49.0732
0.01128	0	0	0	56974.3	210.31	49.055
0.01152	0	2	0	56983.6	210.422	49.0365
0.01176	0	0	0	56992.8	210.535	49.0181
0.012	0	0	0	57002	210.647	48.9996
0.01224	0	0	0	57011.7	210.765	48.9802
0.01248	0	0	0	57021.4	210.883	48.9609
0.01272	0	3	0	57031.1	211.001	48.9416
0.01296	0	0	2	57041	211.122	48.922
0.0132	0	0	0	57051.2	211.253	48.9072
0.01344	0	0	0	57061.4	211.384	48.8924
0.01368	0	1	1	57071.6	211.514	48.8777
0.01392	0	1	0	57082.2	211.651	48.8623
0.01416	0	0	0	57093	211.788	48.8468
0.0144	0	0	0	57103.7	211.926	48.8313
0.01464	0	0	0	57114.5	212.066	48.8156
0.01488	0	3	0	57125.8	212.211	48.7994
0.01512	0	2	0	57137.1	212.355	48.7832
0.01536	0	1	0	57148.3	212.5	48.767
0.0156	0	0	1	57160	212.651	48.7502
0.01584	0	0	0	57171.9	212.803	48.7331
0.01608	0	1	0	57183.7	212.956	48.7161
0.01632	0	1	1	57195.7	213.11	48.699
0.01656	0	5	1	57208.2	213.271	48.6811
0.0168	0	1	0	57220.7	213.432	48.6632
0.01704	0	3	0	57233.2	213.593	48.6453
0.01728	0	0	1	57246.1	213.76	48.6269
0.01752	0	0	1	57259.2	213.93	48.6081
0.01776	0	5	2	57272.4	214.1	48.5893
0.018	0	4	1	57285.6	214.27	48.5706
0.01824	0	3	0	57299.5	214.45	48.5508
0.01848	0	4	0	57313.4	214.63	48.531
0.01872	0	1	3	57327.3	214.809	48.5113
0.01896	0	8	1	57341.6	214.994	48.4911
0.0192	0	4	2	57356.3	215.184	48.4703
0.01944	0	3	1	57371	215.375	48.4495
0.01968	0	2	2	57385.8	215.565	48.4287
0.01992	0	4	3	57401.2	215.765	48.407
0.02016	0	4	1	57416.8	215.967	48.385
0.0204	0	3	4	57432.3	216.169	48.3632
0.02064	0	3	0	57448.2	216.374	48.3409
0.02088	0	4	0	57464.7	216.588	48.3178
0.02112	0	6	0	57481.1	216.802	48.2947
0.02136	0	7	0	57497.6	217.016	48.2717
0.0216	0	7	2	57514.8	217.239	48.2477
0.02184	0	6	0	57532.3	217.466	48.2234
0.02208	0	8	0	57549.8	217.693	48.199
0.02232	0	9	4	57567.4	217.922	48.1745
0.02256	0	7	2	57585.9	218.164	48.1488
0.0228	0	6	3	57604.5	218.405	48.1231
0.02304	0	7	1	57623	218.647	48.0974
0.02328	0	8	1	57642.3	218.898	48.0708
0.02352	0	5	7	57662	219.155	48.0436
0.02376	0	19	2	57681.7	219.412	48.0165
0.024	0	13	3	57701.4	219.669	47.9894
0.02424	0	11	5	57722.4	219.943	47.9606
0.02448	0	13	3	57743.4	220.217	47.9319
0.02472	0	16	4	57764.4	220.492	47.9032
0.02496	0	17	2	57785.9	220.774	47.8737
0.0252	0	14	4	57808.3	221.066	47.8433
0.02544	0	15	6	57830.7	221.359	47.8129
0.02568	0	13	0	57853	221.651	47.7826
0.02592	0	17	4	57876.6	221.961	47.7506
0.02616	0	24	3	57900.5	222.273	47.7184
0.0264	0	24	4	57924.3	222.586	47.6862
0.02664	0	25	3	57948.6	222.905	47.6535
0.02688	0	27	4	57974	223.239	47.6194
0.02712	0	35	4	57999.5	223.574	47.5853
0.02736	0	30	5	58024.9	223.908	47.5512
0.0276	0	26	5	58051.6	224.26	47.5156
0.02784	0	33	4	58078.9	224.619	47.4793
0.02808	0	36	4	58106.1	224.978	47.4431
0.02832	0	27	8	58133.6	225.341	47.4066
0.02856	0	37	9	58162.8	225.726	47.3681
0.0288	0	44	5	58192	226.111	47.3296
0.02904	0	52	9	58221.1	226.496	47.2912
0.02928	0	51	3	58251.5	226.898	47.2514
0.02952	0	42	6	58282.8	227.311	47.2105
0.02976	0	54	9	58314	227.725	47.1697
0.03	0	69	5	58345.3	228.14	47.129
0.03024	0	77	8	58378.9	228.585	47.0854
0.03048	0	65	9	58412.5	229.031	47.0419
0.03072	0	74	9	58446.1	229.477	46.9985
0.03096	0	80	12	58480.8	229.938	46.9539
0.0312	0	75	11	58516.9	230.419	46.9075
0.03144	0	71	5	58553.1	230.901	46.8613
0.03168	0	102	7	58589.2	231.382	46.8152
0.03192	0	88	7	58627.8	231.896	46.7662
0.03216	0	99	8	58666.7	232.416	46.7169
0.0324	0	119	11	58705.6	232.936	46.6677
0.03264	0	131	8	58745.4	233.467	46.6177
0.03288	0	139	7	58787.3	234.018	46.5593
0.03312	0	145	7	58829.3	234.544	46.4862
0.03336	0	160	6	58871.2	235.07	46.4133
0.0336	0	154	11	58915.5	235.625	46.3364
0.03384	0	193	9	58960.7	236.192	46.258
0.03408	0	207	11	59005.9	236.76	46.1797
0.03432	0	250	7	59051.6	237.333	46.1007
0.03456	0	227	6	59100.5	237.947	46.0164
0.0348	0	229	10	59149.5	238.56	45.9322
0.03504	0	233	7	59198.4	239.174	45.8482
0.03528	0	279	6	59249.6	239.816	45.7604
0.03552	0	282	12	59302.6	240.481	45.6698
0.03576	0	335	4	59355.5	241.145	45.5794
0.036	0	349	10	59408.5	241.809	45.4892
0.03624	0	355	7	59465.8	242.528	45.3917
0.03648	0	401	6	59523.2	243.247	45.2945
0.03672	0	445	10	59580.5	243.966	45.1975
0.03696	0	469	6	59639.9	244.711	45.0972
0.0372	0	485	11	59702	245.489	44.9926
0.03744	0	519	1	59764.2	246.268	44.8882
0.03768	0	586	4	59826.3	247.046	44.7841
0.03792	0	614	5	59892.8	247.88	44.6729
0.03816	0	656	1	59960.1	248.723	44.5607
0.0384	0	759	2	60027.4	249.565	44.4488
0.03864	0	770	8	60096.3	250.427	44.3345
0.03888	0	801	4	60169.2	251.339	44.214
0.03912	0	924	5	60242.1	252.25	44.0939
0.03936	0	1115	3	60315	253.161	43.9741
0.0396	0	999	7	60392.3	254.127	43.8474
0.03984	0	1139	2	60471.4	255.114	43.7182
0.04008	0	1156	13	60550.5	256.118	43.6037
0.04032	0	1438	13	60630.5	257.152	43.5022
0.04056	0	1322	3	60716.5	258.266	43.3938
0.0408	0	1439	4	60802.6	259.383	43.2862
0.04104	0	1604	8	60888.6	260.502	43.1793
0.04128	0	1683	8	60978.8	261.677	43.068
0.04152	0	1915	5	61072	262.896	42.9538
0.04176	0	1918	8	61165.3	264.118	42.8404
0.042	0	2100	8	61258.6	265.342	42.7278
0.04224	0	2332	5	61359.5	266.67	42.6069
0.04248	0	2548	10	61460.4	268.002	42.487
0.04272	0	2575	11	61561.3	269.336	42.3681
0.04296	0	2937	12	61665.7	270.72	42.246
0.0432	0	3063	9	61774.8	272.17	42.1196
0.04344	0	3211	8	61883.8	273.623	41.9943
0.04368	0	3578	5	61992.8	275.08	41.8701
0.04392	0	3945	7	62109.2	276.639	41.7387
0.04416	0	4016	5	62226.9	278.219	41.6071
0.0444	0	4338	5	62344.5	279.832	41.4503
0.04464	0	4811	5	62464.7	281.484	41.2864
0.04488	0	4856	10	62591.3	283.222	41.115
0.04512	0	5403	5	62717.9	284.958	40.9449
0.04536	0	6017	2	62844.4	286.691	40.7759
0.0456	0	6148	6	62977.2	288.505	40.6001
0.04584	0	6692	4	63112.4	290.35	40.4223
0.04608	0	7341	6	63247.6	292.192	40.246
0.04632	0	7734	6	63384.1	294.046	40.0694
0.04656	0	8222	7	63527.9	295.996	39.8848
0.0468	0	8766	6	63671.7	297.942	39.7017
0.04704	0	9729	2	63815.5	299.882	39.5201
0.04728	0	10273	4	63963.2	301.869	39.3352
0.04752	0	10993	5	64113.9	303.775	39.1766
0.04776	0	11907	2	64264.5	305.661	39.0234
0.048	0	12528	4	64415.2	307.54	38.8719
0.04824	0	13714	1	64571.9	309.49	38.7161
0.04848	0	14630	6	64728.6	311.432	38.5623
0.04872	0	15864	4	64885.4	313.367	38.4104
0.04896	0	16831	4	65044.1	315.319	38.2584
0.0492	0	17698	0	65205.5	317.296	38.1057
0.04944	0	18864	5	65366.9	319.264	37.955
0.04968	0	20213	5	65528.3	321.223	37.8063
0.04992	0	22027	2	65690.6	323.184	37.6586
0.05016	0	23404	4	65853.1	325.175	37.5019
0.0504	0	24646	8	66015.6	327.186	37.3421
0.05064	0	26778	8	66177.2	329.202	37.1816
0.05088	0	28279	4	66336.7	331.207	37.0218
0.05112	0	30159	3	66496.2	333.228	36.8606
0.05136	0	32355	3	66655.7	335.263	36.698
0.0516	0	34354	2	66808.2	337.224	36.5413
0.05184	0	36456	4	66957.8	339.162	36.3864
0.05208	0	39191	3	67107.4	341.113	36.2303
0.05232	0	41219	2	67254.9	343.05	36.0754
0.05256	0	44021	5	67389.1	344.825	35.9335
0.0528	0	46541	4	67523.2	346.682	35.7774
0.05304	0	49216	2	67657.4	348.604	35.6123
0.05328	0	53047	3	67775.9	350.305	35.4683
0.05352	0	55863	0	67882.5	351.84	35.3402
0.05376	0	58695	4	67989.1	353.38	35.2134
0.054	0	62472	1	68095.7	354.923	35.088
0.05424	0	65554	2	68169.3	355.992	35.0021
0.05448	0	69303	4	68242.9	357.062	34.9169
0.05472	0	73421	4	68316.6	358.135	34.8323
0.05496	0	75970	2	68372.9	358.956	34.768
0.0552	0	80896	3	68406.1	359.441	34.7302
0.05544	0	84637	6	68439.4	359.927	34.6925
0.05568	0	88976	4	68472.6	360.413	34.655
0.05592	0	92578	4	68461.8	360.254	34.6673
0.05616	0	96615	3	68443.6	359.988	34.6878
0.0564	0	101507	2	68425.4	359.723	34.7084
0.05664	0	105052	4	68391.9	359.233	34.7463
0.05688	0	110401	4	68320.2	358.187	34.8282
0.05712	0	115073	3	68248.4	357.142	34.9106
0.05736	0	118765	5	68176.6	356.098	34.9936
0.0576	0	122404	1	68063.2	354.453	35.126
0.05784	0	126748	0	67933.1	352.571	35.2798
0.05808	0	132393	4	67803	350.696	35.4356
0.05832	0	134526	4	67666.4	348.732	35.6014
0.05856	0	138883	1	67490.4	346.213	35.8182
0.0588	0	143577	5	67314.4	343.837	36.0125
0.05904	0	146907	2	67138.5	341.52	36.1978
0.05928	0	149950	0	66937.6	338.9	36.4073
0.05952	0	152521	7	66718.1	336.064	36.634
0.05976	0	155570	3	66498.6	333.258	36.8581
0.06	0	158538	2	66279.1	330.482	37.0796
0.06024	0	161595	8	66031.2	327.38	37.3266
0.06048	0	164518	3	65783.3	324.315	37.5701
0.06072	0	167606	4	65535.4	321.308	37.7998
0.06096	0	169185	3	65281.5	318.223	38.0346
0.0612	0	170865	3	65019.6	315.019	38.2816
0.06144	0	173779	3	64757.8	311.792	38.5339
0.06168	0	176172	2	64495.9	308.546	38.7914
0.06192	0	176680	1	64229.6	305.224	39.0587
0.06216	0	176155	2	63962.5	301.86	39.3361
0.0624	0	178524	2	63695.4	298.262	39.6717
0.06264	0	178618	5	63431.6	294.691	40.0083
0.06288	0	179836	5	63175.7	291.213	40.3396
0.06312	0	180605	2	62919.9	287.723	40.6758
0.06336	0	181994	2	62664.1	284.221	41.0169
0.0636	0	181188	2	62410.9	280.745	41.3597
0.06384	0	181899	7	62158.7	277.303	41.6832
0.06408	0	184010	4	61906.6	273.927	41.9683
0.06432	0	183959	3	61656.5	270.598	42.2567
0.06456	0	181706	2	61419	267.455	42.5361
0.0648	0	183703	2	61181.5	264.331	42.8207
0.06504	0	183780	13	60944	261.224	43.1108
0.06528	0	182811	8	60713.2	258.223	43.398
0.06552	0	181806	7	60487.4	255.314	43.6921
0.06576	0	182620	4	60261.6	252.494	44.0618
0.066	0	180791	6	60035.8	249.67	44.4349
0.06624	0	179899	4	59834.5	247.149	44.7704
0.06648	0	181755	7	59633.2	244.626	45.1086
0.06672	0	178140	88	59431.8	242.102	45.4495
0.06696	0	177975	186	59248	239.797	45.7631
0.0672	0	175673	523	59087.6	237.784	46.0387
0.06744	0	176949	973	58927.2	235.772	46.3161
0.06768	0	174121	2099	58766.7	233.753	46.5909
0.06792	0	172036	2665	58639.9	232.058	46.7509
0.06816	0	172486	3348	58518.6	230.441	46.9054
0.0684	0	172936	4028	58397.3	228.83	47.0615
0.06864	0	173352	5587	58292.1	227.435	47.1983
0.06888	0	170757	8378	58227	226.573	47.2836
0.06912	0	172408	11134	58161.8	225.713	47.3694
0.06936	0	172107	14302	58096.7	224.854	47.4556
0.0696	0	172283	15830	58071.4	224.521	47.4892
0.06984	0	171935	19357	58062.1	224.398	47.5016
0.07008	0	175567	21734	58052.8	224.276	47.514
0.07032	0	177676	25468	58052.9	224.277	47.5139
0.07056	0	177889	32089	58109.6	225.024	47.4385
0.0708	0	179288	33344	58166.3	225.771	47.3635
0.07104	0	182617	37751	58222.9	226.52	47.2889
0.07128	0	182016	44579	58314.5	227.731	47.1691
0.07152	0	186028	47171	58432.1	229.292	47.0165
0.07176	0	188803	48819	58549.8	230.857	46.8655
0.072	0	190600	57296	58667.5	232.426	46.7159
0.07224	0	194271	61210	58836.3	234.632	46.474
0.07248	0	197905	64837	59005.2	236.75	46.181
0.07272	0	203238	69755	59174	238.868	45.89
0.07296	0	207299	76043	59361.6	241.221	45.5691
0.0732	0	212484	80847	59574	243.885	45.2084
0.07344	0	219946	84802	59786.5	246.548	44.8507
0.07368	0	224070	90154	59999	249.209	44.4961
0.07392	0	228990	99319	60244.8	252.283	44.0895
0.07416	0	235874	102647	60496.1	255.422	43.6779
0.0744	0	243168	109737	60747.5	258.667	43.355
0.07464	0	251101	116551	61010.2	262.088	43.0295
0.07488	0	258363	123159	61301.3	265.904	42.6765
0.07512	0	267982	130696	61592.4	269.748	42.3316
0.07536	0	277006	137168	61883.5	273.619	41.9946
0.0756	0	286846	143071	62173.1	277.497	41.6671
0.07584	0	296204	150326	62462.2	281.45	41.2899
0.07608	0	309175	155254	62751.2	285.415	40.9002
0.07632	0	322974	163757	63031.1	289.241	40.5291
0.07656	0	337300	172074	63256.2	292.309	40.2348
0.0768	0	350955	177476	63481.3	295.365	39.9444
0.07704	0	368675	185533	63706.4	298.411	39.6577
0.07728	0	387692	198206	63810.8	299.818	39.526
0.07752	0	407076	205437	63824.7	300.005	39.5086
0.07776	0	432289	211510	63838.5	300.192	39.4912
0.078	0	455465	222212	63852.4	300.378	39.4739
0.07824	0	484397	240860	63420.6	294.541	40.0224
0.07848	0	517212	245848	62988.8	288.663	40.5848
0.07872	0	551571	257211	62557	282.751	41.1614
0.07896	0	591892	274265	61811.4	272.658	42.0774
0.0792	0	627176	284517	60647.5	257.372	43.4807
0.07944	0	665499	289755	59483.7	242.752	45.3614
0.07968	0	712185	301016	58319.8	227.802	47.1622
0.07992	0	761242	320536	56516	204.801	49.9954
0.08016	0	789812	323319	54605.6	183.014	54.1651
0.0804	0	815546	330707	52695.2	161.478	57.826
0.08064	0	840846	349341	50731.3	140.079	62.8849
0.08088	0	860579	366951	48633.3	116.915	68.5476
0.08112	0	853703	365657	46535.4	103.195	82.9625
0.08136	0	848947	382926	44437.5	82.6314	93.79
0.0816	0	858219	426466	42746.6	67.7754	95.7898
0.08184	0	850965	444399	41218.4	53.7101	100.424
0.08208	0	853201	475262	39690.3	44.3693	113.194
0.08232	0	863207	536650	38303	37.8673	129.954
0.08256	0	876378	605360	37761.5	35.3286	137.44
0.0828	0	873240	608820	37220	32.5679	144.885
0.08304	0	882473	652319	36678.4	29.6516	151.951
0.08328	0	900901	732965	36621.9	29.3419	152.662
0.08352	0	905585	757816	36929.3	31.0165	148.731
0.08376	0	909355	757068	37236.6	32.6554	144.661
0.084	0	929697	808583	37543.9	34.2435	140.471
0.08424	0	956459	907340	38275	37.7371	130.329
0.08448	0	951490	835548	39006	41.1501	121.05
0.08472	0	964128	848585	39737.1	44.6113	112.692
0.08496	0	982825	931373	40470.1	48.7586	105.795
0.0852	0	988842	951568	41205.9	53.6206	100.501
0.08544	0	990282	875168	41941.7	59.9041	97.5017
0.08568	0	1.01071e+06	904551	42677.4	67.0714	95.8934
0.08592	0	1.04042e+06	1.04909e+06	43137.4	71.8536	95.3542
0.08616	0	1.02782e+06	885363	43551.5	75.3487	95.0794
0.0864	0	1.03309e+06	858807	43965.6	78.7694	94.5981
0.08664	0	1.06785e+06	960600	44268.1	81.2511	94.1115
0.08688	0	1.08564e+06	1.02102e+06	44291.9	81.445	94.0685
0.08712	0	1.07423e+06	842970	44315.6	81.6388	94.0249
0.08736	0	1.08689e+06	887988	44339.3	81.8325	93.9805
0.0876	0	1.11301e+06	1.08083e+06	44154	80.3178	94.3082
0.08784	0	1.10144e+06	930097	43885.1	78.1067	94.7084
0.08808	0	1.10455e+06	857708	43616.2	75.8845	95.0184
0.08832	0	1.13323e+06	977037	43310.5	73.3503	95.2602
0.08856	0	1.16608e+06	1.1306e+06	42783.8	68.1561	95.7373
0.0888	0	1.16841e+06	891568	42257.1	62.9047	96.698
0.08904	0	1.20308e+06	929629	41730.3	57.9534	98.1384
0.08928	0	1.25879e+06	1.15584e+06	41169.2	53.36	100.73
0.08952	0	1.26244e+06	1.09663e+06	40582.3	49.4518	104.888
0.08976	0	1.26808e+06	964282	39995.4	46.0006	110.061
0.09	0	1.2959e+06	1.09904e+06	39408.5	43.0432	116.338
0.09024	0	1.34908e+06	1.37789e+06	39215.5	42.1347	118.564
0.09048	0	1.31402e+06	1.07383e+06	39022.4	41.2273	120.853
0.09072	0	1.31894e+06	1.11637e+06	38829.4	40.3216	123.204
0.09096	0	1.35558e+06	1.36538e+06	38881.8	40.5672	122.56
0.0912	0	1.35099e+06	1.37216e+06	39261.4	42.3507	118.029
0.09144	0	1.3334e+06	1.19027e+06	39641	44.1375	113.735
0.09168	0	1.3381e+06	1.28284e+06	40020.6	46.1401	109.816
0.09192	0	1.38197e+06	1.52132e+06	40560.1	49.3129	105.065
0.09216	0	1.35431e+06	1.29533e+06	41126.2	53.0563	101.003
0.0924	0	1.35474e+06	1.23204e+06	41692.3	57.607	98.2616
0.09264	0	1.37985e+06	1.3588e+06	42185.1	62.211	96.866
0.09288	0	1.40752e+06	1.50484e+06	42494.8	65.2373	96.206
0.09312	0	1.38969e+06	1.22211e+06	42804.4	68.3682	95.7092
0.09336	0	1.40267e+06	1.25155e+06	43114	71.6048	95.3731
0.0936	0	1.44834e+06	1.53575e+06	43201.8	72.4488	95.3176
0.09384	0	1.43571e+06	1.33841e+06	43200.8	72.4405	95.3181
0.09408	0	1.4407e+06	1.21628e+06	43199.8	72.4323	95.3185
0.09432	0	1.46518e+06	1.35982e+06	43188.3	72.3371	95.3237
0.09456	0	1.51121e+06	1.6434e+06	43114.1	71.6051	95.3731
0.0948	0	1.48785e+06	1.2724e+06	43039.8	70.8192	95.4392
0.09504	0	1.49888e+06	1.30796e+06	42965.6	70.0394	95.5144
0.09528	0	1.54582e+06	1.63447e+06	42937.7	69.7481	95.545
0.09552	0	1.54627e+06	1.53564e+06	42944.6	69.82	95.5373
0.09576	0	1.547e+06	1.3345e+06	42951.4	69.892	95.5297
0.096	0	1.56978e+06	1.49398e+06	42958.3	69.964	95.5222
0.09624	0	1.63686e+06	1.77189e+06	42995.3	70.3508	95.4832
0.09648	0	1.60749e+06	1.46979e+06	43032.2	70.7392	95.4464
0.09672	0	1.62592e+06	1.44318e+06	43069.2	71.129	95.412
0.09696	0	1.67534e+06	1.69336e+06	43101.2	71.4688	95.3839
0.0972	0	1.69208e+06	1.72427e+06	43126.8	71.7406	95.3627
0.09744	0	1.69082e+06	1.52331e+06	43152.4	72.0131	95.3426
0.09768	0	1.71376e+06	1.61247e+06	43178	72.2512	95.3282
0.09792	0	1.78311e+06	1.91157e+06	43188.4	72.338	95.3237
0.09816	0	1.75732e+06	1.63597e+06	43196.4	72.4039	95.3201
0.0984	0	1.77556e+06	1.59864e+06	43204.3	72.4699	95.3165
0.09864	0	1.82686e+06	1.76523e+06	43228.5	72.6707	95.3049
0.09888	0	1.85786e+06	2.00411e+06	43293.4	73.2087	95.2702
0.09912	0	1.8449e+06	1.64069e+06	43358.2	73.7466	95.2302
0.09936	0	1.8856e+06	1.74559e+06	43423.1	74.2844	95.1849
0.0996	0	1.96457e+06	2.18336e+06	43498.7	74.9109	95.1253
0.09984	0	1.9548e+06	1.90498e+06	43578.5	75.5726	95.0546
0.10008	0	1.96872e+06	1.7281e+06	43658.4	76.2337	94.9757
0.10032	0	2.02985e+06	2.00561e+06	43718.7	76.7328	94.9109
0.10056	0	2.11114e+06	2.23822e+06	43662	76.2634	94.972
0.1008	0	2.08334e+06	1.91861e+06	43605.2	75.7936	95.0291
0.10104	0	2.11573e+06	1.95942e+06	43548.5	75.3235	95.0822
0.10128	0	2.21122e+06	2.2444e+06	43365.7	73.8085	95.2253
0.10152	0	2.21832e+06	2.22745e+06	43088.4	71.333	95.3949
0.10176	0	2.22553e+06	1.99785e+06	42811.2	68.4377	95.7002
0.102	0	2.29924e+06	2.1315e+06	42533.9	65.6271	96.1343
0.10224	0	2.42684e+06	2.78512e+06	41866.2	59.202	97.72
0.10248	0	2.3798e+06	2.07743e+06	41198.5	53.5678	100.547
0.10272	0	2.43974e+06	2.05594e+06	40530.8	49.1313	105.3
0.10296	0	2.5642e+06	2.51196e+06	39897.5	45.4654	111.031
0.1032	1	2.5887e+06	2.53702e+06	39310.2	42.5804	117.464
0.10344	0	2.57732e+06	2.2844e+06	38722.9	39.8229	124.53
0.10368	0	2.61781e+06	2.56023e+06	38135.5	37.0925	132.211
0.10392	0	2.74867e+06	3.04465e+06	37950.2	36.2385	134.774
0.10416	0	2.72212e+06	2.64302e+06	37831.9	35.6717	136.449
0.1044	0	2.7609e+06	2.48029e+06	37713.6	35.0928	138.111
0.10464	0	2.87222e+06	2.89337e+06	37601	34.5317	139.68
0.10488	0	2.95013e+06	3.375e+06	37502.7	34.0342	141.039
0.10512	0	2.91708e+06	2.66497e+06	37404.4	33.5301	142.387
0.10536	0	2.97356e+06	2.80325e+06	37306.1	33.0199	143.723
0.1056	0	3.09891e+06	3.17605e+06	37357	33.2848	143.032
0.10584	0	3.04724e+06	2.9542e+06	37467.6	33.8548	141.522
0.10608	0	3.04387e+06	2.82056e+06	37578.2	34.4168	139.997
0.10632	0	3.12284e+06	3.12073e+06	37727.9	35.1635	137.911
0.10656	0	3.23917e+06	4.02057e+06	38112.7	36.987	132.523
0.1068	1	3.17033e+06	3.001e+06	38497.4	38.7704	127.402
0.10704	0	3.18662e+06	3.07165e+06	38882.1	40.5689	122.555
0.10728	0	3.29384e+06	3.48156e+06	39127.8	41.7223	119.596
0.10752	0	3.24337e+06	3.32138e+06	39269.1	42.3868	117.94
0.10776	0	3.18908e+06	2.88335e+06	39410.4	43.0519	116.317
0.108	0	3.22466e+06	3.10913e+06	39551.6	43.717	114.725
0.10824	0	3.39018e+06	4.08866e+06	39292.9	42.4988	117.664
0.10848	0	3.25804e+06	3.03249e+06	39034.1	41.2819	120.713
0.10872	0	3.26907e+06	3.04256e+06	38775.3	40.0682	123.875
0.10896	1	3.35068e+06	3.31312e+06	38496.7	38.7671	127.412
0.1092	0	3.32703e+06	3.56234e+06	38191.7	37.3518	131.448
0.10944	1	3.23854e+06	2.96467e+06	37886.7	35.9356	135.675
0.10968	0	3.26119e+06	3.28221e+06	37581.7	34.4343	139.948
0.10992	1	3.39495e+06	3.78844e+06	37448.3	33.7557	141.787
0.11016	0	3.25806e+06	3.20818e+06	37343.5	33.2143	143.217
0.1104	0	3.23338e+06	3.0078e+06	37238.7	32.6664	144.633
0.11064	0	3.30131e+06	3.22407e+06	37134.8	32.1177	146.023
0.11088	1	3.32473e+06	4.00481e+06	37033.4	31.5765	147.367
0.11112	1	3.18301e+06	3.04472e+06	36931.9	31.0308	148.696
0.11136	1	3.16203e+06	3.08822e+06	36830.5	30.4813	150.011
0.1116	2	3.26483e+06	3.41001e+06	36768.5	30.1438	150.806
0.11184	0	3.12802e+06	3.17948e+06	36722.2	29.8914	151.396
0.11208	2	3.0335e+06	2.84121e+06	36676	29.6385	151.981
0.11232	0	3.04478e+06	3.09569e+06	36619	29.3258	152.699
0.11256	2	3.10457e+06	3.81847e+06	36497.2	28.6555	154.215
0.1128	3	2.93164e+06	2.86019e+06	36375.4	27.9829	155.705
0.11304	2	2.91336e+06	2.82778e+06	36253.6	27.3088	157.169
0.11328	1	2.97579e+06	3.10173e+06	36060.2	26.0471	158.494
0.11352	2	2.85961e+06	2.9879e+06	35813.2	24.4572	159.997
0.11376	1	2.73118e+06	2.65708e+06	35566.2	22.9438	161.536
0.114	0	2.72384e+06	2.76073e+06	35319.1	21.5047	163.112
0.11424	4	2.81607e+06	3.28289e+06	35238.2	21.0489	163.637
0.11448	4	2.62609e+06	2.68361e+06	35157.2	20.6007	164.166
0.11472	2	2.56545e+06	2.56494e+06	35076.2	20.1602	164.699
0.11496	5	2.59936e+06	2.88184e+06	35015.2	19.8332	165.104
0.1152	3	2.54696e+06	2.95039e+06	34980.8	19.6506	165.333
0.11544	0	2.43614e+06	2.49082e+06	34946.4	19.4694	165.563
0.11568	1	2.44667e+06	2.53622e+06	34912	19.2895	165.794
0.11592	4	2.5335e+06	2.9891e+06	34739.1	18.4054	166.965
0.11616	1	2.38295e+06	2.5484e+06	34543	17.4429	168.317
0.1164	4	2.34549e+06	2.31256e+06	34347	16.6475	170.677
0.11664	1	2.40885e+06	2.63545e+06	34148.5	15.9275	173.6
0.11688	5	2.37696e+06	2.92835e+06	33943.8	15.2221	176.815
0.11712	4	2.15806e+06	2.33922e+06	33739.1	14.5525	180.243
0.11736	10	2.07878e+06	2.32366e+06	33534.4	13.9167	183.895
0.1176	3	2.10419e+06	2.80153e+06	33026.6	12.4731	193.99
0.11784	8	1.91253e+06	2.29815e+06	32397.5	10.9153	207.795
0.11808	3	1.82803e+06	1.96983e+06	31768.4	9.44203	222.549
0.11832	4	1.90014e+06	2.14653e+06	31367.5	8.54052	232.757
0.11856	6	2.0445e+06	2.65699e+06	32335.4	10.7676	209.186
0.1188	8	2.22181e+06	2.16841e+06	33303.4	13.2372	188.298
0.11904	2	2.48804e+06	2.47266e+06	34271.3	16.3687	171.769
0.11928	10	2.71259e+06	3.12421e+06	41299.2	54.2933	99.9355
0.11952	3	2.79955e+06	3.25693e+06	52871.9	163.495	57.4921
0.11976	0	2.72637e+06	1.91448e+06	64444.6	307.907	38.8425
