0	0	0	0	56654	206.447	49.7076
0.00024	0	0	0	56659.2	206.51	49.6967
0.00048	0	0	0	56664.5	206.573	49.6858
0.00072	0	0	0	56669.8	206.636	49.6749
0.00096	0	0	0	56675.1	206.7	49.6639
0.0012	0	0	0	56680.6	206.766	49.6525
0.00144	0	0	0	56686.1	206.831	49.6412
0.00168	0	0	0	56691.5	206.897	49.6299
0.00192	0	0	0	56697.2	206.965	49.6182
0.00216	0	0	0	56702.9	207.034	49.6065
0.0024	0	0	0	56708.6	207.102	49.5947
0.00264	0	0	0	56714.4	207.171	49.5828
0.00288	0	0	0	56720.3	207.243	49.5706
0.00312	0	0	0	56726.3	207.314	49.5583
0.00336	0	0	0	56732.2	207.386	49.5461
0.0036	0	0	0	56738.4	207.459	49.5335
0.00384	0	0	0	56744.6	207.534	49.5208
0.00408	0	0	0	56750.8	207.608	49.5081
0.00432	0	0	0	56757	207.683	49.4953
0.00456	0	0	0	56763.5	207.761	49.4821
0.0048	0	0	0	56769.9	207.839	49.4688
0.00504	0	0	0	56776.4	207.917	49.4556
0.00528	0	0	0	56783	207.997	49.442
0.00552	0	0	0	56789.8	208.078	49.4282
0.00576	0	0	0	56796.5	208.159	49.4144
0.006	0	0	0	56803.3	208.241	49.4007
0.00624	0	0	0	56810.3	208.326	49.3863
0.00648	0	0	0	56817.4	208.411	49.3719
0.00672	0	0	0	56824.5	208.496	49.3576
0.00696	0	0	0	56831.6	208.583	49.3429
0.0072	0	0	0	56839	208.671	49.328
0.00744	0	0	0	56846.4	208.76	49.313
0.00768	0	0	0	56853.8	208.85	49.298
0.00792	0	0	0	56861.4	208.942	49.2825
0.00816	0	0	0	56869.1	209.035	49.2669
0.0084	0	0	0	56876.8	209.129	49.2513
0.00864	0	0	0	56884.7	209.223	49.2355
0.00888	0	0	0	56892.7	209.321	49.2192
0.00912	0	0	0	56900.8	209.418	49.2029
0.00936	0	0	0	56908.9	209.516	49.1866
0.0096	0	0	0	56917.2	209.617	49.1698
0.00984	0	1	0	56925.6	209.719	49.1528
0.01008	0	0	0	56934.1	209.822	49.1358
0.01032	0	0	0	56942.6	209.925	49.1187
0.01056	0	0	0	56951.5	210.032	49.1009
0.0108	0	0	0	56960.3	210.14	49.0831
0.01104	0	1	0	56969.2	210.247	49.0654
0.01128	0	0	0	56978.3	210.358	49.0471
0.01152	0	2	0	56987.5	210.471	49.0286
0.01176	0	0	0	56996.8	210.584	49.01
0.012	0	0	0	57006.1	210.697	48.9915
0.01224	0	0	0	57015.9	210.815	48.972
0.01248	0	0	0	57025.6	210.934	48.9526
0.01272	0	3	0	57035.4	211.052	48.9332
0.01296	0	0	2	57045.3	211.177	48.9158
0.0132	0	0	0	57055.5	211.308	48.901
0.01344	0	0	0	57065.8	211.44	48.8861
0.01368	0	1	1	57076	211.571	48.8713
0.01392	0	1	0	57086.7	211.708	48.8558
0.01416	0	0	0	57097.5	211.847	48.8403
0.0144	0	0	0	57108.2	211.985	48.8247
0.01464	0	0	0	57119.2	212.125	48.809
0.01488	0	3	0	57130.5	212.271	48.7926
0.01512	0	2	0	57141.8	212.416	48.7763
0.01536	0	1	0	57153.1	212.562	48.7601
0.0156	0	0	1	57164.9	212.713	48.7432
0.01584	0	0	0	57176.8	212.867	48.726
0.01608	0	1	0	57188.7	213.02	48.7089
0.01632	0	1	1	57200.7	213.175	48.6917
0.01656	0	5	1	57213.3	213.337	48.6737
0.0168	0	1	0	57225.8	213.499	48.6558
0.01704	0	3	0	57238.4	213.661	48.6378
0.01728	0	0	1	57251.4	213.828	48.6193
0.01752	0	0	1	57264.6	213.999	48.6004
0.01776	0	5	2	57277.9	214.17	48.5816
0.018	0	4	1	57291.1	214.341	48.5627
0.01824	0	3	0	57305.1	214.522	48.5429
0.01848	0	4	0	57319.1	214.703	48.523
0.01872	0	1	3	57333.1	214.884	48.5032
0.01896	0	8	1	57347.4	215.069	48.4829
0.0192	0	4	2	57362.2	215.261	48.462
0.01944	0	3	1	57377	215.452	48.4411
0.01968	0	2	2	57391.8	215.644	48.4202
0.01992	0	4	3	57407.3	215.845	48.3983
0.02016	0	4	1	57423	216.048	48.3763
0.0204	0	3	4	57438.7	216.251	48.3543
0.02064	0	3	0	57454.6	216.457	48.3319
0.02088	0	4	0	57471.2	216.672	48.3087
0.02112	0	6	0	57487.7	216.887	48.2855
0.02136	0	7	0	57504.3	217.103	48.2624
0.0216	0	7	2	57521.6	217.327	48.2382
0.02184	0	6	0	57539.2	217.555	48.2138
0.02208	0	8	0	57556.7	217.784	48.1893
0.02232	0	9	4	57574.5	218.015	48.1647
0.02256	0	7	2	57593.1	218.258	48.1388
0.0228	0	6	3	57611.8	218.501	48.1129
0.02304	0	7	1	57630.5	218.744	48.0871
0.02328	0	8	1	57649.8	218.996	48.0604
0.02352	0	5	7	57669.6	219.254	48.0331
0.02376	0	19	2	57689.5	219.513	48.0058
0.024	0	13	3	57709.3	219.772	47.9786
0.02424	0	11	5	57730.4	220.048	47.9496
0.02448	0	13	3	57751.5	220.324	47.9207
0.02472	0	16	4	57772.7	220.6	47.8919
0.02496	0	17	2	57794.4	220.884	47.8623
0.0252	0	14	4	57816.8	221.178	47.8317
0.02544	0	15	6	57839.3	221.472	47.8011
0.02568	0	13	0	57861.8	221.767	47.7706
0.02592	0	17	4	57885.6	222.079	47.7385
0.02616	0	24	3	57909.6	222.393	47.7061
0.0264	0	24	4	57933.6	222.708	47.6737
0.02664	0	25	3	57958	223.029	47.6409
0.02688	0	27	4	57983.6	223.366	47.6065
0.02712	0	35	4	58009.2	223.702	47.5722
0.02736	0	30	5	58034.8	224.039	47.5379
0.0276	0	26	5	58061.8	224.393	47.5021
0.02784	0	33	4	58089.2	224.755	47.4656
0.02808	0	36	4	58116.6	225.116	47.4292
0.02832	0	27	8	58144.3	225.481	47.3925
0.02856	0	37	9	58173.7	225.869	47.3537
0.0288	0	44	5	58203	226.257	47.315
0.02904	0	52	9	58232.4	226.645	47.2764
0.02928	0	51	3	58263	227.05	47.2363
0.02952	0	42	6	58294.5	227.467	47.1952
0.02976	0	54	9	58326	227.884	47.1541
0.03	0	69	5	58357.5	228.301	47.1132
0.03024	0	77	8	58391.3	228.75	47.0693
0.03048	0	65	9	58425.1	229.199	47.0256
0.03072	0	74	9	58459	229.648	46.9819
0.03096	0	80	12	58493.9	230.113	46.937
0.0312	0	75	11	58530.4	230.598	46.8903
0.03144	0	71	5	58566.8	231.083	46.8438
0.03168	0	102	7	58603.2	231.569	46.7974
0.03192	0	88	7	58642.1	232.087	46.7481
0.03216	0	99	8	58681.3	232.61	46.6984
0.0324	0	119	11	58720.5	233.135	46.649
0.03264	0	131	8	58760.6	233.671	46.5986
0.03288	0	139	7	58802.9	234.213	46.5322
0.03312	0	145	7	58845.2	234.744	46.4586
0.03336	0	160	6	58887.4	235.274	46.3851
0.0336	0	154	11	58932.1	235.833	46.3076
0.03384	0	193	9	58977.7	236.405	46.2286
0.03408	0	207	11	59023.2	236.977	46.1498
0.03432	0	250	7	59069.4	237.556	46.0701
0.03456	0	227	6	59118.7	238.175	45.9851
0.0348	0	229	10	59168	238.793	45.9003
0.03504	0	233	7	59217.4	239.412	45.8156
0.03528	0	279	6	59269.1	240.061	45.7271
0.03552	0	282	12	59322.5	240.731	45.6357
0.03576	0	335	4	59375.9	241.401	45.5446
0.036	0	349	10	59429.4	242.071	45.4536
0.03624	0	355	7	59487.3	242.797	45.3553
0.03648	0	401	6	59545.1	243.523	45.2572
0.03672	0	445	10	59603	244.249	45.1594
0.03696	0	469	6	59663	245	45.0583
0.0372	0	485	11	59725.7	245.787	44.9527
0.03744	0	519	1	59788.5	246.573	44.8474
0.03768	0	586	4	59851.2	247.359	44.7424
0.03792	0	614	5	59918.5	248.201	44.6301
0.03816	0	656	1	59986.4	249.052	44.5169
0.0384	0	759	2	60054.4	249.903	44.404
0.03864	0	770	8	60124	250.774	44.2887
0.03888	0	801	4	60197.7	251.695	44.167
0.03912	0	924	5	60271.4	252.616	44.0457
0.03936	0	1115	3	60345	253.536	43.9248
0.0396	0	999	7	60423.2	254.512	43.7969
0.03984	0	1139	2	60503.2	255.51	43.6664
0.04008	0	1156	13	60583.1	256.539	43.5622
0.04032	0	1438	13	60664.1	257.587	43.4598
0.04056	0	1322	3	60751.1	258.715	43.3505
0.0408	0	1439	4	60838.2	259.846	43.2419
0.04104	0	1604	8	60925.2	260.979	43.134
0.04128	0	1683	8	61016.5	262.17	43.0218
0.04152	0	1915	5	61110.9	263.405	42.9064
0.04176	0	1918	8	61205.3	264.643	42.792
0.042	0	2100	8	61299.7	265.884	42.6784
0.04224	0	2332	5	61402	267.23	42.5563
0.04248	0	2548	10	61504.2	268.58	42.4353
0.04272	0	2575	11	61606.4	269.934	42.3152
0.04296	0	2937	12	61712.2	271.338	42.1919
0.0432	0	3063	9	61822.8	272.809	42.0643
0.04344	0	3211	8	61933.3	274.284	41.9378
0.04368	0	3578	5	62043.8	275.762	41.8123
0.04392	0	3945	7	62161.9	277.346	41.6796
0.04416	0	4016	5	62281.3	278.962	41.5371
0.0444	0	4338	5	62400.6	280.603	41.3737
0.04464	0	4811	5	62522.5	282.279	41.2079
0.04488	0	4856	10	62651.1	284.042	41.0345
0.04512	0	5403	5	62779.6	285.803	40.8623
0.04536	0	6017	2	62908.1	287.561	40.6914
0.0456	0	6148	6	63042.9	289.403	40.5135
0.04584	0	6692	4	63180.4	291.276	40.3335
0.04608	0	7341	6	63317.8	293.145	40.1551
0.04632	0	7734	6	63456.4	295.028	39.9763
0.04656	0	8222	7	63602.7	297.009	39.7894
0.0468	0	8766	6	63749	298.984	39.604
0.04704	0	9729	2	63895.2	300.955	39.4202
0.04728	0	10273	4	64045.5	302.917	39.2468
0.04752	0	10993	5	64198.9	304.839	39.09
0.04776	0	11907	2	64352.2	306.756	38.935
0.048	0	12528	4	64505.6	308.665	38.7818
0.04824	0	13714	1	64665.2	310.647	38.6243
0.04848	0	14630	6	64824.9	312.622	38.4687
0.04872	0	15864	4	64984.6	314.588	38.3151
0.04896	0	16831	4	65146.4	316.573	38.1614
0.0492	0	17698	0	65311	318.584	38.007
0.04944	0	18864	5	65475.7	320.585	37.8546
0.04968	0	20213	5	65640.3	322.577	37.7042
0.04992	0	22027	2	65806	324.595	37.5479
0.05016	0	23404	4	65971.9	326.644	37.3852
0.0504	0	24646	8	66137.8	328.709	37.2208
0.05064	0	26778	8	66302.9	330.781	37.0558
0.05088	0	28279	4	66466	332.843	36.8913
0.05112	0	30159	3	66629	334.921	36.7253
0.05136	0	32355	3	66792.1	337.016	36.5579
0.0516	0	34354	2	66948	339.035	36.3965
0.05184	0	36456	4	67101.2	341.031	36.2369
0.05208	0	39191	3	67254.3	343.043	36.076
0.05232	0	41219	2	67405.2	345.04	35.9163
0.05256	0	44021	5	67542.7	346.961	35.7533
0.0528	0	46541	4	67680.3	348.932	35.5844
0.05304	0	49216	2	67817.8	350.909	35.4178
0.05328	0	53047	3	67939.3	352.661	35.2725
0.05352	0	55863	0	68048.7	354.243	35.1431
0.05376	0	58695	4	68158.2	355.83	35.0151
0.054	0	62472	1	68267.6	357.421	34.8885
0.05424	0	65554	2	68343.5	358.527	34.8015
0.05448	0	69303	4	68419.3	359.634	34.7152
0.05472	0	73421	4	68495.2	360.743	34.6296
0.05496	0	75970	2	68553.4	361.596	34.5643
0.0552	0	80896	3	68588	362.103	34.5257
0.05544	0	84637	6	68622.6	362.611	34.4872
0.05568	0	88976	4	68657.2	363.12	34.4489
0.05592	0	92578	4	68646.8	362.966	34.4604
0.05616	0	96615	3	68628.8	362.702	34.4804
0.0564	0	101507	2	68610.8	362.438	34.5003
0.05664	0	105052	4	68577.2	361.945	34.5377
0.05688	0	110401	4	68504.4	360.879	34.6192
0.05712	0	115073	3	68431.7	359.814	34.7013
0.05736	0	118765	5	68358.9	358.751	34.7839
0.0576	0	122404	1	68243.4	357.069	34.9163
0.05784	0	126748	0	68110.9	355.144	35.0702
0.05808	0	132393	4	67978.3	353.225	35.2261
0.05832	0	134526	4	67839.1	351.215	35.3922
0.05856	0	138883	1	67659.7	348.636	35.6095
0.0588	0	143577	5	67480.3	346.068	35.8308
0.05904	0	146907	2	67300.8	343.657	36.0269
0.05928	0	149950	0	67095.9	340.963	36.2423
0.05952	0	152521	7	66871.9	338.048	36.4754
0.05976	0	155570	3	66647.9	335.164	36.706
0.06	0	158538	2	66424	332.31	36.9338
0.06024	0	161595	8	66170.9	329.124	37.1878
0.06048	0	164518	3	65917.9	325.975	37.4383
0.06072	0	167606	4	65664.9	322.874	37.6819
0.06096	0	169185	3	65405.8	319.737	37.919
0.0612	0	170865	3	65138.7	316.479	38.1686
0.06144	0	173779	3	64871.6	313.197	38.4236
0.06168	0	176172	2	64604.4	309.893	38.6841
0.06192	0	176680	1	64332.8	306.513	38.9545
0.06216	0	176155	2	64060.4	303.104	39.2315
0.0624	0	178524	2	63788	299.511	39.5548
0.06264	0	178618	5	63518.9	295.875	39.8963
0.06288	0	179836	5	63258.2	292.336	40.2322
0.06312	0	180605	2	62997.5	288.783	40.5732
0.06336	0	181994	2	62736.8	285.218	40.9194
0.0636	0	181188	2	62478.8	281.678	41.2672
0.06384	0	181899	7	62221.9	278.151	41.6127
0.06408	0	184010	4	61964.9	274.706	41.9018
0.06432	0	183959	3	61710.1	271.31	42.1944
0.06456	0	181706	2	61468.2	268.104	42.4778
0.0648	0	183703	2	61226.3	264.918	42.7667
0.06504	0	183780	13	60984.3	261.75	43.0612
0.06528	0	182811	8	60749.2	258.69	43.3529
0.06552	0	181806	7	60519.2	255.714	43.6435
0.06576	0	182620	4	60289.1	252.838	44.0166
0.066	0	180791	6	60059.1	249.961	44.3963
0.06624	0	179899	4	59854	247.394	44.7377
0.06648	0	181755	7	59649	244.825	45.0818
0.06672	0	178140	88	59444	242.254	45.4288
0.06696	0	177975	186	59256.9	239.908	45.7479
0.0672	0	175673	523	59093.8	237.862	46.028
0.06744	0	176949	973	58930.7	235.816	46.31
0.06768	0	174121	2099	58767.6	233.764	46.5899
0.06792	0	172036	2665	58638.8	232.044	46.7522
0.06816	0	172486	3348	58515.8	230.405	46.9089
0.0684	0	172936	4028	58392.8	228.77	47.0673
0.06864	0	173352	5587	58286.3	227.358	47.2059
0.06888	0	170757	8378	58220.9	226.493	47.2915
0.06912	0	172408	11134	58155.6	225.63	47.3776
0.06936	0	172107	14302	58090.2	224.768	47.4642
0.0696	0	172283	15830	58065.8	224.447	47.4967
0.06984	0	171935	19357	58057.8	224.341	47.5073
0.07008	0	175567	21734	58049.8	224.236	47.518
0.07032	0	177676	25468	58051.5	224.258	47.5157
0.07056	0	177889	32089	58111.4	225.048	47.4361
0.0708	0	179288	33344	58171.4	225.839	47.3568
0.07104	0	182617	37751	58231.3	226.631	47.2779
0.07128	0	182016	44579	58327.2	227.9	47.1525
0.07152	0	186028	47171	58450	229.529	46.9935
0.07176	0	188803	48819	58572.8	231.164	46.836
0.072	0	190600	57296	58695.7	232.803	46.6803
0.07224	0	194271	61210	58871.5	235.074	46.4128
0.07248	0	197905	64837	59047.3	237.279	46.1083
0.07272	0	203238	69755	59223.1	239.484	45.8058
0.07296	0	207299	76043	59418.3	241.932	45.4725
0.0732	0	212484	80847	59639.4	244.705	45.098
0.07344	0	219946	84802	59860.6	247.476	44.7267
0.07368	0	224070	90154	60081.7	250.244	44.3588
0.07392	0	228990	99319	60337.8	253.445	43.9368
0.07416	0	235874	102647	60599.6	256.752	43.5413
0.0744	0	243168	109737	60861.4	260.148	43.213
0.07464	0	251101	116551	61135.2	263.724	42.8768
0.07488	0	258363	123159	61439	267.718	42.5124
0.07512	0	267982	130696	61742.7	271.743	42.1567
0.07536	0	277006	137168	62046.4	275.796	41.8095
0.0756	0	286846	143071	62349.3	279.898	41.4438
0.07584	0	296204	150326	62651.8	284.053	41.0334
0.07608	0	309175	155254	62954.4	288.195	40.6301
0.07632	0	322974	163757	63247.7	292.193	40.2458
0.07656	0	337300	172074	63485.5	295.422	39.939
0.0768	0	350955	177476	63723.3	298.638	39.6364
0.07704	0	368675	185533	63961.1	301.84	39.3379
0.07728	0	387692	198206	64074.9	303.286	39.2166
0.07752	0	407076	205437	64095.7	303.547	39.1952
0.07776	0	432289	211510	64116.6	303.809	39.1739
0.078	0	455465	222212	64137.5	304.07	39.1525
0.07824	0	484397	240860	63699.3	298.314	39.6668
0.07848	0	517212	245848	63261.1	292.375	40.2285
0.07872	0	551571	257211	62822.9	286.396	40.8045
0.07896	0	591892	274265	62061.1	275.994	41.7928
0.0792	0	627176	284517	60867.9	260.233	43.2049
0.07944	0	665499	289755	59674.7	245.147	45.0386
0.07968	0	712185	301016	58481.4	229.947	46.953
0.07992	0	761242	320536	56627.9	206.135	49.7617
0.08016	0	789812	323319	54664.2	183.666	54.0445
0.0804	0	815546	330707	52700.6	161.539	57.8158
0.08064	0	840846	349341	50681.6	139.554	63.0411
0.08088	0	860579	366951	48524.3	115.832	68.9073
0.08112	0	853703	365657	46367	101.5	84.1634
0.08136	0	848947	382926	44209.7	80.7737	94.2142
0.0816	0	858219	426466	42472.3	65.014	96.2484
0.08184	0	850965	444399	40902.8	51.5249	102.499
0.08208	0	853201	475262	39333.3	42.689	117.198
0.08232	0	863207	536650	37909.2	36.0433	135.356
0.08256	0	876378	605360	37357.5	33.2873	143.026
0.0828	0	873240	608820	36805.9	30.3475	150.327
0.08304	0	882473	652319	36254.2	27.3123	157.162
0.08328	0	900901	732965	36202.8	27.0003	157.643
0.08352	0	905585	757816	36526.5	28.8171	153.852
0.08376	0	909355	757068	36850.3	30.5888	149.756
0.084	0	929697	808583	37174	32.3253	145.501
0.08424	0	956459	907340	37934.1	36.1621	135.002
0.08448	0	951490	835548	38694.2	39.689	124.89
0.08472	0	964128	848585	39454.3	43.2589	115.818
0.08496	0	982825	931373	40216.1	47.2484	107.989
0.0852	0	988842	951568	40980	52.0462	101.966
0.08544	0	990282	875168	41743.9	58.0774	98.095
0.08568	0	1.01071e+06	904551	42507.9	65.3677	96.1817
0.08592	0	1.04042e+06	1.04909e+06	42986.3	70.257	95.4924
0.08616	0	1.02782e+06	885363	43417.2	74.2358	95.1892
0.0864	0	1.03309e+06	858807	43848.1	77.8013	94.7564
0.08664	0	1.06785e+06	960600	44163.6	80.3964	94.2922
0.08688	0	1.08564e+06	1.02102e+06	44190.8	80.6191	94.2465
0.08712	0	1.07423e+06	842970	44218	80.8415	94.1998
0.08736	0	1.08689e+06	887988	44245.2	81.0639	94.1523
0.0876	0	1.11301e+06	1.08083e+06	44056.2	79.5145	94.4642
0.08784	0	1.10144e+06	930097	43780.6	77.2443	94.8396
0.08808	0	1.10455e+06	857708	43505.1	74.9642	95.1199
0.08832	0	1.13323e+06	977037	43191.5	72.3631	95.3223
0.08856	0	1.16608e+06	1.1306e+06	42649.3	66.7872	95.9378
0.0888	0	1.16841e+06	891568	42107.2	61.4658	97.0582
0.08904	0	1.20308e+06	929629	41565.1	56.4606	98.6924
0.08928	0	1.25879e+06	1.15584e+06	40987.2	52.0951	101.918
0.08952	0	1.26244e+06	1.09663e+06	40382.5	48.2286	106.529
0.08976	0	1.26808e+06	964282	39777.8	44.8257	112.261
0.09	0	1.2959e+06	1.09904e+06	39173.2	41.9357	119.061
0.09024	0	1.34908e+06	1.37789e+06	38974.8	41.0038	121.427
0.09048	0	1.31402e+06	1.07383e+06	38776.5	40.0739	123.86
0.09072	0	1.31894e+06	1.11637e+06	38578.2	39.1469	126.363
0.09096	0	1.35558e+06	1.36538e+06	38633.1	39.4034	125.662
0.0912	0	1.35099e+06	1.37216e+06	39025.8	41.2429	120.813
0.09144	0	1.3334e+06	1.19027e+06	39418.4	43.0897	116.225
0.09168	0	1.3381e+06	1.28284e+06	39811.1	45.0015	111.915
0.09192	0	1.38197e+06	1.52132e+06	40368.5	48.145	106.648
0.09216	0	1.35431e+06	1.29533e+06	40953.5	51.8664	102.147
0.0924	0	1.35474e+06	1.23204e+06	41538.5	56.2231	98.7862
0.09264	0	1.37985e+06	1.3588e+06	42047.7	60.9015	97.212
0.09288	0	1.40752e+06	1.50484e+06	42367.7	63.983	96.4569
0.09312	0	1.38969e+06	1.22211e+06	42687.7	67.1758	95.8775
0.09336	0	1.40267e+06	1.25155e+06	43007.7	70.4809	95.4706
0.0936	0	1.44834e+06	1.53575e+06	43098.5	71.4396	95.3862
0.09384	0	1.43571e+06	1.33841e+06	43097.6	71.4306	95.387
0.09408	0	1.4407e+06	1.21628e+06	43096.8	71.4216	95.3877
0.09432	0	1.46518e+06	1.35982e+06	43085.1	71.298	95.3978
0.09456	0	1.51121e+06	1.6434e+06	43008.7	70.4913	95.4696
0.0948	0	1.48785e+06	1.2724e+06	42932.2	69.691	95.5512
0.09504	0	1.49888e+06	1.30796e+06	42855.7	68.8972	95.6425
0.09528	0	1.54582e+06	1.63447e+06	42827.2	68.6029	95.679
0.09552	0	1.54627e+06	1.53564e+06	42834.6	68.6797	95.6694
0.09576	0	1.547e+06	1.3345e+06	42842.1	68.7565	95.6598
0.096	0	1.56978e+06	1.49398e+06	42849.5	68.8334	95.6503
0.09624	0	1.63686e+06	1.77189e+06	42888.2	69.2337	95.6025
0.09648	0	1.60749e+06	1.46979e+06	42926.9	69.6357	95.5572
0.09672	0	1.62592e+06	1.44318e+06	42965.5	70.0393	95.5144
0.09696	0	1.67534e+06	1.69336e+06	42999.3	70.3928	95.4791
0.0972	0	1.69208e+06	1.72427e+06	43026.5	70.6786	95.452
0.09744	0	1.69082e+06	1.52331e+06	43053.6	70.9651	95.4262
0.09768	0	1.71376e+06	1.61247e+06	43080.8	71.2525	95.4016
0.09792	0	1.78311e+06	1.91157e+06	43092.6	71.3777	95.3912
0.09816	0	1.75732e+06	1.63597e+06	43101.9	71.4759	95.3833
0.0984	0	1.77556e+06	1.59864e+06	43111.2	71.5742	95.3755
0.09864	0	1.82686e+06	1.76523e+06	43137.3	71.8522	95.3543
0.09888	0	1.85786e+06	2.00411e+06	43205.6	72.4805	95.3159
0.09912	0	1.8449e+06	1.64069e+06	43274	73.0474	95.2812
0.09936	0	1.8856e+06	1.74559e+06	43342.3	73.6142	95.2406
0.0996	0	1.96457e+06	2.18336e+06	43421.9	74.2746	95.1858
0.09984	0	1.9548e+06	1.90498e+06	43506.1	74.9722	95.1191
0.10008	0	1.96872e+06	1.7281e+06	43590.2	75.6693	95.0435
0.10032	0	2.02985e+06	2.00561e+06	43654.2	76.1993	94.98
0.10056	1	2.11114e+06	2.23822e+06	43597.6	75.7305	95.0365
0.1008	0	2.08334e+06	1.91861e+06	43540.9	75.2613	95.0889
0.10104	0	2.11573e+06	1.95942e+06	43484.3	74.7919	95.1372
0.10128	0	2.21122e+06	2.2444e+06	43297.7	73.2441	95.2678
0.10152	0	2.21832e+06	2.22745e+06	43013.5	70.5426	95.4647
0.10176	0	2.22553e+06	1.99785e+06	42729.4	67.6003	95.8147
0.102	0	2.29924e+06	2.1315e+06	42445.3	64.7467	96.3005
0.10224	0	2.42684e+06	2.78512e+06	41758.1	58.2071	98.0502
0.10248	0	2.3798e+06	2.07743e+06	41071	52.671	101.36
0.10272	0	2.43974e+06	2.05594e+06	40383.8	48.2363	106.518
0.10296	0	2.5642e+06	2.51196e+06	39732.2	44.5859	112.744
0.1032	0	2.5887e+06	2.53702e+06	39128	41.7235	119.593
0.10344	1	2.57732e+06	2.2844e+06	38523.8	38.8937	127.061
0.10368	0	2.61781e+06	2.56023e+06	37919.7	36.0934	135.207
0.10392	0	2.74867e+06	3.04465e+06	37730.5	35.1765	137.874
0.10416	0	2.72212e+06	2.64302e+06	37610.6	34.5797	139.547
0.1044	0	2.7609e+06	2.48029e+06	37490.6	33.9724	141.206
0.10464	0	2.87222e+06	2.89337e+06	37376.5	33.3857	142.768
0.10488	0	2.95013e+06	3.375e+06	37277	32.8678	144.116
0.10512	1	2.91708e+06	2.66497e+06	37177.6	32.3443	145.453
0.10536	2	2.97356e+06	2.80325e+06	37078.1	31.8158	146.776
0.1056	1	3.09891e+06	3.17605e+06	37132.6	32.1058	146.053
0.10584	1	3.04724e+06	2.9542e+06	37248.6	32.7187	144.5
0.10608	0	3.04387e+06	2.82056e+06	37364.6	33.3242	142.929
0.10632	2	3.12284e+06	3.12073e+06	37521.1	34.1276	140.786
0.10656	0	3.23917e+06	4.02057e+06	37920	36.095	135.202
0.1068	3	3.17033e+06	3.001e+06	38319	37.9411	129.742
0.10704	1	3.18662e+06	3.07165e+06	38717.9	39.7997	124.592
0.10728	1	3.29384e+06	3.48156e+06	38973.1	40.9958	121.447
0.10752	2	3.24337e+06	3.32138e+06	39120.6	41.6885	119.681
0.10776	4	3.18908e+06	2.88335e+06	39268	42.3819	117.952
0.108	5	3.22466e+06	3.10913e+06	39415.5	43.0759	116.259
0.10824	4	3.39018e+06	4.08866e+06	39149.7	41.8255	119.337
0.10848	7	3.25804e+06	3.03249e+06	38884	40.5776	122.533
0.10872	4	3.26907e+06	3.04256e+06	38618.3	39.334	125.851
0.10896	9	3.35068e+06	3.31312e+06	38332.1	38.0019	129.568
0.1092	6	3.32703e+06	3.56234e+06	38018.6	36.554	133.818
0.10944	9	3.23853e+06	2.96467e+06	37705.1	35.0511	138.229
0.10968	10	3.26119e+06	3.2822e+06	37391.7	33.4643	142.56
0.10992	14	3.39495e+06	3.78844e+06	37255.5	32.7549	144.407
0.11016	7	3.25806e+06	3.20817e+06	37148.9	32.1922	145.836
0.1104	9	3.23338e+06	3.00779e+06	37042.2	31.624	147.25
0.11064	10	3.30131e+06	3.22406e+06	36936.7	31.0565	148.634
0.11088	9	3.32473e+06	4.0048e+06	36833.8	30.4994	149.968
0.11112	9	3.18301e+06	3.04472e+06	36730.9	29.9388	151.285
0.11136	15	3.16203e+06	3.08822e+06	36628	29.3752	152.586
0.1116	8	3.26482e+06	3.41001e+06	36566.3	29.0362	153.358
0.11184	21	3.12802e+06	3.17947e+06	36521.1	28.7872	153.92
0.11208	19	3.0335e+06	2.8412e+06	36475.9	28.5379	154.478
0.11232	17	3.04478e+06	3.09568e+06	36419.7	28.2277	155.166
0.11256	11	3.10457e+06	3.81847e+06	36297.7	27.5531	156.642
0.1128	23	2.93164e+06	2.86018e+06	36175.7	26.8172	157.804
0.11304	14	2.91336e+06	2.82778e+06	36053.7	26.0043	158.533
0.11328	22	2.97579e+06	3.10172e+06	35859.2	24.7477	159.714
0.11352	11	2.85961e+06	2.98788e+06	35610.4	23.2092	161.257
0.11376	25	2.73118e+06	2.65707e+06	35361.5	21.7466	162.839
0.114	19	2.72384e+06	2.76072e+06	35112.7	20.3576	164.459
0.11424	26	2.81607e+06	3.28287e+06	35040	19.9652	164.94
0.11448	20	2.62609e+06	2.6836e+06	34967.2	19.5788	165.424
0.11472	25	2.56544e+06	2.56493e+06	34894.5	19.1984	165.912
0.11496	34	2.59936e+06	2.88183e+06	34846	18.9482	166.239
0.1152	20	2.54696e+06	2.95037e+06	34829.9	18.8655	166.348
0.11544	20	2.43614e+06	2.4908e+06	34813.7	18.7831	166.457
0.11568	18	2.44667e+06	2.5362e+06	34797.6	18.7009	166.567
0.11592	22	2.5335e+06	2.98908e+06	34651.7	17.9711	167.565
0.11616	21	2.38295e+06	2.54838e+06	34484.1	17.1666	168.766
0.1164	24	2.34549e+06	2.31254e+06	34316.5	16.5346	171.113
0.11664	25	2.40885e+06	2.63543e+06	34153.8	15.9463	173.519
0.11688	22	2.37696e+06	2.92834e+06	34003.3	15.4233	175.859
0.11712	20	2.15806e+06	2.3392e+06	33852.7	14.9199	178.314
0.11736	20	2.07878e+06	2.32364e+06	33702.2	14.4353	180.886
0.1176	25	2.10419e+06	2.80151e+06	33258.3	13.109	189.194
0.11784	11	1.91253e+06	2.29812e+06	32697	11.6331	201.272
0.11808	20	1.82803e+06	1.96982e+06	32135.7	10.2952	213.755
0.11832	18	1.90014e+06	2.14652e+06	31799.4	9.51306	221.787
0.11856	12	2.0445e+06	2.65696e+06	32812.7	11.9176	198.718
0.1188	19	2.22181e+06	2.16839e+06	33825.9	14.8323	178.763
0.11904	21	2.48804e+06	2.47265e+06	34839.2	18.9131	166.285
0.11928	22	2.71259e+06	3.1242e+06	41891.2	59.4338	97.6466
0.11952	16	2.79955e+06	3.25692e+06	53472.2	170.393	56.4173
0.11976	0	2.72635e+06	1.91448e+06	65053.2	315.431	38.2496
