0	0	0	0	56663.4	206.559	49.6882
0.00024	0	0	0	56668.7	206.623	49.6771
0.00048	0	0	0	56674.1	206.688	49.666
0.00072	0	0	0	56679.4	206.752	49.655
0.00096	0	0	0	56684.9	206.817	49.6437
0.0012	0	0	0	56690.4	206.884	49.6322
0.00144	0	0	0	56696	206.95	49.6207
0.00168	0	0	0	56701.6	207.017	49.6092
0.00192	0	0	0	56707.3	207.087	49.5974
0.00216	0	0	0	56713.1	207.156	49.5854
0.0024	0	0	0	56718.9	207.226	49.5735
0.00264	0	0	0	56724.8	207.296	49.5614
0.00288	0	0	0	56730.9	207.369	49.5489
0.00312	0	0	0	56736.9	207.442	49.5365
0.00336	0	0	0	56743	207.514	49.5241
0.0036	0	0	0	56749.2	207.589	49.5113
0.00384	0	0	0	56755.5	207.665	49.4984
0.00408	0	0	0	56761.8	207.741	49.4854
0.00432	0	0	0	56768.2	207.818	49.4724
0.00456	0	0	0	56774.7	207.897	49.459
0.0048	0	0	0	56781.3	207.976	49.4455
0.00504	0	0	0	56787.9	208.055	49.4321
0.00528	0	0	0	56794.7	208.137	49.4183
0.00552	0	0	0	56801.5	208.219	49.4043
0.00576	0	0	0	56808.4	208.302	49.3902
0.006	0	0	0	56815.3	208.385	49.3762
0.00624	0	0	0	56822.5	208.472	49.3616
0.00648	0	0	0	56829.6	208.558	49.347
0.00672	0	0	0	56836.8	208.645	49.3324
0.00696	0	0	0	56844.2	208.733	49.3175
0.0072	0	0	0	56851.7	208.824	49.3023
0.00744	0	0	0	56859.2	208.915	49.2871
0.00768	0	0	0	56866.7	209.006	49.2719
0.00792	0	0	0	56874.5	209.1	49.2561
0.00816	0	0	0	56882.3	209.195	49.2402
0.0084	0	0	0	56890.2	209.29	49.2243
0.00864	0	0	0	56898.1	209.386	49.2082
0.00888	0	0	0	56906.4	209.486	49.1916
0.00912	0	0	0	56914.6	209.585	49.1751
0.00936	0	0	0	56922.8	209.685	49.1585
0.0096	0	0	0	56931.3	209.788	49.1414
0.00984	0	1	0	56939.9	209.892	49.1241
0.01008	0	0	0	56948.5	209.997	49.1068
0.01032	0	0	0	56957.2	210.102	49.0894
0.01056	0	0	0	56966.2	210.212	49.0713
0.0108	0	0	0	56975.2	210.321	49.0532
0.01104	0	1	0	56984.3	210.431	49.0351
0.01128	0	0	0	56993.5	210.544	49.0166
0.01152	0	2	0	57003	210.659	48.9977
0.01176	0	0	0	57012.5	210.774	48.9788
0.012	0	0	0	57021.9	210.889	48.9599
0.01224	0	0	0	57031.9	211.01	48.9401
0.01248	0	0	0	57041.8	211.132	48.9209
0.01272	0	3	0	57051.8	211.259	48.9065
0.01296	0	0	2	57061.9	211.39	48.8917
0.0132	0	0	0	57072.4	211.524	48.8766
0.01344	0	0	0	57082.8	211.658	48.8615
0.01368	0	1	1	57093.3	211.792	48.8464
0.01392	0	1	0	57104.2	211.932	48.8306
0.01416	0	0	0	57115.1	212.074	48.8148
0.0144	0	0	0	57126.1	212.215	48.7989
0.01464	0	0	0	57137.3	212.358	48.7829
0.01488	0	3	0	57148.8	212.507	48.7662
0.01512	0	2	0	57160.4	212.656	48.7496
0.01536	0	1	0	57171.9	212.804	48.733
0.0156	0	0	1	57183.9	212.959	48.7158
0.01584	0	0	0	57196.1	213.116	48.6983
0.01608	0	1	0	57208.3	213.273	48.6809
0.01632	0	1	1	57220.6	213.431	48.6633
0.01656	0	5	1	57233.4	213.596	48.645
0.0168	0	1	0	57246.2	213.762	48.6267
0.01704	0	3	0	57259.1	213.927	48.6084
0.01728	0	0	1	57272.3	214.098	48.5895
0.01752	0	0	1	57285.8	214.273	48.5702
0.01776	0	5	2	57299.4	214.448	48.551
0.018	0	4	1	57312.9	214.623	48.5318
0.01824	0	3	0	57327.2	214.808	48.5115
0.01848	0	4	0	57341.5	214.993	48.4912
0.01872	0	1	3	57355.8	215.178	48.471
0.01896	0	8	1	57370.5	215.368	48.4503
0.0192	0	4	2	57385.6	215.564	48.4289
0.01944	0	3	1	57400.8	215.76	48.4076
0.01968	0	2	2	57415.9	215.956	48.3863
0.01992	0	4	3	57431.8	216.162	48.3639
0.02016	0	4	1	57447.8	216.369	48.3414
0.0204	0	3	4	57463.8	216.577	48.319
0.02064	0	3	0	57480.1	216.789	48.2961
0.02088	0	4	0	57497.1	217.009	48.2724
0.02112	0	6	0	57514.1	217.23	48.2487
0.02136	0	7	0	57531.1	217.45	48.2251
0.0216	0	7	2	57548.8	217.68	48.2004
0.02184	0	6	0	57566.8	217.914	48.1754
0.02208	0	8	0	57584.8	218.149	48.1504
0.02232	0	9	4	57602.9	218.385	48.1252
0.02256	0	7	2	57622.1	218.634	48.0988
0.0228	0	6	3	57641.2	218.884	48.0723
0.02304	0	7	1	57660.3	219.133	48.0459
0.02328	0	8	1	57680.2	219.392	48.0186
0.02352	0	5	7	57700.5	219.657	47.9906
0.02376	0	19	2	57720.9	219.923	47.9627
0.024	0	13	3	57741.2	220.189	47.9348
0.02424	0	11	5	57762.9	220.472	47.9052
0.02448	0	13	3	57784.6	220.755	47.8756
0.02472	0	16	4	57806.2	221.039	47.8461
0.02496	0	17	2	57828.5	221.331	47.8158
0.0252	0	14	4	57851.6	221.633	47.7845
0.02544	0	15	6	57874.7	221.936	47.7532
0.02568	0	13	0	57897.8	222.239	47.7219
0.02592	0	17	4	57922.3	222.56	47.689
0.02616	0	24	3	57946.9	222.883	47.6558
0.0264	0	24	4	57971.6	223.207	47.6226
0.02664	0	25	3	57996.7	223.538	47.5889
0.02688	0	27	4	58023.1	223.884	47.5537
0.02712	0	35	4	58049.4	224.231	47.5185
0.02736	0	30	5	58075.8	224.578	47.4834
0.0276	0	26	5	58103.5	224.943	47.4466
0.02784	0	33	4	58131.7	225.315	47.4092
0.02808	0	36	4	58160	225.688	47.3718
0.02832	0	27	8	58188.5	226.065	47.3342
0.02856	0	37	9	58218.8	226.465	47.2943
0.0288	0	44	5	58249.1	226.866	47.2546
0.02904	0	52	9	58279.4	227.266	47.2149
0.02928	0	51	3	58310.9	227.684	47.1737
0.02952	0	42	6	58343.4	228.115	47.1314
0.02976	0	54	9	58375.9	228.546	47.0892
0.03	0	69	5	58408.4	228.977	47.0472
0.03024	0	77	8	58443.4	229.441	47.002
0.03048	0	65	9	58478.3	229.906	46.957
0.03072	0	74	9	58513.3	230.371	46.9121
0.03096	0	80	12	58549.5	230.852	46.8659
0.0312	0	75	11	58587.2	231.355	46.8178
0.03144	0	71	5	58624.9	231.858	46.7698
0.03168	0	102	7	58662.6	232.361	46.722
0.03192	0	88	7	58702.9	232.899	46.6712
0.03216	0	99	8	58743.5	233.442	46.62
0.0324	0	119	11	58784.2	233.979	46.5648
0.03264	0	131	8	58825.8	234.501	46.4923
0.03288	0	139	7	58869.7	235.051	46.4159
0.03312	0	145	7	58913.6	235.601	46.3397
0.03336	0	160	6	58957.5	236.152	46.2636
0.0336	0	154	11	59003.8	236.734	46.1833
0.03384	0	193	9	59051.3	237.328	46.1014
0.03408	0	207	11	59098.7	237.923	46.0196
0.03432	0	250	7	59146.6	238.525	45.9371
0.03456	0	227	6	59198	239.17	45.8488
0.0348	0	229	10	59249.5	239.815	45.7606
0.03504	0	233	7	59300.9	240.459	45.6727
0.03528	0	279	6	59354.8	241.136	45.5806
0.03552	0	282	12	59410.6	241.836	45.4855
0.03576	0	335	4	59466.4	242.536	45.3907
0.036	0	349	10	59522.2	243.236	45.296
0.03624	0	355	7	59582.8	243.995	45.1935
0.03648	0	401	6	59643.4	244.755	45.0913
0.03672	0	445	10	59704	245.514	44.9892
0.03696	0	469	6	59766.8	246.302	44.8837
0.0372	0	485	11	59832.7	247.127	44.7734
0.03744	0	519	1	59898.5	247.951	44.6634
0.03768	0	586	4	59964.4	248.776	44.5536
0.03792	0	614	5	60035.1	249.661	44.4361
0.03816	0	656	1	60106.6	250.556	44.3175
0.0384	0	759	2	60178.2	251.451	44.1993
0.03864	0	770	8	60251.5	252.367	44.0785
0.03888	0	801	4	60329.2	253.338	43.9508
0.03912	0	924	5	60406.9	254.309	43.8235
0.03936	0	1115	3	60484.6	255.279	43.6966
0.0396	0	999	7	60567.3	256.335	43.5823
0.03984	0	1139	2	60651.9	257.429	43.4752
0.04008	0	1156	13	60736.5	258.525	43.3688
0.04032	0	1438	13	60822.3	259.639	43.2617
0.04056	0	1322	3	60914.8	260.843	43.1469
0.0408	0	1439	4	61007.3	262.049	43.0331
0.04104	0	1604	8	61099.7	263.259	42.92
0.04128	0	1683	8	61196.9	264.533	42.8021
0.04152	0	1915	5	61297.7	265.856	42.6808
0.04176	0	1918	8	61398.4	267.183	42.5606
0.042	0	2100	8	61499.1	268.513	42.4412
0.04224	0	2332	5	61608.6	269.963	42.3126
0.04248	0	2548	10	61718.1	271.416	42.1851
0.04272	0	2575	11	61827.6	272.874	42.0587
0.04296	0	2937	12	61941.2	274.389	41.9288
0.0432	0	3063	9	62060.1	275.98	41.794
0.04344	0	3211	8	62179	277.575	41.6605
0.04368	0	3578	5	62297.9	279.191	41.5142
0.04392	0	3945	7	62425.5	280.946	41.3398
0.04416	0	4016	5	62554.5	282.718	41.1647
0.0444	0	4338	5	62683.5	284.487	40.9909
0.04464	0	4811	5	62815.6	286.296	40.8143
0.04488	0	4856	10	62955.3	288.206	40.629
0.04512	0	5403	5	63094.9	290.112	40.4452
0.04536	0	6017	2	63234.6	292.015	40.2629
0.0456	0	6148	6	63381.8	294.015	40.0724
0.04584	0	6692	4	63531.9	296.051	39.8797
0.04608	0	7341	6	63682	298.081	39.6886
0.04632	0	7734	6	63833.7	300.127	39.4973
0.04656	0	8222	7	63994.5	302.276	39.2994
0.0468	0	8766	6	64155.2	304.293	39.1344
0.04704	0	9729	2	64316	306.303	38.9715
0.04728	0	10273	4	64481.7	308.368	38.8056
0.04752	0	10993	5	64651.1	310.473	38.6381
0.04776	0	11907	2	64820.6	312.568	38.4729
0.048	0	12528	4	64990.1	314.655	38.3099
0.04824	0	13714	1	65167.6	316.833	38.1414
0.04848	0	14630	6	65345.2	318.999	37.9752
0.04872	0	15864	4	65522.7	321.155	37.8114
0.04896	0	16831	4	65703.2	323.335	37.6473
0.0492	0	17698	0	65887.5	325.599	37.4682
0.04944	0	18864	5	66071.8	327.885	37.2864
0.04968	0	20213	5	66256.1	330.192	37.1027
0.04992	0	22027	2	66442.7	332.548	36.9148
0.05016	0	23404	4	66629.7	334.93	36.7246
0.0504	0	24646	8	66816.7	337.333	36.5326
0.05064	0	26778	8	67003.1	339.751	36.3392
0.05088	0	28279	4	67188.2	342.173	36.1455
0.05112	0	30159	3	67373.3	344.617	35.9501
0.05136	0	32355	3	67558.5	347.186	35.7339
0.0516	0	34354	2	67736.4	349.738	35.5161
0.05184	0	36456	4	67911.5	352.26	35.3055
0.05208	0	39191	3	68086.6	354.792	35.0986
0.05232	0	41219	2	68259.4	357.301	34.8979
0.05256	0	44021	5	68418.1	359.616	34.7166
0.0528	0	46541	4	68576.8	361.939	34.5382
0.05304	0	49216	2	68735.5	364.27	34.3627
0.05328	0	53047	3	68876.3	366.348	34.2091
0.05352	0	55863	0	69003.9	368.235	34.072
0.05376	0	58695	4	69131.4	370.127	33.9367
0.054	0	62472	1	69259	371.962	33.832
0.05424	0	65554	2	69349.1	373.226	33.7724
0.05448	0	69303	4	69439.2	374.486	33.7127
0.05472	0	73421	4	69529.3	375.744	33.653
0.05496	0	75970	2	69599.6	376.722	33.6064
0.0552	0	80896	3	69643.3	377.329	33.5774
0.05544	0	84637	6	69687	377.936	33.5483
0.05568	0	88976	4	69730.7	378.542	33.5193
0.05592	0	92578	4	69722.9	378.435	33.5244
0.05616	0	96615	3	69706.7	378.209	33.5352
0.0564	0	101507	2	69690.4	377.983	33.546
0.05664	0	105052	4	69656.2	377.509	33.5688
0.05688	0	110401	4	69577.3	376.411	33.6212
0.05712	0	115073	3	69498.3	375.312	33.6735
0.05736	0	118765	5	69419.4	374.209	33.7258
0.0576	0	122404	1	69291.4	372.416	33.8106
0.05784	0	126748	0	69143.7	370.309	33.9238
0.05808	0	132393	4	68996	368.118	34.0805
0.05832	0	134526	4	68840.7	365.821	34.2478
0.05856	0	138883	1	68639.5	362.859	34.4685
0.0588	0	143577	5	68438.4	359.912	34.6937
0.05904	0	146907	2	68237.2	356.979	34.9235
0.05928	0	149950	0	68006.9	353.637	35.1924
0.05952	0	152521	7	67754.7	350	35.494
0.05976	0	155570	3	67502.5	346.386	35.8032
0.06	0	158538	2	67250.3	342.99	36.0802
0.06024	0	161595	8	66965.3	339.259	36.3786
0.06048	0	164518	3	66680.3	335.579	36.6728
0.06072	0	167606	4	66395.4	331.948	36.9627
0.06096	0	169185	3	66103.8	328.285	37.2547
0.0612	0	170865	3	65803.5	324.564	37.5504
0.06144	0	173779	3	65503.2	320.918	37.8293
0.06168	0	176172	2	65202.9	317.263	38.1082
0.06192	0	176680	1	64898	313.523	38.3982
0.06216	0	176155	2	64592.4	309.744	38.6959
0.0624	0	178524	2	64286.8	305.939	39.0009
0.06264	0	178618	5	63985.4	302.161	39.3088
0.06288	0	179836	5	63694.3	298.247	39.6731
0.06312	0	180605	2	63403.3	294.307	40.0447
0.06336	0	181994	2	63112.2	290.348	40.4226
0.0636	0	181188	2	62824.2	286.414	40.8028
0.06384	0	181899	7	62537.5	282.484	41.1877
0.06408	0	184010	4	62250.7	278.541	41.5791
0.06432	0	183959	3	61966.4	274.726	41.9001
0.06456	0	181706	2	61696.9	271.134	42.2098
0.0648	0	183703	2	61427.4	267.566	42.5261
0.06504	0	183780	13	61157.9	264.021	42.8493
0.06528	0	182811	8	60895.8	260.596	43.1704
0.06552	0	181806	7	60639.2	257.265	43.4912
0.06576	0	182620	4	60382.6	254.006	43.8632
0.066	0	180791	6	60126	250.799	44.2854
0.06624	0	179899	4	59897.8	247.942	44.6646
0.06648	0	181755	7	59669.5	245.082	45.0473
0.06672	0	178140	88	59441.2	242.22	45.4335
0.06696	0	177975	186	59233.7	239.617	45.7876
0.0672	0	175673	523	59053.9	237.361	46.0969
0.06744	0	176949	973	58874	235.105	46.4084
0.06768	0	174121	2099	58694.2	232.783	46.6822
0.06792	0	172036	2665	58553.8	230.91	46.8603
0.06816	0	172486	3348	58420	229.131	47.0322
0.0684	0	172936	4028	58286.2	227.357	47.206
0.06864	0	173352	5587	58171.6	225.842	47.3564
0.06888	0	170757	8378	58105.2	224.965	47.4444
0.06912	0	172408	11134	58038.7	224.089	47.5329
0.06936	0	172107	14302	57972.2	223.215	47.6218
0.0696	0	172283	15830	57953.7	222.973	47.6466
0.06984	0	171935	19357	57954.5	222.983	47.6456
0.07008	0	175567	21734	57955.3	222.993	47.6446
0.07032	0	177676	25468	57967.6	223.154	47.628
0.07056	0	177889	32089	58049	224.225	47.5191
0.0708	0	179288	33344	58130.4	225.298	47.4109
0.07104	0	182617	37751	58211.8	226.373	47.3035
0.07128	0	182016	44579	58336.4	228.022	47.1406
0.07152	0	186028	47171	58493.3	230.105	46.9378
0.07176	0	188803	48819	58650.2	232.195	46.7378
0.072	0	190600	57296	58807.1	234.266	46.5249
0.07224	0	194271	61210	59028.7	237.046	46.1403
0.07248	0	197905	64837	59250.3	239.825	45.7592
0.07272	0	203238	69755	59471.9	242.605	45.3814
0.07296	0	207299	76043	59718	245.689	44.9658
0.0732	0	212484	80847	59996.6	249.179	44.5001
0.07344	0	219946	84802	60275.2	252.664	44.0394
0.07368	0	224070	90154	60553.8	256.161	43.5993
0.07392	0	228990	99319	60878	260.364	43.1924
0.07416	0	235874	102647	61209.8	264.702	42.7865
0.0744	0	243168	109737	61541.6	269.075	42.3912
0.07464	0	251101	116551	61889.5	273.699	41.9878
0.07488	0	258363	123159	62277.6	278.912	41.5421
0.07512	0	267982	130696	62665.8	284.244	41.0147
0.07536	0	277006	137168	63053.9	289.552	40.4991
0.0756	0	286846	143071	63446.3	294.891	39.9893
0.07584	0	296204	150326	63840.4	300.218	39.4888
0.07608	0	309175	155254	64234.6	305.286	39.0537
0.07632	0	322974	163757	64618.7	310.071	38.67
0.07656	0	337300	172074	64943	314.077	38.3549
0.0768	0	350955	177476	65267.3	318.05	38.0478
0.07704	0	368675	185533	65591.5	321.988	37.7485
0.07728	0	387692	198206	65771	324.164	37.5821
0.07752	0	407076	205437	65841.8	325.035	37.513
0.07776	0	432289	211510	65912.6	325.909	37.4436
0.078	0	455465	222212	65983.4	326.786	37.3739
0.07824	0	484397	240860	65507.1	320.966	37.8257
0.07848	0	517212	245848	65030.9	315.157	38.2709
0.07872	0	551571	257211	64554.7	309.275	38.7332
0.07896	0	591892	274265	63689.7	298.185	39.6789
0.0792	0	627176	284517	62306.5	279.309	41.5024
0.07944	0	665499	289755	60923.3	260.954	43.1364
0.07968	0	712185	301016	59540.1	243.459	45.2658
0.07992	0	761242	320536	57361	215.245	48.4637
0.08016	0	789812	323319	55049.2	187.95	53.2456
0.0804	0	815546	330707	52737.5	161.96	57.7454
0.08064	1	840846	349341	50358.7	136.143	64.0735
0.08088	2	860579	366951	47812.3	111.158	73.1031
0.08112	1	853702	365657	45265.9	90.1717	90.9474
0.08136	2	848947	382926	42719.4	67.4985	95.8295
0.0816	4	858218	426466	40677.9	50.0554	104.145
0.08184	2	850963	444399	38838.3	40.3634	123.094
0.08208	2	853199	475261	36998.7	31.3906	147.823
0.08232	9	863207	536650	35334	21.5894	163.016
0.08256	5	876378	605357	34718.6	18.3027	167.106
0.0828	5	873240	608819	34103.1	15.7678	174.296
0.08304	14	882473	652313	33487.6	13.7758	184.762
0.08328	16	900900	732959	33472.3	13.7301	185.049
0.08352	13	905585	757812	33907.1	15.0995	177.414
0.08376	27	909355	757063	34341.9	16.6286	170.75
0.084	33	929696	808577	34776.7	18.5951	166.709
0.08424	33	956458	907334	35730.6	23.943	160.507
0.08448	40	951488	835537	36684.5	29.6851	151.874
0.08472	52	964127	848572	37638.4	34.7193	139.16
0.08496	66	982824	931363	38591	39.2067	126.199
0.0852	75	988839	951547	39541.7	43.6702	114.836
0.08544	62	990281	875154	40492.4	48.8951	105.612
0.08568	78	1.0107e+06	904543	41443.2	55.3778	99.1331
0.08592	94	1.04042e+06	1.04908e+06	42043.4	60.86	97.2236
0.08616	125	1.0278e+06	885350	42585.1	66.14	96.0443
0.0864	132	1.03307e+06	858791	43126.9	71.7412	95.3627
0.08664	167	1.06784e+06	960574	43527.9	75.1528	95.1004
0.08688	178	1.08563e+06	1.021e+06	43576.9	75.559	95.0561
0.08712	221	1.07421e+06	842949	43625.9	75.9649	95.0088
0.08736	214	1.08687e+06	887959	43674.9	76.3707	94.9584
0.0876	296	1.113e+06	1.08079e+06	43460.2	74.5923	95.1565
0.08784	314	1.10143e+06	930054	43140	71.8809	95.3522
0.08808	347	1.10453e+06	857663	42819.8	68.5263	95.6888
0.08832	408	1.13322e+06	976974	42453.1	64.824	96.2853
0.08856	460	1.16606e+06	1.13054e+06	41807.8	58.6625	97.8959
0.0888	511	1.1684e+06	891485	41162.4	53.3117	100.773
0.08904	519	1.20306e+06	929567	40517.1	49.0467	105.411
0.08928	536	1.25878e+06	1.15572e+06	39826.8	45.0851	111.753
0.08952	622	1.26243e+06	1.09648e+06	39102.7	41.6043	119.894
0.08976	622	1.26807e+06	964103	38378.6	38.2179	128.954
0.09	698	1.2959e+06	1.09879e+06	37654.5	34.7997	138.936
0.09024	784	1.34908e+06	1.37762e+06	37418.2	33.6013	142.198
0.09048	790	1.31402e+06	1.07355e+06	37181.9	32.3673	145.394
0.09072	870	1.31894e+06	1.116e+06	36945.6	31.1049	148.517
0.09096	923	1.35558e+06	1.36494e+06	37014.3	31.4745	147.617
0.0912	917	1.35099e+06	1.37169e+06	37489.7	33.9678	141.218
0.09144	963	1.3334e+06	1.18983e+06	37965.1	36.308	134.564
0.09168	966	1.3381e+06	1.28245e+06	38440.4	38.5052	128.143
0.09192	1020	1.38197e+06	1.52092e+06	39114.1	41.6581	119.758
0.09216	1109	1.3543e+06	1.29495e+06	39820.9	45.0538	111.813
0.0924	1158	1.35473e+06	1.23166e+06	40527.6	49.1119	105.325
0.09264	1236	1.37984e+06	1.35846e+06	41143	53.1746	100.895
0.09288	1291	1.40749e+06	1.50459e+06	41529.9	56.1462	98.8169
0.09312	1338	1.38967e+06	1.22182e+06	41916.7	59.6715	97.5727
0.09336	1426	1.40264e+06	1.25126e+06	42303.6	63.3565	96.5941
0.0936	1584	1.44832e+06	1.53546e+06	42414.3	64.4412	96.3617
0.09384	1615	1.43568e+06	1.33814e+06	42414.6	64.4443	96.361
0.09408	1859	1.44068e+06	1.21594e+06	42415	64.4473	96.3604
0.09432	1919	1.46513e+06	1.35953e+06	42402.4	64.3236	96.3857
0.09456	1891	1.51117e+06	1.64299e+06	42312.7	63.4452	96.5742
0.0948	2118	1.48782e+06	1.272e+06	42223	62.5754	96.7765
0.09504	2229	1.49885e+06	1.30754e+06	42133.3	61.7143	96.9927
0.09528	2335	1.5458e+06	1.63388e+06	42102.7	61.4227	97.0697
0.09552	2474	1.54624e+06	1.53516e+06	42116.4	61.5536	97.0349
0.09576	2592	1.54698e+06	1.33398e+06	42130.2	61.6847	97.0005
0.096	2662	1.56975e+06	1.49336e+06	42143.9	61.816	96.9663
0.09624	2796	1.63683e+06	1.77127e+06	42198.5	62.34	96.834
0.09648	3009	1.60745e+06	1.46927e+06	42253.2	62.8671	96.7068
0.09672	3149	1.62588e+06	1.44257e+06	42307.8	63.3975	96.5848
0.09696	3242	1.6753e+06	1.6927e+06	42358.3	63.8904	96.4767
0.0972	3419	1.69204e+06	1.7235e+06	42403.2	64.3313	96.3841
0.09744	3496	1.69079e+06	1.52262e+06	42448.1	64.7744	96.295
0.09768	3765	1.71373e+06	1.61171e+06	42493	65.2196	96.2094
0.09792	4031	1.78306e+06	1.91074e+06	42523.7	65.5257	96.1527
0.09816	3998	1.75726e+06	1.63515e+06	42552.1	65.8091	96.1018
0.0984	4183	1.77552e+06	1.59768e+06	42580.5	66.0935	96.0523
0.09864	4496	1.82683e+06	1.7644e+06	42631.3	66.605	95.967
0.09888	4503	1.85782e+06	2.00313e+06	42738.3	67.6907	95.8018
0.09912	4797	1.84484e+06	1.63958e+06	42845.2	68.7891	95.6557
0.09936	4991	1.88553e+06	1.74461e+06	42952.2	69.9	95.5289
0.0996	5156	1.96452e+06	2.18234e+06	43080.2	71.2463	95.4021
0.09984	5470	1.9547e+06	1.90405e+06	43216.7	72.5724	95.3107
0.10008	5678	1.96864e+06	1.7271e+06	43353.2	73.7045	95.2336
0.10032	5877	2.02976e+06	2.00449e+06	43466.9	74.6474	95.1513
0.10056	5951	2.11105e+06	2.23711e+06	43444.2	74.4592	95.169
0.1008	6439	2.08325e+06	1.91755e+06	43421.5	74.271	95.1861
0.10104	6473	2.11568e+06	1.95817e+06	43398.8	74.0827	95.2025
0.10128	6788	2.21114e+06	2.24316e+06	43223	72.6244	95.3076
0.10152	6984	2.21827e+06	2.22609e+06	42932.4	69.6929	95.551
0.10176	7200	2.22547e+06	1.99633e+06	42641.8	66.7105	95.95
0.102	7499	2.29921e+06	2.12943e+06	42351.2	63.8208	96.4917
0.10224	7729	2.4268e+06	2.78278e+06	41566.8	56.4756	98.6865
0.10248	7719	2.37978e+06	2.0747e+06	40782.4	50.7294	103.362
0.10272	7888	2.43973e+06	2.05221e+06	39998	46.0148	110.036
0.10296	7929	2.56418e+06	2.50748e+06	39247	42.2829	118.197
0.1032	8119	2.5887e+06	2.5316e+06	38540.4	38.971	126.847
0.10344	8158	2.57732e+06	2.27819e+06	37833.9	35.6815	136.42
0.10368	8107	2.6178e+06	2.55278e+06	37127.4	32.0782	146.122
0.10392	8064	2.74866e+06	3.03639e+06	36902.3	30.8709	149.081
0.10416	7976	2.72212e+06	2.63445e+06	36757.5	30.0839	150.946
0.1044	7915	2.76089e+06	2.4716e+06	36612.7	29.291	152.779
0.10464	7878	2.87221e+06	2.88428e+06	36471.4	28.5134	154.532
0.10488	7483	2.95013e+06	3.36584e+06	36339.2	27.7827	156.143
0.10512	7441	2.91707e+06	2.6562e+06	36207	27.0286	157.618
0.10536	7451	2.97356e+06	2.79428e+06	36074.7	26.1429	158.407
0.1056	7297	3.09891e+06	3.16691e+06	36129.5	26.5069	158.079
0.10584	7010	3.04723e+06	2.94527e+06	36259	27.339	157.104
0.10608	6997	3.04387e+06	2.81174e+06	36388.6	28.0557	155.545
0.10632	6886	3.12283e+06	3.11236e+06	36568.8	29.0499	153.327
0.10656	6910	3.23916e+06	4.01258e+06	37053.2	31.6826	147.105
0.1068	6723	3.17033e+06	2.99364e+06	37537.6	34.2115	140.558
0.10704	6898	3.18661e+06	3.06475e+06	38022	36.5696	133.772
0.10728	6755	3.29384e+06	3.47525e+06	38341.2	38.0441	129.448
0.10752	6706	3.24336e+06	3.31532e+06	38536.4	38.9521	126.899
0.10776	6772	3.18908e+06	2.87753e+06	38731.6	39.8638	124.42
0.108	6777	3.22464e+06	3.10329e+06	38926.8	40.7784	122.009
0.10824	6636	3.39017e+06	4.08329e+06	38625.2	39.3665	125.763
0.10848	6684	3.25804e+06	3.02662e+06	38323.6	37.9626	129.681
0.10872	6768	3.26906e+06	3.03642e+06	38022	36.5694	133.772
0.10896	6729	3.35068e+06	3.30668e+06	37690.9	34.9805	138.429
0.1092	6615	3.32702e+06	3.55526e+06	37320.5	33.095	143.528
0.10944	6433	3.23853e+06	2.95723e+06	36950.2	31.1293	148.458
0.10968	6440	3.26118e+06	3.2744e+06	36579.8	29.1104	153.19
0.10992	6150	3.39495e+06	3.78038e+06	36413.9	28.1955	155.237
0.11016	6120	3.25805e+06	3.19983e+06	36282	27.4661	156.83
0.1104	6061	3.23338e+06	2.99957e+06	36150.1	26.645	157.956
0.11064	5851	3.30131e+06	3.21592e+06	36018.5	25.7736	158.745
0.11088	5868	3.32473e+06	3.99668e+06	35887.9	24.9298	159.538
0.11112	5928	3.183e+06	3.03652e+06	35757.2	24.1076	160.342
0.11136	5638	3.16203e+06	3.08008e+06	35626.5	23.3067	161.156
0.1116	5399	3.26482e+06	3.40221e+06	35547.6	22.8331	161.653
0.11184	5313	3.12802e+06	3.17149e+06	35489.3	22.4884	162.022
0.11208	5105	3.03349e+06	2.83334e+06	35431.1	22.1478	162.393
0.11232	5081	3.04478e+06	3.08797e+06	35360.6	21.7412	162.845
0.11256	4902	3.10456e+06	3.81082e+06	35216.7	20.9292	163.777
0.1128	4647	2.93164e+06	2.85289e+06	35072.8	20.1415	164.722
0.11304	4549	2.91336e+06	2.82043e+06	34928.9	19.3775	165.681
0.11328	4386	2.97578e+06	3.09427e+06	34705.3	18.2364	167.197
0.11352	4295	2.85961e+06	2.98074e+06	34421.9	16.9287	169.623
0.11376	4114	2.73118e+06	2.64992e+06	34138.5	15.892	173.753
0.114	3968	2.72383e+06	2.75374e+06	33855.1	14.9276	178.275
0.11424	3804	2.81607e+06	3.27585e+06	33813.6	14.7922	178.971
0.11448	3716	2.62609e+06	2.67666e+06	33772.1	14.6581	179.676
0.11472	3552	2.56544e+06	2.55834e+06	33730.6	14.5255	180.39
0.11496	3434	2.59936e+06	2.87548e+06	33742.7	14.564	180.181
0.1152	3391	2.54696e+06	2.94432e+06	33826.3	14.8334	178.757
0.11544	3205	2.43614e+06	2.48483e+06	33909.8	15.1085	177.37
0.11568	3127	2.44667e+06	2.53039e+06	33993.3	15.3894	176.018
0.11592	2907	2.5335e+06	2.98358e+06	34007.1	15.4364	175.798
0.11616	2894	2.38295e+06	2.54301e+06	34009.3	15.4438	175.764
0.1164	2776	2.34549e+06	2.30734e+06	34011.5	15.4513	175.729
0.11664	2657	2.40885e+06	2.63033e+06	34068	15.6456	174.84
0.11688	2575	2.37696e+06	2.92345e+06	34260.3	16.3285	171.93
0.11712	2488	2.15806e+06	2.33455e+06	34452.6	17.0459	169.197
0.11736	2458	2.07878e+06	2.31917e+06	34645	17.9382	167.611
0.1176	2344	2.10419e+06	2.7973e+06	34611.3	17.7731	167.844
0.11784	2263	1.91253e+06	2.29395e+06	34487.1	17.1783	168.725
0.11808	2177	1.82803e+06	1.96567e+06	34363	16.7071	170.45
0.11832	2147	1.90013e+06	2.14238e+06	34443.1	17.0095	169.328
0.11856	2102	2.0445e+06	2.65294e+06	35748.8	24.0553	160.394
0.1188	2139	2.22181e+06	2.165e+06	37054.4	31.6891	147.089
0.11904	2046	2.48804e+06	2.46949e+06	38360.1	38.1319	129.198
0.11928	2048	2.71258e+06	3.12153e+06	45560.2	93.2294	89.3316
0.11952	1913	2.79927e+06	3.25651e+06	57181.1	212.923	48.7198
0.11976	0	2.72298e+06	1.91446e+06	68802.1	365.252	34.2898
