0	0	0	0	56561	205.337	49.9011
0.00024	0	0	0	56565.4	205.39	49.8918
0.00048	0	0	0	56569.9	205.442	49.8826
0.00072	0	0	0	56574.3	205.495	49.8734
0.00096	0	0	0	56578.7	205.548	49.8641
0.0012	0	0	0	56583.3	205.603	49.8545
0.00144	0	0	0	56587.9	205.657	49.845
0.00168	0	0	0	56592.5	205.712	49.8354
0.00192	0	0	0	56597.2	205.768	49.8255
0.00216	0	0	0	56602	205.825	49.8156
0.0024	0	0	0	56606.7	205.882	49.8057
0.00264	0	0	0	56611.6	205.94	49.7957
0.00288	0	0	0	56616.5	205.999	49.7853
0.00312	0	0	0	56621.5	206.058	49.775
0.00336	0	0	0	56626.4	206.118	49.7647
0.0036	0	0	0	56631.5	206.179	49.7541
0.00384	0	0	0	56636.7	206.24	49.7434
0.00408	0	0	0	56641.9	206.302	49.7327
0.00432	0	0	0	56647.1	206.364	49.7219
0.00456	0	0	0	56652.4	206.429	49.7108
0.0048	0	0	0	56657.8	206.493	49.6996
0.00504	0	0	0	56663.2	206.558	49.6885
0.00528	0	0	0	56668.7	206.624	49.6771
0.00552	0	0	0	56674.3	206.691	49.6655
0.00576	0	0	0	56679.9	206.758	49.6539
0.006	0	0	0	56685.6	206.825	49.6423
0.00624	0	0	0	56691.4	206.895	49.6302
0.00648	0	0	0	56697.3	206.966	49.6181
0.00672	0	0	0	56703.1	207.036	49.6061
0.00696	0	0	0	56709.1	207.107	49.5938
0.0072	0	0	0	56715.2	207.181	49.5812
0.00744	0	0	0	56721.3	207.254	49.5686
0.00768	0	0	0	56727.4	207.327	49.5561
0.00792	0	0	0	56733.7	207.404	49.5431
0.00816	0	0	0	56740.1	207.48	49.53
0.0084	0	0	0	56746.5	207.557	49.5169
0.00864	0	0	0	56753	207.635	49.5036
0.00888	0	0	0	56759.6	207.715	49.49
0.00912	0	0	0	56766.3	207.795	49.4763
0.00936	0	0	0	56772.9	207.875	49.4627
0.0096	0	0	0	56779.8	207.958	49.4486
0.00984	0	1	0	56786.8	208.042	49.4343
0.01008	0	0	0	56793.8	208.126	49.4201
0.01032	0	0	0	56800.8	208.21	49.4058
0.01056	0	0	0	56808.1	208.298	49.3909
0.0108	0	0	0	56815.4	208.386	49.3761
0.01104	0	0	0	56822.7	208.474	49.3612
0.01128	0	0	0	56830.1	208.564	49.346
0.01152	0	0	0	56837.8	208.657	49.3305
0.01176	0	0	0	56845.4	208.749	49.315
0.012	0	0	0	56853	208.841	49.2995
0.01224	0	0	0	56861	208.938	49.2833
0.01248	0	0	0	56869	209.034	49.2671
0.01272	0	4	0	56877	209.131	49.2509
0.01296	0	0	0	56885.2	209.23	49.2344
0.0132	0	0	0	56893.6	209.331	49.2174
0.01344	0	0	0	56902	209.433	49.2005
0.01368	0	0	0	56910.4	209.534	49.1836
0.01392	0	0	0	56919.1	209.64	49.166
0.01416	0	0	0	56927.9	209.747	49.1482
0.0144	0	0	0	56936.7	209.853	49.1305
0.01464	0	0	0	56945.6	209.962	49.1126
0.01488	0	0	0	56954.9	210.074	49.094
0.01512	0	1	0	56964.1	210.186	49.0755
0.01536	0	0	0	56973.4	210.298	49.057
0.0156	0	0	1	56982.9	210.415	49.0378
0.01584	0	1	0	56992.7	210.533	49.0184
0.01608	0	1	0	57002.4	210.651	48.999
0.01632	0	0	1	57012.2	210.77	48.9794
0.01656	0	0	0	57022.4	210.894	48.9591
0.0168	0	0	0	57032.6	211.019	48.9387
0.01704	0	1	0	57042.8	211.145	48.9194
0.01728	0	0	0	57053.3	211.28	48.9042
0.01752	0	2	0	57064.1	211.418	48.8886
0.01776	0	1	1	57074.8	211.556	48.873
0.018	0	3	0	57085.6	211.694	48.8575
0.01824	0	1	0	57096.9	211.839	48.8411
0.01848	0	2	0	57108.2	211.985	48.8247
0.01872	0	2	0	57119.5	212.13	48.8084
0.01896	0	1	0	57131.1	212.279	48.7917
0.0192	0	1	0	57143.1	212.433	48.7745
0.01944	0	3	0	57155	212.587	48.7573
0.01968	0	2	1	57167	212.74	48.7401
0.01992	0	2	0	57179.5	212.902	48.7222
0.02016	0	1	1	57192.1	213.064	48.7041
0.0204	0	1	0	57204.7	213.227	48.686
0.02064	0	3	1	57217.5	213.392	48.6677
0.02088	0	6	1	57230.9	213.564	48.6486
0.02112	0	1	2	57244.2	213.736	48.6296
0.02136	0	4	1	57257.5	213.908	48.6106
0.0216	0	2	1	57271.4	214.087	48.5908
0.02184	0	2	0	57285.5	214.269	48.5707
0.02208	0	6	2	57299.6	214.451	48.5507
0.02232	0	4	1	57313.8	214.634	48.5305
0.02256	0	5	1	57328.7	214.827	48.5094
0.0228	0	5	1	57343.6	215.02	48.4882
0.02304	0	5	0	57358.5	215.213	48.4672
0.02328	0	10	2	57374	215.413	48.4454
0.02352	0	7	2	57389.8	215.617	48.423
0.02376	0	8	1	57405.6	215.822	48.4008
0.024	0	9	1	57421.4	216.027	48.3785
0.02424	0	3	3	57438.2	216.245	48.3549
0.02448	0	4	1	57455	216.463	48.3313
0.02472	0	6	2	57471.8	216.681	48.3078
0.02496	0	7	4	57489.1	216.904	48.2837
0.0252	0	8	5	57506.9	217.136	48.2587
0.02544	0	11	2	57524.8	217.368	48.2338
0.02568	0	9	1	57542.6	217.6	48.209
0.02592	0	11	2	57561.4	217.845	48.1828
0.02616	0	8	5	57580.4	218.092	48.1565
0.0264	0	11	1	57599.4	218.338	48.1302
0.02664	0	22	1	57618.7	218.59	48.1034
0.02688	0	18	3	57638.9	218.853	48.0755
0.02712	0	14	6	57659.1	219.117	48.0477
0.02736	0	17	3	57679.3	219.38	48.0199
0.0276	0	14	2	57700.4	219.656	47.9908
0.02784	0	22	1	57722	219.937	47.9612
0.02808	0	21	2	57743.5	220.219	47.9317
0.02832	0	18	1	57765.3	220.503	47.902
0.02856	0	23	8	57788.3	220.804	47.8706
0.0288	0	26	5	57811.3	221.105	47.8393
0.02904	0	21	5	57834.3	221.406	47.808
0.02928	0	38	1	57858.2	221.719	47.7756
0.02952	0	42	7	57882.7	222.041	47.7423
0.02976	0	31	5	57907.3	222.363	47.7091
0.03	0	36	6	57931.9	222.686	47.676
0.03024	0	30	3	57958.2	223.031	47.6406
0.03048	0	53	4	57984.5	223.377	47.6053
0.03072	0	52	3	58010.8	223.723	47.5701
0.03096	0	34	9	58037.9	224.079	47.5339
0.0312	0	59	3	58066.1	224.45	47.4963
0.03144	0	68	5	58094.3	224.821	47.4589
0.03168	0	55	4	58122.4	225.193	47.4215
0.03192	0	69	5	58152.4	225.588	47.3818
0.03216	0	76	11	58182.6	225.987	47.3419
0.0324	0	62	8	58212.9	226.387	47.3021
0.03264	0	75	8	58243.8	226.796	47.2615
0.03288	0	93	9	58276.3	227.226	47.2189
0.03312	0	102	1	58308.9	227.657	47.1764
0.03336	0	93	12	58341.4	228.088	47.1341
0.0336	0	100	9	58375.7	228.543	47.0895
0.03384	0	114	14	58410.7	229.007	47.0442
0.03408	0	94	6	58445.7	229.473	46.999
0.03432	0	128	12	58481.1	229.943	46.9534
0.03456	0	147	6	58518.9	230.445	46.905
0.0348	0	120	12	58556.6	230.947	46.8568
0.03504	0	182	6	58594.3	231.449	46.8088
0.03528	0	179	7	58633.7	231.975	46.7587
0.03552	0	187	13	58674.3	232.517	46.7073
0.03576	0	183	6	58715	233.06	46.656
0.036	0	205	9	58755.6	233.604	46.6049
0.03624	0	220	6	58799.5	234.171	46.5381
0.03648	0	224	4	58843.4	234.721	46.4617
0.03672	0	262	2	58887.3	235.271	46.3854
0.03696	0	298	5	58932.7	235.841	46.3066
0.0372	0	296	5	58980.1	236.436	46.2244
0.03744	0	287	7	59027.6	237.031	46.1423
0.03768	0	354	3	59075	237.626	46.0604
0.03792	0	343	11	59125.7	238.263	45.973
0.03816	0	364	5	59177	238.906	45.8848
0.0384	0	451	1	59228.3	239.55	45.7968
0.03864	0	474	6	59280.8	240.208	45.7069
0.03888	0	488	2	59336.4	240.905	45.6121
0.03912	0	522	8	59391.9	241.601	45.5174
0.03936	0	567	5	59447.4	242.298	45.4229
0.0396	0	611	5	59506.3	243.036	45.323
0.03984	0	608	8	59566.5	243.791	45.2211
0.04008	0	687	4	59626.7	244.546	45.1194
0.04032	0	734	5	59687.7	245.31	45.0167
0.04056	0	786	4	59753	246.128	44.907
0.0408	0	852	12	59818.3	246.946	44.7975
0.04104	0	897	6	59883.6	247.764	44.6884
0.04128	0	974	6	59951.9	248.619	44.5744
0.04152	0	1111	3	60022.5	249.503	44.457
0.04176	0	1103	6	60093.1	250.387	44.3398
0.042	0	1314	3	60163.8	251.271	44.2231
0.04224	0	1300	6	60240.4	252.228	44.0968
0.04248	0	1418	3	60317	253.185	43.9709
0.04272	0	1520	8	60393.5	254.142	43.8454
0.04296	0	1548	4	60472.9	255.133	43.7157
0.0432	0	1760	3	60555.9	256.188	43.5967
0.04344	0	1838	6	60638.9	257.261	43.4915
0.04368	0	2020	5	60722	258.336	43.387
0.04392	0	2223	7	60810.6	259.487	43.2762
0.04416	0	2339	2	60900.2	260.652	43.165
0.0444	0	2478	11	60989.7	261.82	43.0546
0.04464	0	2681	7	61081.2	263.017	42.9426
0.04488	0	2971	2	61177.6	264.279	42.8255
0.04512	0	3261	3	61274	265.545	42.7093
0.04536	0	3375	6	61370.4	266.814	42.5939
0.0456	0	3667	5	61471.7	268.15	42.4737
0.04584	0	3784	3	61574.9	269.516	42.3521
0.04608	0	4346	6	61678.1	270.885	42.2315
0.04632	0	4589	6	61782.4	272.272	42.1108
0.04656	0	4908	2	61893	273.745	41.9838
0.0468	0	5231	5	62003.6	275.223	41.8579
0.04704	0	5595	5	62114.1	276.704	41.7332
0.04728	0	6105	9	62228.8	278.244	41.605
0.04752	0	6450	5	62346.4	279.859	41.4477
0.04776	0	6919	2	62464.1	281.476	41.2872
0.048	0	7298	0	62581.8	283.092	41.1278
0.04824	0	7984	3	62706.2	284.798	40.9605
0.04848	0	8338	2	62830.6	286.501	40.7944
0.04872	0	9192	4	62954.9	288.202	40.6294
0.04896	0	9980	8	63081.8	289.933	40.4624
0.0492	0	10531	12	63212	291.708	40.2923
0.04944	0	11488	5	63342.2	293.478	40.1234
0.04968	0	11801	1	63472.5	295.245	39.9558
0.04992	0	12801	2	63606.1	297.055	39.785
0.05016	0	13858	4	63740.4	298.869	39.6148
0.0504	0	14714	4	63874.7	300.679	39.4459
0.05064	0	15876	3	64009.6	302.466	39.2838
0.05088	0	17071	7	64146.2	304.18	39.1436
0.05112	0	18127	2	64282.8	305.889	39.0049
0.05136	0	19452	2	64419.4	307.592	38.8677
0.0516	0	20605	5	64555.4	309.285	38.7325
0.05184	0	21732	2	64691.2	310.969	38.5989
0.05208	0	23324	4	64827	312.647	38.4667
0.05232	0	25077	2	64962.4	314.315	38.3363
0.05256	0	26757	2	65095.3	315.947	38.2097
0.0528	0	28220	4	65228.1	317.572	38.0845
0.05304	0	29555	7	65361	319.192	37.9605
0.05328	0	32342	5	65488.1	320.735	37.8432
0.05352	0	33748	9	65610.8	322.221	37.731
0.05376	0	35725	0	65733.6	323.705	37.6185
0.054	0	38111	4	65856.3	325.214	37.4987
0.05424	0	40685	2	65963.9	326.545	37.393
0.05448	0	43032	3	66071.5	327.882	37.2867
0.05472	0	45399	2	66179.2	329.227	37.1796
0.05496	0	48160	5	66277.7	330.463	37.0811
0.0552	0	50894	3	66364	331.552	36.9943
0.05544	0	53805	1	66450.4	332.645	36.9071
0.05568	0	56558	3	66536.7	333.743	36.8194
0.05592	0	59131	3	66597.6	334.52	36.7574
0.05616	0	62640	2	66654.4	335.246	36.6994
0.0564	0	66481	3	66711.1	335.973	36.6413
0.05664	0	69332	0	66758.1	336.578	36.5929
0.05688	0	72527	0	66781	336.873	36.5693
0.05712	0	75330	3	66803.9	337.168	36.5457
0.05736	0	79555	1	66826.8	337.464	36.5221
0.0576	0	83053	7	66820.4	337.381	36.5287
0.05784	0	86710	3	66802.3	337.148	36.5474
0.05808	0	90455	3	66784.2	336.914	36.5661
0.05832	0	93702	5	66760.8	336.612	36.5902
0.05856	0	96926	4	66705.3	335.899	36.6472
0.0588	0	100870	3	66649.9	335.188	36.704
0.05904	0	104338	2	66594.4	334.479	36.7606
0.05928	0	107082	2	66515.4	333.471	36.8412
0.05952	0	110177	4	66418.5	332.241	36.9393
0.05976	0	114178	2	66321.7	331.018	37.0369
0.06	0	118361	2	66224.9	329.8	37.134
0.06024	0	120274	4	66094.3	328.166	37.2641
0.06048	0	123337	1	65963.7	326.542	37.3933
0.06072	0	126330	1	65833.1	324.928	37.5215
0.06096	0	128915	3	65690.4	323.182	37.6588
0.0612	0	132640	5	65531.8	321.265	37.8031
0.06144	0	135901	2	65373.1	319.339	37.9493
0.06168	0	138350	5	65214.5	317.405	38.0973
0.06192	0	140716	5	65032.8	315.18	38.2691
0.06216	0	143612	5	64847.2	312.897	38.4472
0.0624	0	145286	3	64661.7	310.603	38.6278
0.06264	0	146091	2	64472.6	308.256	38.8145
0.06288	0	149386	1	64274.9	305.79	39.0129
0.06312	0	151899	5	64077.1	303.314	39.2143
0.06336	0	153475	7	63879.4	300.741	39.44
0.0636	0	153537	5	63673.9	297.972	39.6989
0.06384	0	156709	4	63465.5	295.15	39.9647
0.06408	0	157539	4	63257	292.319	40.2338
0.06432	0	158622	5	63048.7	289.482	40.5058
0.06456	0	158863	7	62841.8	286.655	40.7794
0.0648	0	161447	8	62634.9	283.821	41.0562
0.06504	0	161697	1	62428	280.98	41.3364
0.06528	0	163231	5	62218.4	278.104	41.6166
0.06552	0	162762	2	62006.7	275.265	41.8544
0.06576	0	165261	4	61795	272.44	42.0962
0.066	0	164405	2	61583.4	269.629	42.3422
0.06624	0	165823	2	61371.7	266.832	42.5923
0.06648	0	167760	7	61160.1	264.049	42.8467
0.06672	0	166257	4	60948.4	261.281	43.1054
0.06696	0	168976	122	60738.8	258.555	43.3659
0.0672	0	167087	379	60531.9	255.879	43.6272
0.06744	0	168440	249	60325.1	253.287	43.9575
0.06768	0	169803	1481	60118.2	250.701	44.2984
0.06792	0	171636	1489	59911.3	248.112	44.642
0.06816	0	170662	2246	59704.5	245.52	44.9885
0.0684	0	172449	3860	59497.6	242.927	45.3378
0.06864	0	172532	4680	59294.5	240.38	45.6836
0.06888	0	173570	5363	59100.8	237.95	46.0159
0.06912	0	173415	6883	58907.2	235.521	46.3508
0.06936	0	174675	7942	58713.5	233.041	46.6578
0.0696	0	174976	8900	58536	230.673	46.8831
0.06984	0	175776	10032	58364.9	228.4	47.1035
0.07008	0	176052	11389	58193.9	226.136	47.3271
0.07032	0	174290	13150	58030.4	223.981	47.5439
0.07056	0	172378	14569	57912.6	222.432	47.7021
0.0708	0	171739	16913	57794.7	220.888	47.8618
0.07104	0	173334	19290	57676.9	219.349	48.0232
0.07128	0	173134	22614	57591	218.23	48.1418
0.07152	0	172795	25870	57529.1	217.425	48.2277
0.07176	0	176248	28990	57467.3	216.622	48.3142
0.072	0	176999	32490	57405.4	215.819	48.4011
0.07224	0	178112	36822	57397.1	215.712	48.4128
0.07248	0	179788	40993	57388.8	215.604	48.4245
0.07272	0	183809	45682	57380.5	215.497	48.4362
0.07296	0	185723	51819	57394.1	215.673	48.417
0.0732	0	189485	55886	57436.8	216.227	48.3569
0.07344	0	192259	59091	57479.6	216.781	48.2969
0.07368	0	195433	64779	57522.3	217.337	48.2372
0.07392	0	198654	72148	57598.3	218.325	48.1316
0.07416	0	202394	76425	57679.9	219.388	48.019
0.0744	0	206548	82313	57761.4	220.453	47.9072
0.07464	0	210639	87971	57854.9	221.676	47.7801
0.07488	0	217885	95343	57977.9	223.291	47.6141
0.07512	0	222151	99197	58101	224.911	47.4499
0.07536	0	225970	107169	58224.1	226.535	47.2874
0.0756	0	232110	115400	58370.9	228.479	47.0958
0.07584	0	235846	120609	58527.2	230.555	46.8944
0.07608	0	242900	124901	58683.4	232.639	46.6957
0.07632	0	250091	132425	58845.2	234.744	46.4585
0.07656	0	254370	142060	59040	237.188	46.1208
0.0768	0	261596	145679	59234.8	239.631	45.7857
0.07704	0	267307	152632	59429.6	242.074	45.4532
0.07728	0	275038	162427	59646.4	244.792	45.0863
0.07752	0	282138	169096	59879.6	247.714	44.6949
0.07776	0	288379	173906	60112.8	250.634	44.3072
0.078	0	298041	181518	60346.1	253.549	43.9231
0.07824	0	307790	193119	60641.1	257.289	43.4888
0.07848	0	313974	198193	60936.1	261.121	43.1205
0.07872	0	322661	206891	61231.2	264.982	42.7608
0.07896	0	334712	220085	61560.2	269.321	42.3694
0.0792	0	345132	231709	61934.6	274.301	41.9363
0.07944	0	356798	238592	62309	279.343	41.499
0.07968	0	370409	252080	62683.4	284.485	40.9911
0.07992	0	388212	271099	63067.6	289.74	40.481
0.08016	0	399153	272369	63453.6	294.989	39.98
0.0804	0	417781	282396	63839.5	300.205	39.49
0.08064	0	439662	297406	64180.1	304.604	39.109
0.08088	0	460859	311891	64407.4	307.444	38.8796
0.08112	0	479322	313225	64634.7	310.269	38.6543
0.08136	0	508620	326386	64862	313.079	38.4328
0.0816	0	541122	343643	64781.2	312.082	38.5111
0.08184	0	568704	347202	64577.2	309.555	38.711
0.08208	0	602816	352498	64373.1	307.016	38.914
0.08232	0	645085	372351	64075.2	303.29	39.2163
0.08256	0	689683	393621	63214.4	291.74	40.2891
0.0828	0	724525	390357	62353.7	279.958	41.4378
0.08304	0	767300	405605	61492.9	268.431	42.4486
0.08328	0	810349	436111	60224.7	252.032	44.1226
0.08352	0	846841	442070	58651	232.205	46.7368
0.08376	0	887356	439852	57077.2	211.586	48.8696
0.084	0	924711	462043	55503.5	193.037	52.2408
0.08424	0	956400	508892	53580.9	171.644	56.2297
0.08448	0	962162	481664	51658.4	149.889	60.0831
0.08472	0	977199	494296	49735.8	128.956	65.6182
0.08496	0	990839	539174	47938.7	111.884	72.2371
0.0852	0	984958	559111	46308.8	100.911	84.5698
0.08544	0	973064	546120	44678.8	84.583	93.2723
0.08568	0	983329	589288	43048.9	70.9146	95.4306
0.08592	0	1.00176e+06	686230	42062.5	61.0413	97.1732
0.08616	0	991067	661225	41183.4	53.4607	100.641
0.0864	0	995010	681370	40304.4	47.764	107.204
0.08664	0	1.01417e+06	772681	39661.2	44.2325	113.513
0.08688	0	1.0249e+06	851263	39607.7	43.9807	114.102
0.08712	0	1.01937e+06	789463	39554.2	43.729	114.697
0.08736	0	1.02974e+06	834617	39500.7	43.4772	115.295
0.0876	0	1.04829e+06	977313	39781.1	44.8428	112.227
0.08784	0	1.04026e+06	910333	40195	47.1268	108.18
0.08808	0	1.03756e+06	867019	40609	49.6188	104.678
0.08832	0	1.06303e+06	947379	41020.4	52.322	101.695
0.08856	0	1.09113e+06	1.07282e+06	41416.6	55.1599	99.2549
0.0888	0	1.06857e+06	865914	41812.9	58.7096	97.8802
0.08904	0	1.08269e+06	889389	42209.1	62.4419	96.809
0.08928	0	1.11989e+06	1.04715e+06	42472	65.0115	96.2489
0.08952	0	1.11218e+06	979332	42634.9	66.6414	95.9611
0.08976	0	1.10603e+06	874099	42797.8	68.3003	95.7182
0.09	0	1.11882e+06	955252	42960.7	69.9885	95.5196
0.09024	0	1.14857e+06	1.17494e+06	42850.6	68.8439	95.649
0.09048	0	1.12807e+06	893973	42740.4	67.7127	95.7986
0.09072	0	1.14534e+06	904237	42630.3	66.5949	95.9687
0.09096	0	1.18869e+06	1.06362e+06	42390.9	64.2107	96.4091
0.0912	0	1.20157e+06	1.08676e+06	41979.2	60.2554	97.397
0.09144	0	1.19946e+06	901070	41567.4	56.4814	98.6842
0.09168	0	1.23182e+06	983639	41155.7	53.2639	100.815
0.09192	0	1.28745e+06	1.24953e+06	40662.4	49.9566	104.264
0.09216	0	1.25797e+06	1.00789e+06	40155.5	46.9001	108.542
0.0924	0	1.26464e+06	965699	39648.6	44.1735	113.651
0.09264	0	1.30804e+06	1.16411e+06	39213.7	42.1264	118.585
0.09288	0	1.32303e+06	1.28086e+06	38958.6	40.9276	121.623
0.09312	0	1.28804e+06	1.05348e+06	38703.5	39.7324	124.773
0.09336	0	1.30557e+06	1.12521e+06	38448.4	38.5424	128.039
0.0936	0	1.35418e+06	1.3707e+06	38441.3	38.5093	128.132
0.09384	0	1.32782e+06	1.23584e+06	38533.4	38.9381	126.938
0.09408	0	1.32175e+06	1.14246e+06	38625.5	39.3677	125.76
0.09432	0	1.34743e+06	1.2763e+06	38740.8	39.907	124.305
0.09456	0	1.38174e+06	1.45981e+06	38996	41.1034	121.17
0.0948	0	1.3465e+06	1.19406e+06	39251.3	42.3031	118.147
0.09504	0	1.35464e+06	1.21527e+06	39506.5	43.5043	115.231
0.09528	0	1.39728e+06	1.41003e+06	39758.2	44.7219	112.469
0.09552	0	1.38288e+06	1.36379e+06	40007.2	46.0658	109.946
0.09576	0	1.36801e+06	1.2188e+06	40256.3	47.4819	107.629
0.096	0	1.39014e+06	1.29771e+06	40505.3	48.9743	105.506
0.09624	0	1.43982e+06	1.61223e+06	40636.1	49.7899	104.467
0.09648	0	1.40274e+06	1.21378e+06	40766.9	50.6286	103.476
0.09672	0	1.40505e+06	1.22125e+06	40897.7	51.4908	102.535
0.09696	0	1.44184e+06	1.40812e+06	40998	52.1685	101.845
0.0972	0	1.44337e+06	1.4773e+06	41057.6	52.5784	101.448
0.09744	0	1.42543e+06	1.25406e+06	41117.2	52.9935	101.06
0.09768	0	1.43662e+06	1.32688e+06	41176.9	53.414	100.682
0.09792	0	1.4868e+06	1.67535e+06	41186	53.4792	100.624
0.09816	0	1.47109e+06	1.32627e+06	41186.8	53.4847	100.62
0.0984	0	1.47166e+06	1.26707e+06	41187.6	53.4902	100.615
0.09864	0	1.50478e+06	1.44833e+06	41171.3	53.3742	100.717
0.09888	0	1.53382e+06	1.6392e+06	41112.2	52.958	101.093
0.09912	0	1.51721e+06	1.30135e+06	41053	52.547	101.478
0.09936	0	1.53114e+06	1.37663e+06	40993.9	52.1411	101.872
0.0996	0	1.58859e+06	1.73174e+06	40994.5	52.1449	101.868
0.09984	0	1.57792e+06	1.51188e+06	41018.9	52.3119	101.704
0.10008	0	1.5779e+06	1.38208e+06	41043.3	52.4799	101.542
0.10032	0	1.60539e+06	1.56111e+06	41079.2	52.7278	101.307
0.10056	0	1.65748e+06	1.8648e+06	41183.4	53.4604	100.641
0.1008	0	1.63576e+06	1.46242e+06	41287.7	54.2096	100.004
0.10104	0	1.65055e+06	1.49729e+06	41391.9	54.9757	99.3952
0.10128	0	1.71043e+06	1.84563e+06	41474.7	55.6567	99.0164
0.10152	0	1.71563e+06	1.73652e+06	41541.5	56.25	98.7755
0.10176	0	1.71527e+06	1.51618e+06	41608.3	56.8479	98.5428
0.102	0	1.74701e+06	1.67193e+06	41675	57.4506	98.3183
0.10224	0	1.82649e+06	2.00716e+06	41662.9	57.3404	98.3586
0.10248	0	1.79934e+06	1.66399e+06	41650.7	57.2303	98.3992
0.10272	0	1.81343e+06	1.62973e+06	41638.5	57.1204	98.4401
0.10296	0	1.8757e+06	1.93993e+06	41608.4	56.849	98.5424
0.1032	0	1.89752e+06	1.95859e+06	41554.3	56.3644	98.7302
0.10344	0	1.89276e+06	1.72186e+06	41500.2	55.8828	98.9234
0.10368	0	1.92337e+06	1.8547e+06	41446.2	55.4042	99.122
0.10392	0	2.0044e+06	2.14408e+06	41311.3	54.3815	99.8637
0.10416	0	1.9826e+06	1.88985e+06	41162.9	53.315	100.77
0.1044	0	1.99811e+06	1.81977e+06	41014.5	52.2817	101.734
0.10464	0	2.05317e+06	2.02517e+06	40840.2	51.1092	102.943
0.10488	0	2.0987e+06	2.20668e+06	40601.2	49.57	104.739
0.10512	0	2.08706e+06	1.91328e+06	40362.2	48.1069	106.703
0.10536	0	2.12363e+06	1.97664e+06	40123.1	46.7157	108.843
0.1056	0	2.20831e+06	2.35629e+06	39888.3	45.4154	111.124
0.10584	0	2.1966e+06	2.14972e+06	39655.1	44.204	113.579
0.10608	0	2.22003e+06	2.00854e+06	39421.9	43.1064	116.185
0.10632	0	2.28972e+06	2.23187e+06	39192.6	42.0272	118.832
0.10656	0	2.36593e+06	2.67033e+06	38986.3	41.0575	121.288
0.1068	0	2.34365e+06	2.11569e+06	38779.9	40.0899	123.817
0.10704	0	2.39912e+06	2.19784e+06	38573.6	39.1255	126.421
0.10728	0	2.50704e+06	2.70039e+06	38390.8	38.2744	128.794
0.10752	0	2.52251e+06	2.55763e+06	38225.6	37.5085	130.991
0.10776	0	2.52524e+06	2.32389e+06	38060.4	36.7462	133.241
0.108	0	2.58309e+06	2.55247e+06	37895.2	35.9765	135.554
0.10824	0	2.71272e+06	3.01694e+06	37747.6	35.2605	137.635
0.10848	0	2.65696e+06	2.50255e+06	37600	34.5269	139.694
0.10872	0	2.68314e+06	2.46336e+06	37452.5	33.7772	141.729
0.10896	0	2.78868e+06	2.88564e+06	37278	32.8726	144.104
0.1092	0	2.80543e+06	3.14513e+06	37067.6	31.7593	146.916
0.10944	0	2.76549e+06	2.53658e+06	36857.1	30.6262	149.666
0.10968	0	2.83798e+06	2.69936e+06	36646.7	29.4781	152.351
0.10992	0	2.98576e+06	3.32027e+06	36497.9	28.6595	154.206
0.11016	0	2.90342e+06	2.78111e+06	36359.4	27.8943	155.899
0.1104	0	2.91393e+06	2.6881e+06	36220.8	27.1227	157.536
0.11064	0	2.9983e+06	3.15344e+06	36176	26.8193	157.802
0.11088	0	3.06677e+06	3.38938e+06	36365.6	27.9288	155.824
0.11112	0	2.99802e+06	2.89018e+06	36555.2	28.975	153.496
0.11136	0	3.02861e+06	2.91471e+06	36744.8	30.0147	151.108
0.1116	0	3.1416e+06	3.694e+06	36933.1	31.0373	148.681
0.11184	0	3.07557e+06	3.2833e+06	37120.9	32.0439	146.208
0.11208	0	3.05105e+06	2.83677e+06	37308.8	33.0335	143.688
0.11232	0	3.11326e+06	3.23633e+06	37443.2	33.7298	141.856
0.11256	0	3.18242e+06	3.45842e+06	37257.6	32.7657	144.379
0.1128	0	3.04762e+06	2.88649e+06	37071.9	31.7827	146.858
0.11304	0	3.05888e+06	2.9395e+06	36886.3	30.7841	149.289
0.11328	0	3.17009e+06	3.40695e+06	36699.8	29.7686	151.681
0.11352	0	3.1296e+06	3.36977e+06	36512.6	28.7406	154.024
0.11376	0	3.08073e+06	2.87791e+06	36325.5	27.7068	156.308
0.114	0	3.11283e+06	3.19121e+06	36138.3	26.5661	158.026
0.11424	0	3.24921e+06	3.99245e+06	35909	25.0649	159.409
0.11448	0	3.10355e+06	3.01848e+06	35679.7	23.6303	160.823
0.11472	0	3.09335e+06	2.94771e+06	35450.5	22.2606	162.269
0.11496	0	3.19257e+06	3.33412e+06	35202.8	20.8521	163.868
0.1152	0	3.16302e+06	3.43827e+06	34930.6	19.3865	165.669
0.11544	0	3.06831e+06	3.03969e+06	34658.4	18.0043	167.518
0.11568	0	3.0945e+06	3.13945e+06	34386.2	16.7941	170.121
0.11592	0	3.22122e+06	3.91481e+06	34305	16.492	171.28
0.11616	0	3.0821e+06	3.16758e+06	34255.6	16.3113	172
0.1164	0	3.01453e+06	2.94861e+06	34206.2	16.1329	172.731
0.11664	0	3.06028e+06	3.30978e+06	34133.5	15.8746	173.828
0.11688	0	3.02681e+06	3.77389e+06	34002.7	15.4214	175.868
0.11712	0	2.7709e+06	2.8606e+06	33871.9	14.983	177.995
0.11736	0	2.67578e+06	2.86791e+06	33741.1	14.5589	180.209
0.1176	0	2.72118e+06	3.32442e+06	33218.1	12.9961	190.002
0.11784	0	2.50758e+06	2.85967e+06	32538.2	11.2516	204.692
0.11808	0	2.43173e+06	2.41146e+06	31858.3	9.64864	220.349
0.11832	0	2.55384e+06	2.7757e+06	31450	8.723	230.604
0.11856	0	2.78372e+06	3.41506e+06	32670.9	11.5702	201.829
0.1188	1	2.95539e+06	2.92452e+06	33891.8	15.0487	177.666
0.11904	0	3.19571e+06	3.0205e+06	35112.7	20.3578	164.459
0.11928	0	3.42065e+06	4.02855e+06	41821.6	58.7897	97.8537
0.11952	0	3.34835e+06	4.39633e+06	52646.4	160.921	57.9198
0.11976	0	3.02828e+06	2.30759e+06	63471.2	295.228	39.9574
