0	0	0	0	56000.5	198.743	51.1088
0.00024	0	0	0	56000.5	198.743	51.1088
0.00048	0	0	0	56000.6	198.743	51.1088
0.00072	0	0	0	56000.6	198.743	51.1088
0.00096	0	0	0	56000.6	198.743	51.1088
0.0012	0	0	0	56000.6	198.743	51.1087
0.00144	0	0	0	56000.6	198.743	51.1087
0.00168	0	0	0	56000.6	198.743	51.1087
0.00192	0	0	0	56000.6	198.744	51.1087
0.00216	0	0	0	56000.6	198.744	51.1086
0.0024	0	0	0	56000.6	198.744	51.1086
0.00264	0	0	0	56000.7	198.744	51.1086
0.00288	0	0	0	56000.7	198.744	51.1086
0.00312	0	0	0	56000.7	198.744	51.1085
0.00336	0	0	0	56000.7	198.744	51.1085
0.0036	0	0	0	56000.7	198.745	51.1085
0.00384	0	0	0	56000.7	198.745	51.1084
0.00408	0	0	0	56000.7	198.745	51.1084
0.00432	0	0	0	56000.8	198.745	51.1084
0.00456	0	0	0	56000.8	198.745	51.1083
0.0048	0	0	0	56000.8	198.745	51.1083
0.00504	0	0	0	56000.8	198.746	51.1083
0.00528	0	0	0	56000.8	198.746	51.1082
0.00552	0	0	0	56000.8	198.746	51.1082
0.00576	0	0	0	56000.9	198.746	51.1081
0.006	0	0	0	56000.9	198.746	51.1081
0.00624	0	0	0	56000.9	198.747	51.1081
0.00648	0	0	0	56000.9	198.747	51.108
0.00672	0	0	0	56000.9	198.747	51.108
0.00696	0	0	0	56001	198.747	51.1079
0.0072	0	0	0	56001	198.748	51.1079
0.00744	0	0	0	56001	198.748	51.1078
0.00768	0	0	0	56001	198.748	51.1078
0.00792	0	0	0	56001.1	198.749	51.1077
0.00816	0	0	0	56001.1	198.749	51.1076
0.0084	0	0	0	56001.1	198.749	51.1076
0.00864	0	0	0	56001.1	198.75	51.1075
0.00888	0	0	0	56001.2	198.75	51.1074
0.00912	0	0	0	56001.2	198.75	51.1074
0.00936	0	0	0	56001.2	198.751	51.1073
0.0096	0	0	0	56001.3	198.751	51.1072
0.00984	0	1	0	56001.3	198.751	51.1072
0.01008	0	0	0	56001.3	198.752	51.1071
0.01032	0	0	0	56001.3	198.752	51.107
0.01056	0	0	0	56001.4	198.752	51.107
0.0108	0	0	0	56001.4	198.753	51.1069
0.01104	0	1	0	56001.4	198.753	51.1068
0.01128	0	0	0	56001.5	198.753	51.1068
0.01152	0	2	0	56001.5	198.754	51.1067
0.01176	0	0	0	56001.5	198.754	51.1066
0.012	0	0	0	56001.6	198.755	51.1066
0.01224	0	0	0	56001.6	198.755	51.1064
0.01248	0	0	0	56001.7	198.756	51.1063
0.01272	0	3	0	56001.7	198.756	51.1062
0.01296	0	0	2	56001.8	198.757	51.1061
0.0132	0	0	0	56001.8	198.758	51.106
0.01344	0	0	0	56001.9	198.758	51.1059
0.01368	0	1	1	56001.9	198.759	51.1057
0.01392	0	1	0	56002	198.76	51.1056
0.01416	0	0	0	56002.1	198.76	51.1054
0.0144	0	0	0	56002.1	198.761	51.1053
0.01464	0	0	0	56002.2	198.762	51.1052
0.01488	0	3	0	56002.3	198.763	51.105
0.01512	0	2	0	56002.3	198.763	51.1049
0.01536	0	1	0	56002.4	198.764	51.1047
0.0156	0	0	1	56002.5	198.765	51.1046
0.01584	0	0	0	56002.5	198.766	51.1044
0.01608	0	1	0	56002.6	198.767	51.1042
0.01632	0	1	1	56002.7	198.768	51.104
0.01656	0	5	1	56002.8	198.769	51.1038
0.0168	0	1	0	56002.9	198.77	51.1036
0.01704	0	3	0	56003	198.771	51.1034
0.01728	0	0	1	56003.1	198.772	51.1032
0.01752	0	0	1	56003.2	198.773	51.103
0.01776	0	5	2	56003.3	198.774	51.1028
0.018	0	4	1	56003.4	198.775	51.1026
0.01824	0	3	0	56003.5	198.777	51.1024
0.01848	0	4	0	56003.6	198.778	51.1021
0.01872	0	1	3	56003.7	198.779	51.1019
0.01896	0	8	1	56003.8	198.78	51.1016
0.0192	0	4	2	56003.9	198.782	51.1013
0.01944	0	3	1	56004.1	198.784	51.1009
0.01968	0	2	2	56004.3	198.786	51.1006
0.01992	0	4	3	56004.4	198.788	51.1002
0.02016	0	4	1	56004.6	198.79	51.0997
0.0204	0	3	4	56004.8	198.792	51.0993
0.02064	0	3	0	56005	198.795	51.0989
0.02088	0	4	0	56005.2	198.797	51.0985
0.02112	0	6	0	56005.4	198.799	51.0981
0.02136	0	7	0	56005.6	198.801	51.0977
0.0216	0	7	2	56005.8	198.803	51.0973
0.02184	0	6	0	56006	198.806	51.0968
0.02208	0	8	0	56006.2	198.808	51.0964
0.02232	0	9	4	56006.4	198.81	51.0959
0.02256	0	7	2	56006.7	198.814	51.0953
0.0228	0	6	3	56006.9	198.817	51.0946
0.02304	0	7	1	56007.2	198.82	51.094
0.02328	0	8	1	56007.5	198.824	51.0933
0.02352	0	5	7	56007.9	198.828	51.0925
0.02376	0	19	2	56008.2	198.832	51.0918
0.024	0	13	3	56008.6	198.836	51.091
0.02424	0	11	5	56008.9	198.84	51.0902
0.02448	0	13	3	56009.3	198.845	51.0894
0.02472	0	16	4	56009.7	198.849	51.0885
0.02496	0	17	2	56010.1	198.854	51.0876
0.0252	0	14	4	56010.5	198.859	51.0866
0.02544	0	15	6	56011	198.864	51.0857
0.02568	0	13	0	56011.4	198.869	51.0847
0.02592	0	17	4	56011.9	198.875	51.0836
0.02616	0	24	3	56012.4	198.88	51.0826
0.0264	0	24	4	56012.8	198.885	51.0816
0.02664	0	25	3	56013.3	198.891	51.0805
0.02688	0	27	4	56013.8	198.897	51.0793
0.02712	0	35	4	56014.4	198.903	51.0782
0.02736	0	30	5	56014.9	198.909	51.077
0.0276	0	26	5	56015.5	198.917	51.0756
0.02784	0	33	4	56016.2	198.925	51.074
0.02808	0	36	4	56016.9	198.933	51.0725
0.02832	0	27	8	56017.6	198.941	51.0709
0.02856	0	37	9	56018.5	198.951	51.0691
0.0288	0	44	5	56019.3	198.96	51.0673
0.02904	0	52	9	56020.1	198.97	51.0655
0.02928	0	51	3	56020.9	198.979	51.0637
0.02952	0	42	6	56021.7	198.989	51.0619
0.02976	0	54	9	56022.5	198.998	51.0601
0.03	0	69	5	56023.3	199.008	51.0583
0.03024	0	77	8	56024.3	199.019	51.0562
0.03048	0	65	9	56025.3	199.03	51.054
0.03072	0	74	9	56026.2	199.041	51.0519
0.03096	0	80	12	56027.3	199.053	51.0496
0.0312	0	75	11	56028.4	199.067	51.047
0.03144	0	71	5	56029.6	199.081	51.0444
0.03168	0	102	7	56030.8	199.094	51.0418
0.03192	0	88	7	56031.9	199.107	51.0394
0.03216	0	99	8	56033	199.119	51.037
0.0324	0	119	11	56034.1	199.132	51.0346
0.03264	0	131	8	56035	199.144	51.0324
0.03288	0	139	7	56035.8	199.152	51.0309
0.03312	0	145	7	56036.5	199.16	51.0293
0.03336	0	160	6	56037.2	199.169	51.0277
0.0336	0	154	11	56037.4	199.171	51.0272
0.03384	0	193	9	56037.4	199.171	51.0271
0.03408	0	207	11	56037.5	199.172	51.0271
0.03432	0	250	7	56037.4	199.171	51.0273
0.03456	2	227	6	56036.7	199.163	51.0288
0.0348	1	229	10	56036	199.155	51.0303
0.03504	4	233	7	56035.3	199.146	51.0319
0.03528	4	278	6	56033.9	199.13	51.0351
0.03552	4	279	10	56031.9	199.107	51.0394
0.03576	5	332	4	56029.9	199.084	51.0438
0.036	9	346	9	56027.9	199.061	51.0482
0.03624	13	350	6	56023.9	199.014	51.0571
0.03648	19	396	6	56019.9	198.967	51.066
0.03672	26	438	9	56015.8	198.92	51.0749
0.03696	32	456	6	56010.9	198.863	51.086
0.0372	49	470	9	56004.6	198.79	51.0998
0.03744	51	502	1	55998.3	198.717	51.1137
0.03768	72	562	1	55992.1	198.644	51.1276
0.03792	103	579	3	55983.9	198.55	51.1458
0.03816	133	601	1	55975.4	198.451	51.1646
0.0384	170	696	1	55966.9	198.353	51.1835
0.03864	174	696	4	55958	198.25	51.2033
0.03888	219	696	2	55948.1	198.135	51.2254
0.03912	247	806	3	55938.2	198.02	51.2476
0.03936	290	942	1	55928.3	197.905	51.2697
0.0396	395	796	5	55918.7	197.794	51.2911
0.03984	417	903	1	55909.3	197.685	51.3123
0.04008	473	841	3	55899.8	197.576	51.3335
0.04032	526	1045	7	55890.7	197.47	51.354
0.04056	614	933	1	55883.4	197.386	51.3703
0.0408	671	968	0	55876.1	197.302	51.3866
0.04104	736	1081	2	55868.9	197.219	51.403
0.04128	777	1014	6	55863.5	197.157	51.415
0.04152	840	1070	3	55859.6	197.111	51.4238
0.04176	970	1072	5	55855.7	197.066	51.4327
0.042	980	1050	2	55851.8	197.021	51.4415
0.04224	1062	1091	3	55852.5	197.03	51.4398
0.04248	1082	1102	1	55853.3	197.038	51.4381
0.04272	1243	1034	8	55854	197.047	51.4364
0.04296	1235	1118	9	55857	197.082	51.4296
0.0432	1281	1019	7	55863.1	197.151	51.4161
0.04344	1334	1019	6	55869.1	197.221	51.4025
0.04368	1372	1016	1	55875.1	197.29	51.389
0.04392	1469	1015	3	55884.2	197.395	51.3685
0.04416	1416	922	3	55893.8	197.506	51.347
0.0444	1491	990	2	55903.4	197.618	51.3254
0.04464	1390	922	2	55913.4	197.733	51.3031
0.04488	1376	760	4	55924.1	197.857	51.279
0.04512	1334	796	2	55934.9	197.982	51.2549
0.04536	1313	803	1	55945.7	198.106	51.2309
0.0456	1334	718	3	55956.2	198.228	51.2075
0.04584	1262	651	0	55966.6	198.349	51.1843
0.04608	1275	646	5	55977	198.47	51.1611
0.04632	1172	627	2	55987.2	198.587	51.1385
0.04656	1071	493	3	55995.8	198.688	51.1193
0.0468	1025	451	5	56004.5	198.789	51.1
0.04704	962	435	1	56013.2	198.889	51.0808
0.04728	930	397	3	56020.5	198.975	51.0646
0.04752	850	379	3	56026.9	199.049	51.0505
0.04776	783	294	1	56033.2	199.123	51.0364
0.048	762	361	1	56039.6	199.197	51.0223
0.04824	730	284	1	56043.8	199.245	51.0131
0.04848	595	222	2	56048	199.294	51.0039
0.04872	606	188	2	56052.2	199.343	50.9946
0.04896	522	159	1	56055.2	199.378	50.9879
0.0492	430	136	0	56056.7	199.396	50.9845
0.04944	404	120	2	56058.3	199.414	50.9811
0.04968	348	116	2	56059.8	199.432	50.9777
0.04992	290	92	1	56059.4	199.427	50.9787
0.05016	262	101	2	56058.6	199.418	50.9805
0.0504	204	63	4	56057.8	199.408	50.9822
0.05064	187	55	4	56056.6	199.395	50.9847
0.05088	178	42	4	56054.6	199.371	50.9892
0.05112	139	36	0	56052.6	199.348	50.9936
0.05136	105	34	2	56050.6	199.325	50.9981
0.0516	101	25	2	56048.3	199.298	51.0032
0.05184	74	12	3	56045.8	199.269	51.0086
0.05208	57	15	0	56043.4	199.241	51.014
0.05232	39	6	2	56041	199.212	51.0194
0.05256	31	9	3	56038.6	199.185	51.0246
0.0528	19	4	1	56036.2	199.157	51.0299
0.05304	22	5	2	56033.8	199.129	51.0351
0.05328	23	5	0	56031.6	199.104	51.0399
0.05352	18	9	0	56029.6	199.081	51.0444
0.05376	11	2	1	56027.6	199.057	51.0488
0.054	11	5	0	56025.6	199.034	51.0533
0.05424	8	0	0	56024	199.016	51.0568
0.05448	4	0	0	56022.5	198.997	51.0602
0.05472	3	1	1	56020.9	198.979	51.0637
0.05496	0	0	0	56019.5	198.963	51.0668
0.0552	2	0	0	56018.3	198.949	51.0694
0.05544	0	0	0	56017.2	198.936	51.072
0.05568	1	0	0	56016	198.922	51.0746
0.05592	0	0	0	56015.1	198.912	51.0766
0.05616	0	0	0	56014.2	198.902	51.0785
0.0564	0	0	0	56013.4	198.892	51.0804
0.05664	0	0	0	56012.6	198.882	51.0822
0.05688	0	0	0	56011.9	198.875	51.0836
0.05712	0	0	0	56011.3	198.868	51.085
0.05736	0	0	0	56010.7	198.86	51.0864
0.0576	0	0	0	56010.2	198.854	51.0875
0.05784	0	0	0	56009.7	198.849	51.0886
0.05808	0	0	0	56009.2	198.843	51.0896
0.05832	0	0	0	56008.8	198.838	51.0906
0.05856	0	0	0	56008.4	198.834	51.0914
0.0588	0	0	0	56008	198.83	51.0922
0.05904	0	0	0	56007.7	198.826	51.093
0.05928	0	0	0	56007.4	198.822	51.0937
0.05952	0	0	0	56007.1	198.819	51.0943
0.05976	0	0	0	56006.8	198.816	51.0949
0.06	0	0	0	56006.6	198.813	51.0955
0.06024	0	0	0	56006.3	198.81	51.096
0.06048	0	0	0	56006.1	198.808	51.0964
0.06072	0	0	0	56005.9	198.805	51.0969
0.06096	0	0	0	56005.7	198.803	51.0973
0.0612	0	0	0	56005.6	198.801	51.0977
0.06144	0	0	0	56005.4	198.799	51.0981
0.06168	0	0	0	56005.2	198.797	51.0984
0.06192	0	0	0	56005.1	198.795	51.0988
0.06216	0	0	0	56005	198.794	51.099
0.0624	0	0	0	56004.8	198.792	51.0993
0.06264	0	0	0	56004.7	198.791	51.0996
0.06288	0	0	0	56004.6	198.79	51.0998
0.06312	0	0	0	56004.5	198.788	51.1001
0.06336	0	0	0	56004.4	198.787	51.1003
0.0636	0	0	0	56004.3	198.786	51.1005
0.06384	0	0	0	56004.2	198.785	51.1007
0.06408	0	0	0	56004.1	198.784	51.1009
0.06432	0	0	0	56004.1	198.783	51.101
0.06456	0	0	0	56004	198.783	51.1012
0.0648	0	0	0	56003.9	198.782	51.1013
0.06504	0	0	0	56003.9	198.781	51.1014
0.06528	0	0	0	56003.8	198.781	51.1016
0.06552	0	0	0	56003.8	198.78	51.1016
0.06576	0	0	0	56003.7	198.78	51.1017
0.066	0	0	0	56003.7	198.779	51.1018
0.06624	0	0	0	56003.7	198.779	51.1019
0.06648	0	0	0	56003.6	198.779	51.102
0.06672	0	0	0	56003.6	198.778	51.102
0.06696	0	0	0	56003.6	198.778	51.1021
0.0672	0	0	0	56003.6	198.778	51.1021
0.06744	0	0	0	56003.6	198.778	51.1021
0.06768	0	0	0	56003.6	198.778	51.1021
0.06792	0	0	0	56003.6	198.778	51.1021
0.06816	0	0	0	56003.6	198.778	51.1021
0.0684	0	0	0	56003.6	198.778	51.1021
0.06864	0	0	0	56003.6	198.778	51.1021
0.06888	0	0	0	56003.6	198.778	51.1021
0.06912	0	0	0	56003.6	198.778	51.1021
0.06936	0	3	0	56003.6	198.778	51.102
0.0696	0	0	0	56003.6	198.779	51.102
0.06984	0	0	0	56003.7	198.779	51.1019
0.07008	0	0	0	56003.7	198.779	51.1018
0.07032	0	0	0	56003.7	198.78	51.1018
0.07056	0	0	0	56003.8	198.78	51.1016
0.0708	0	0	0	56003.9	198.781	51.1015
0.07104	0	0	0	56003.9	198.782	51.1014
0.07128	0	0	0	56004	198.783	51.1012
0.07152	0	0	0	56004.1	198.784	51.101
0.07176	0	0	0	56004.1	198.784	51.1009
0.072	0	1	0	56004.2	198.785	51.1007
0.07224	0	1	0	56004.3	198.786	51.1005
0.07248	0	1	0	56004.4	198.787	51.1004
0.07272	0	2	1	56004.4	198.788	51.1002
0.07296	0	3	0	56004.5	198.789	51.1
0.0732	0	1	0	56004.6	198.79	51.0998
0.07344	0	2	0	56004.7	198.791	51.0997
0.07368	0	4	0	56004.8	198.792	51.0995
0.07392	0	2	0	56004.9	198.793	51.0992
0.07416	0	4	0	56005	198.795	51.0989
0.0744	0	0	1	56005.1	198.796	51.0986
0.07464	0	1	0	56005.3	198.798	51.0983
0.07488	0	2	1	56005.5	198.8	51.0979
0.07512	0	4	1	56005.6	198.802	51.0975
0.07536	0	1	0	56005.8	198.804	51.0971
0.0756	0	3	1	56006	198.806	51.0967
0.07584	0	4	0	56006.2	198.808	51.0963
0.07608	0	7	2	56006.4	198.81	51.0959
0.07632	0	10	0	56006.5	198.812	51.0955
0.07656	0	1	0	56006.7	198.815	51.0951
0.0768	0	7	1	56006.9	198.817	51.0946
0.07704	0	4	1	56007.1	198.819	51.0942
0.07728	0	3	1	56007.4	198.822	51.0937
0.07752	0	7	0	56007.6	198.825	51.0932
0.07776	0	14	1	56007.8	198.827	51.0927
0.078	0	6	1	56008	198.83	51.0922
0.07824	0	10	3	56008.3	198.833	51.0916
0.07848	0	17	1	56008.6	198.836	51.0911
0.07872	0	13	2	56008.8	198.839	51.0905
0.07896	0	14	2	56009.1	198.842	51.0898
0.0792	0	10	3	56009.5	198.847	51.0889
0.07944	0	14	3	56010	198.852	51.088
0.07968	0	13	6	56010.4	198.857	51.0871
0.07992	0	8	7	56010.9	198.863	51.0859
0.08016	0	13	1	56011.4	198.869	51.0848
0.0804	0	11	4	56011.9	198.875	51.0836
0.08064	0	23	4	56012.4	198.881	51.0824
0.08088	0	25	3	56013	198.887	51.0812
0.08112	0	23	6	56013.5	198.894	51.08
0.08136	0	18	5	56014.1	198.9	51.0788
0.0816	0	32	3	56014.6	198.906	51.0776
0.08184	0	22	5	56015.2	198.913	51.0763
0.08208	0	34	6	56015.8	198.92	51.075
0.08232	0	30	3	56016.4	198.926	51.0738
0.08256	0	35	6	56016.9	198.933	51.0725
0.0828	0	29	6	56017.5	198.94	51.0712
0.08304	0	46	6	56018.1	198.947	51.0699
0.08328	0	52	6	56018.7	198.954	51.0685
0.08352	0	57	7	56019.4	198.962	51.067
0.08376	0	50	7	56020.1	198.969	51.0656
0.084	0	56	6	56020.7	198.977	51.0641
0.08424	0	39	6	56021.5	198.986	51.0624
0.08448	0	52	5	56022.3	198.995	51.0606
0.08472	0	52	10	56023.1	199.005	51.0589
0.08496	0	91	8	56023.9	199.014	51.0571
0.0852	0	72	6	56024.8	199.024	51.0552
0.08544	0	83	11	56025.6	199.034	51.0533
0.08568	0	85	10	56026.5	199.044	51.0514
0.08592	0	88	8	56027.3	199.054	51.0495
0.08616	0	83	16	56028.1	199.063	51.0477
0.0864	0	99	9	56029	199.073	51.0458
0.08664	3	118	11	56029.8	199.083	51.044
0.08688	2	136	11	56030.5	199.091	51.0425
0.08712	2	130	11	56031.2	199.099	51.0409
0.08736	2	121	10	56031.9	199.107	51.0393
0.0876	0	142	8	56032.3	199.111	51.0386
0.08784	2	150	9	56032.4	199.113	51.0382
0.08808	1	163	6	56032.6	199.116	51.0378
0.08832	0	201	12	56032.7	199.116	51.0377
0.08856	0	176	5	56031.9	199.107	51.0394
0.0888	0	203	12	56031.1	199.097	51.0412
0.08904	0	225	6	56030.2	199.088	51.043
0.08928	4	253	4	56028.8	199.071	51.0463
0.08952	3	304	5	56026.8	199.048	51.0507
0.08976	12	268	8	56024.8	199.025	51.055
0.09	9	270	7	56022.8	199.002	51.0594
0.09024	11	304	9	56019.6	198.964	51.0666
0.09048	18	310	9	56016.3	198.926	51.0738
0.09072	25	395	6	56013.1	198.888	51.081
0.09096	34	399	2	56009.2	198.844	51.0896
0.0912	32	383	6	56004.6	198.79	51.0998
0.09144	60	387	5	56000	198.736	51.1101
0.09168	79	433	3	55995.3	198.682	51.1204
0.09192	71	468	6	55988.9	198.608	51.1347
0.09216	96	480	6	55982.2	198.53	51.1495
0.0924	123	528	15	55975.5	198.452	51.1644
0.09264	131	577	4	55968.2	198.367	51.1808
0.09288	175	657	3	55959.2	198.263	51.2007
0.09312	196	688	0	55950.2	198.159	51.2208
0.09336	214	692	3	55941.3	198.055	51.2408
0.0936	294	707	3	55931.9	197.947	51.2617
0.09384	290	758	6	55922.4	197.837	51.2829
0.09408	379	784	2	55912.9	197.727	51.3042
0.09432	386	778	7	55903.7	197.62	51.3249
0.09456	469	859	4	55896.1	197.533	51.3418
0.0948	541	791	3	55888.5	197.446	51.3588
0.09504	602	886	5	55881	197.358	51.3757
0.09528	643	868	7	55875.7	197.297	51.3876
0.09552	723	884	6	55872.1	197.256	51.3956
0.09576	800	938	5	55868.6	197.215	51.4037
0.096	861	971	1	55865	197.174	51.4117
0.09624	965	918	3	55867	197.197	51.4071
0.09648	1086	962	2	55869.1	197.221	51.4026
0.09672	1090	923	6	55871.1	197.244	51.398
0.09696	1173	926	3	55875.6	197.296	51.3879
0.0972	1166	885	8	55883.4	197.387	51.3702
0.09744	1238	905	5	55891.3	197.477	51.3526
0.09768	1248	808	6	55899.1	197.568	51.335
0.09792	1270	864	10	55910.7	197.702	51.3091
0.09816	1338	768	4	55922.9	197.842	51.2819
0.0984	1287	735	7	55935	197.983	51.2547
0.09864	1269	636	8	55947.6	198.128	51.2267
0.09888	1229	617	3	55961	198.284	51.1967
0.09912	1137	561	5	55974.5	198.44	51.1668
0.09936	1076	523	9	55987.9	198.596	51.1369
0.0996	1146	468	6	55999.4	198.729	51.1114
0.09984	973	417	16	56010	198.853	51.0878
0.10008	916	483	7	56020.7	198.977	51.0641
0.10032	850	408	15	56030.8	199.094	51.0419
0.10056	814	337	6	56037.1	199.168	51.0279
0.1008	716	346	9	56043.4	199.241	51.0139
0.10104	638	309	7	56049.8	199.315	50.9999
0.10128	622	249	7	56054.1	199.366	50.9902
0.10152	525	239	6	56057.1	199.4	50.9838
0.10176	477	228	7	56060	199.434	50.9773
0.102	442	201	5	56062.9	199.468	50.9709
0.10224	380	184	14	56063	199.469	50.9706
0.10248	305	172	13	56063.2	199.471	50.9704
0.10272	260	171	12	56063.3	199.472	50.9701
0.10296	240	186	9	56062.7	199.466	50.9713
0.1032	197	141	13	56061.3	199.449	50.9744
0.10344	195	99	16	56059.9	199.433	50.9776
0.10368	156	126	14	56058.5	199.416	50.9807
0.10392	147	124	10	56056.7	199.396	50.9846
0.10416	139	127	9	56054.9	199.374	50.9887
0.1044	93	101	15	56053	199.353	50.9927
0.10464	91	111	15	56051	199.33	50.9971
0.10488	66	121	11	56048.6	199.302	51.0024
0.10512	52	108	16	56046.2	199.274	51.0077
0.10536	57	140	6	56043.9	199.246	51.013
0.1056	50	141	7	56041	199.213	51.0193
0.10584	38	137	13	56038	199.178	51.0259
0.10608	49	163	11	56034.9	199.142	51.0327
0.10632	36	175	8	56031.8	199.106	51.0395
0.10656	41	142	10	56028.3	199.065	51.0474
0.1068	36	176	9	56024.7	199.023	51.0553
0.10704	41	213	13	56021.1	198.982	51.0632
0.10728	40	202	9	56017.3	198.937	51.0717
0.10752	38	211	11	56013.3	198.891	51.0805
0.10776	67	212	6	56009.3	198.844	51.0894
0.108	60	224	3	56005.3	198.798	51.0983
0.10824	62	259	3	56001.4	198.752	51.107
0.10848	84	248	9	55997.5	198.707	51.1157
0.10872	90	270	2	55993.5	198.661	51.1244
0.10896	107	269	6	55989.9	198.619	51.1324
0.1092	145	275	4	55986.7	198.582	51.1396
0.10944	140	293	14	55983.4	198.544	51.1468
0.10968	183	287	14	55980.2	198.506	51.154
0.10992	186	342	4	55977.3	198.473	51.1605
0.11016	241	344	4	55974.5	198.44	51.1668
0.1104	248	327	9	55971.6	198.407	51.1731
0.11064	228	370	2	55969	198.376	51.179
0.11088	270	389	0	55966.7	198.35	51.184
0.11112	293	370	5	55964.4	198.324	51.1891
0.11136	296	347	5	55962.2	198.298	51.1941
0.1116	324	413	2	55961.1	198.285	51.1965
0.11184	367	366	4	55960.5	198.278	51.1978
0.11208	370	350	3	55959.9	198.271	51.1992
0.11232	401	392	1	55959.6	198.268	51.1999
0.11256	459	372	4	55961	198.284	51.1967
0.1128	469	376	2	55962.4	198.3	51.1936
0.11304	457	389	2	55963.8	198.317	51.1904
0.11328	472	347	4	55966	198.342	51.1855
0.11352	478	335	3	55968.8	198.375	51.1793
0.11376	495	322	9	55971.7	198.407	51.173
0.114	491	323	3	55974.5	198.44	51.1668
0.11424	440	345	4	55978	198.481	51.159
0.11448	477	300	1	55981.5	198.522	51.1511
0.11472	462	253	5	55985	198.563	51.1433
0.11496	495	271	6	55988.7	198.605	51.1352
0.1152	472	310	5	55992.5	198.649	51.1267
0.11544	406	221	3	55996.3	198.693	51.1183
0.11568	405	232	6	56000.1	198.737	51.1099
0.11592	455	197	4	56003.6	198.778	51.1021
0.11616	408	213	1	56007	198.818	51.0944
0.1164	349	170	3	56010.5	198.858	51.0868
0.11664	345	174	2	56013.7	198.896	51.0796
0.11688	310	147	2	56016.4	198.927	51.0736
0.11712	276	151	6	56019.1	198.958	51.0677
0.11736	279	137	5	56021.8	198.99	51.0617
0.1176	273	123	3	56023.9	199.014	51.057
0.11784	258	77	3	56025.8	199.036	51.0528
0.11808	228	91	10	56027.7	199.058	51.0487
0.11832	156	78	6	56029.5	199.079	51.0448
0.11856	153	66	4	56030.5	199.091	51.0425
0.1188	143	58	6	56031.5	199.103	51.0402
0.11904	133	70	2	56032.6	199.115	51.0379
0.11928	96	52	5	56033.6	199.127	51.0355
0.11952	94	63	9	56034.7	199.139	51.0332
0.11976	0	55	7	56035.7	199.152	51.0309
