0	0	0	0	56002	198.759	51.1056
0.00024	0	0	0	56002	198.76	51.1056
0.00048	0	0	0	56002	198.76	51.1055
0.00072	0	0	0	56002.1	198.76	51.1054
0.00096	0	0	0	56002.1	198.761	51.1054
0.0012	0	0	0	56002.1	198.761	51.1053
0.00144	0	0	0	56002.2	198.762	51.1052
0.00168	0	0	0	56002.2	198.762	51.1051
0.00192	0	0	0	56002.2	198.762	51.1051
0.00216	0	0	0	56002.3	198.763	51.105
0.0024	0	0	0	56002.3	198.763	51.1049
0.00264	0	0	0	56002.3	198.764	51.1048
0.00288	0	0	0	56002.4	198.764	51.1047
0.00312	0	0	0	56002.4	198.765	51.1047
0.00336	0	0	0	56002.5	198.765	51.1046
0.0036	0	0	0	56002.5	198.765	51.1045
0.00384	0	0	0	56002.5	198.766	51.1044
0.00408	0	0	0	56002.6	198.766	51.1043
0.00432	0	0	0	56002.6	198.767	51.1042
0.00456	0	0	0	56002.7	198.767	51.1041
0.0048	0	0	0	56002.7	198.768	51.104
0.00504	0	0	0	56002.8	198.768	51.1039
0.00528	0	0	0	56002.8	198.769	51.1038
0.00552	0	0	0	56002.9	198.77	51.1037
0.00576	0	0	0	56002.9	198.77	51.1036
0.006	0	0	0	56003	198.771	51.1035
0.00624	0	0	0	56003	198.771	51.1033
0.00648	0	0	0	56003.1	198.772	51.1032
0.00672	0	0	0	56003.1	198.773	51.1031
0.00696	0	0	0	56003.2	198.773	51.103
0.0072	0	0	0	56003.2	198.774	51.1028
0.00744	0	0	0	56003.3	198.775	51.1027
0.00768	0	0	0	56003.4	198.775	51.1026
0.00792	0	0	0	56003.4	198.776	51.1024
0.00816	0	0	0	56003.5	198.777	51.1023
0.0084	0	0	0	56003.6	198.778	51.1021
0.00864	0	0	0	56003.6	198.779	51.102
0.00888	0	0	0	56003.7	198.779	51.1018
0.00912	0	0	0	56003.8	198.78	51.1016
0.00936	0	0	0	56003.9	198.781	51.1015
0.0096	0	0	0	56003.9	198.782	51.1013
0.00984	0	1	0	56004	198.783	51.1011
0.01008	0	0	0	56004.1	198.784	51.101
0.01032	0	0	0	56004.2	198.785	51.1008
0.01056	0	0	0	56004.2	198.786	51.1006
0.0108	0	0	0	56004.3	198.787	51.1004
0.01104	0	1	0	56004.4	198.788	51.1002
0.01128	0	0	0	56004.5	198.789	51.1001
0.01152	0	2	0	56004.6	198.79	51.0999
0.01176	0	0	0	56004.7	198.791	51.0997
0.012	0	0	0	56004.8	198.792	51.0995
0.01224	0	0	0	56004.9	198.793	51.0992
0.01248	0	0	0	56005	198.794	51.099
0.01272	0	3	0	56005.1	198.796	51.0987
0.01296	0	0	2	56005.2	198.797	51.0985
0.0132	0	0	0	56005.3	198.798	51.0982
0.01344	0	0	0	56005.5	198.8	51.0979
0.01368	0	1	1	56005.6	198.801	51.0976
0.01392	0	1	0	56005.7	198.803	51.0973
0.01416	0	0	0	56005.9	198.804	51.097
0.0144	0	0	0	56006	198.806	51.0967
0.01464	0	0	0	56006.1	198.808	51.0964
0.01488	0	3	0	56006.3	198.809	51.0961
0.01512	0	2	0	56006.4	198.811	51.0958
0.01536	0	1	0	56006.6	198.813	51.0954
0.0156	0	0	1	56006.7	198.815	51.0951
0.01584	0	0	0	56006.9	198.817	51.0947
0.01608	0	1	0	56007.1	198.819	51.0943
0.01632	0	1	1	56007.2	198.821	51.094
0.01656	0	5	1	56007.4	198.823	51.0935
0.0168	0	1	0	56007.6	198.825	51.0931
0.01704	0	3	0	56007.8	198.827	51.0927
0.01728	0	0	1	56008	198.829	51.0923
0.01752	0	0	1	56008.2	198.832	51.0918
0.01776	0	5	2	56008.4	198.834	51.0914
0.018	0	4	1	56008.6	198.837	51.0909
0.01824	0	3	0	56008.9	198.839	51.0904
0.01848	0	4	0	56009.1	198.842	51.0899
0.01872	0	1	3	56009.3	198.845	51.0894
0.01896	0	8	1	56009.6	198.847	51.0888
0.0192	0	4	2	56009.9	198.851	51.0882
0.01944	0	3	1	56010.1	198.854	51.0875
0.01968	0	2	2	56010.4	198.857	51.0869
0.01992	0	4	3	56010.8	198.861	51.0862
0.02016	0	4	1	56011.1	198.865	51.0854
0.0204	0	3	4	56011.4	198.869	51.0847
0.02064	0	3	0	56011.8	198.873	51.0839
0.02088	0	4	0	56012.1	198.877	51.0831
0.02112	0	6	0	56012.5	198.881	51.0823
0.02136	0	7	0	56012.8	198.886	51.0816
0.0216	0	7	2	56013.2	198.89	51.0807
0.02184	0	6	0	56013.6	198.895	51.0798
0.02208	0	8	0	56014	198.899	51.079
0.02232	0	9	4	56014.4	198.904	51.078
0.02256	0	7	2	56014.9	198.91	51.0769
0.0228	0	6	3	56015.4	198.916	51.0758
0.02304	0	7	1	56015.9	198.921	51.0747
0.02328	0	8	1	56016.5	198.928	51.0735
0.02352	0	5	7	56017.1	198.935	51.0722
0.02376	0	19	2	56017.6	198.941	51.0709
0.024	0	13	3	56018.2	198.948	51.0697
0.02424	0	11	5	56018.9	198.956	51.0682
0.02448	0	13	3	56019.5	198.963	51.0667
0.02472	0	16	4	56020.2	198.971	51.0653
0.02496	0	17	2	56020.9	198.979	51.0637
0.0252	0	14	4	56021.7	198.988	51.062
0.02544	0	15	6	56022.4	198.997	51.0603
0.02568	0	13	0	56023.2	199.006	51.0586
0.02592	0	17	4	56024	199.016	51.0568
0.02616	0	24	3	56024.9	199.026	51.0549
0.0264	0	24	4	56025.7	199.035	51.053
0.02664	0	25	3	56026.6	199.046	51.051
0.02688	0	27	4	56027.6	199.057	51.0489
0.02712	0	35	4	56028.6	199.068	51.0467
0.02736	0	30	5	56029.5	199.08	51.0446
0.0276	0	26	5	56030.7	199.093	51.042
0.02784	0	33	4	56031.9	199.107	51.0393
0.02808	0	36	4	56033.2	199.122	51.0366
0.02832	0	27	8	56034.4	199.136	51.0338
0.02856	0	37	9	56035.9	199.153	51.0306
0.0288	0	44	5	56037.3	199.17	51.0274
0.02904	0	52	9	56038.7	199.187	51.0242
0.02928	0	51	3	56040.3	199.205	51.0209
0.02952	0	42	6	56041.9	199.223	51.0173
0.02976	0	54	9	56043.5	199.242	51.0138
0.03	0	69	5	56045.1	199.26	51.0102
0.03024	0	77	8	56047	199.283	51.0059
0.03048	0	65	9	56049	199.306	51.0017
0.03072	0	74	9	56050.9	199.328	50.9974
0.03096	0	80	12	56053	199.353	50.9927
0.0312	0	75	11	56055.4	199.381	50.9874
0.03144	0	71	5	56057.8	199.409	50.9821
0.03168	0	102	7	56060.2	199.437	50.9768
0.03192	0	88	7	56062.9	199.468	50.9709
0.03216	0	99	8	56065.7	199.5	50.9649
0.0324	0	119	11	56068.4	199.532	50.9589
0.03264	0	131	8	56071.2	199.564	50.9527
0.03288	0	139	7	56074.1	199.599	50.9462
0.03312	0	145	7	56077.1	199.633	50.9396
0.03336	0	160	6	56080.1	199.668	50.9331
0.0336	0	154	11	56083.2	199.704	50.9262
0.03384	0	193	9	56086.4	199.742	50.9192
0.03408	0	207	11	56089.6	199.779	50.9122
0.03432	0	250	7	56092.8	199.817	50.9051
0.03456	0	227	6	56096.5	199.86	50.8969
0.0348	0	229	10	56100.2	199.903	50.8888
0.03504	0	233	7	56103.9	199.946	50.8807
0.03528	0	279	6	56107.9	199.992	50.8721
0.03552	0	282	12	56112	200.04	50.863
0.03576	0	335	4	56116.1	200.088	50.854
0.036	0	349	10	56120.2	200.136	50.845
0.03624	0	355	7	56124.4	200.185	50.8359
0.03648	0	401	6	56128.5	200.233	50.8268
0.03672	0	445	10	56132.6	200.281	50.8178
0.03696	0	469	6	56136.6	200.328	50.8091
0.0372	0	485	11	56140.4	200.372	50.8008
0.03744	0	519	1	56144.2	200.416	50.7925
0.03768	0	586	4	56148	200.46	50.7843
0.03792	2	614	5	56150.7	200.492	50.7783
0.03816	1	656	1	56153.3	200.522	50.7727
0.0384	0	759	2	56155.8	200.553	50.7671
0.03864	1	769	8	56157.7	200.575	50.7629
0.03888	9	801	4	56157.9	200.577	50.7625
0.03912	8	923	4	56158.1	200.579	50.7621
0.03936	11	1111	2	56158.3	200.582	50.7616
0.0396	25	996	6	56156	200.555	50.7667
0.03984	17	1129	2	56152.7	200.516	50.7739
0.04008	22	1145	12	56149.4	200.477	50.7811
0.04032	28	1426	12	56145.5	200.431	50.7897
0.04056	28	1312	1	56137.8	200.342	50.8065
0.0408	52	1422	0	56130.1	200.252	50.8233
0.04104	72	1588	3	56122.5	200.163	50.84
0.04128	95	1648	7	56110.9	200.028	50.8653
0.04152	128	1870	3	56096.5	199.859	50.8971
0.04176	159	1863	5	56082	199.69	50.9289
0.042	195	2023	3	56067.5	199.522	50.9607
0.04224	215	2243	3	56045	199.259	51.0105
0.04248	300	2434	1	56022.4	198.997	51.0603
0.04272	338	2411	8	55999.9	198.735	51.1103
0.04296	456	2747	9	55974.1	198.435	51.1676
0.0432	560	2816	7	55943.9	198.086	51.2348
0.04344	677	2899	6	55913.8	197.737	51.3022
0.04368	811	3205	1	55883.6	197.389	51.3699
0.04392	926	3442	3	55848.2	196.98	51.4495
0.04416	1050	3418	3	55811.9	196.562	51.5315
0.0444	1238	3719	2	55775.6	196.144	51.6138
0.04464	1411	3964	2	55738.9	195.723	51.6973
0.04488	1639	3864	4	55701.1	195.29	51.7837
0.04512	1880	4194	2	55663.3	194.858	51.8703
0.04536	2149	4478	1	55625.5	194.426	51.9573
0.0456	2335	4405	3	55591.2	194.035	52.0366
0.04584	2643	4702	0	55558.3	193.66	52.113
0.04608	2979	4915	5	55525.4	193.286	52.1896
0.04632	3330	4889	2	55494	192.93	52.2629
0.04656	3564	4824	3	55471.8	192.678	52.3149
0.0468	3830	5004	5	55449.6	192.426	52.3671
0.04704	4107	5388	1	55427.3	192.175	52.4194
0.04728	4530	5186	3	55413.1	192.014	52.453
0.04752	4902	5254	3	55404.8	191.921	52.4725
0.04776	5058	5381	1	55396.6	191.827	52.492
0.048	5417	5447	1	55388.3	191.734	52.5116
0.04824	5675	5502	1	55395.4	191.815	52.4947
0.04848	6008	5518	2	55402.5	191.895	52.4779
0.04872	6135	5493	2	55409.7	191.975	52.4611
0.04896	6371	5396	1	55423.8	192.135	52.4278
0.0492	6519	5057	0	55447.2	192.4	52.3726
0.04944	6670	5032	2	55470.7	192.666	52.3175
0.04968	6899	4960	2	55494.2	192.932	52.2625
0.04992	6758	4961	1	55529.1	193.328	52.1811
0.05016	6921	4602	2	55565.8	193.746	52.0955
0.0504	6980	4737	4	55602.6	194.165	52.0103
0.05064	6973	4404	4	55641.3	194.606	51.921
0.05088	6993	4220	4	55684.8	195.103	51.8211
0.05112	6845	3945	0	55728.2	195.6	51.7217
0.05136	6707	3933	2	55771.7	196.099	51.6228
0.0516	6530	3399	2	55814.5	196.591	51.5257
0.05184	6386	3358	3	55857	197.081	51.4297
0.05208	6052	3237	0	55899.5	197.572	51.3342
0.05232	5778	3031	2	55941.1	198.053	51.2412
0.05256	5520	2831	3	55976.9	198.468	51.1614
0.0528	5259	2587	4	56012.6	198.883	51.082
0.05304	5052	2276	2	56048.4	199.299	51.0028
0.05328	4618	2196	1	56079.7	199.664	50.9339
0.05352	4368	1914	0	56107.7	199.99	50.8725
0.05376	4309	1736	4	56135.6	200.316	50.8113
0.054	3849	1584	1	56163.5	200.643	50.7503
0.05424	3650	1480	0	56181.4	200.852	50.7113
0.05448	3203	1235	4	56199.3	201.061	50.6724
0.05472	2954	1111	2	56217.2	201.271	50.6336
0.05496	2730	991	2	56230.3	201.425	50.6051
0.0552	2324	867	1	56237.2	201.506	50.5902
0.05544	2218	756	6	56244.1	201.587	50.5753
0.05568	1846	637	3	56250.9	201.667	50.5605
0.05592	1668	517	3	56250.8	201.666	50.5608
0.05616	1490	473	2	56249.5	201.651	50.5636
0.0564	1255	360	2	56248.2	201.635	50.5664
0.05664	1066	324	3	56245.3	201.601	50.5727
0.05688	923	250	2	56238.4	201.52	50.5876
0.05712	814	216	3	56231.5	201.439	50.6025
0.05736	672	209	3	56224.6	201.358	50.6175
0.0576	525	145	0	56215.8	201.255	50.6366
0.05784	484	135	0	56206.2	201.142	50.6575
0.05808	441	107	1	56196.5	201.029	50.6784
0.05832	310	83	1	56186.9	200.916	50.6994
0.05856	221	52	1	56176.9	200.799	50.7211
0.0588	205	63	5	56167	200.683	50.7428
0.05904	150	38	1	56157	200.566	50.7645
0.05928	129	30	0	56147.7	200.458	50.7848
0.05952	84	21	3	56138.9	200.354	50.8041
0.05976	73	20	1	56130.1	200.251	50.8234
0.06	50	14	0	56121.3	200.148	50.8427
0.06024	51	17	1	56114.2	200.066	50.8581
0.06048	37	7	1	56107.2	199.984	50.8735
0.06072	33	3	2	56100.2	199.902	50.8889
0.06096	20	6	0	56093.9	199.829	50.9028
0.0612	15	2	0	56088.5	199.766	50.9145
0.06144	5	0	1	56083.2	199.704	50.9263
0.06168	8	0	0	56077.8	199.641	50.9381
0.06192	4	0	0	56073.6	199.592	50.9474
0.06216	3	1	0	56069.6	199.546	50.9562
0.0624	3	0	0	56065.6	199.499	50.9651
0.06264	0	0	0	56061.8	199.456	50.9733
0.06288	0	0	0	56058.9	199.421	50.9798
0.06312	1	0	0	56055.9	199.386	50.9864
0.06336	0	0	0	56052.9	199.351	50.993
0.0636	0	0	0	56050.4	199.323	50.9984
0.06384	0	0	0	56048.2	199.297	51.0034
0.06408	0	0	0	56046	199.271	51.0083
0.06432	0	0	0	56043.8	199.246	51.013
0.06456	0	0	0	56042.1	199.226	51.0168
0.0648	0	0	0	56040.4	199.206	51.0205
0.06504	0	0	0	56038.7	199.187	51.0243
0.06528	0	0	0	56037.3	199.169	51.0275
0.06552	0	0	0	56036	199.154	51.0304
0.06576	0	0	0	56034.7	199.139	51.0333
0.066	0	0	0	56033.3	199.124	51.0362
0.06624	0	0	0	56032.3	199.112	51.0384
0.06648	0	0	0	56031.3	199.1	51.0407
0.06672	0	0	0	56030.3	199.088	51.0429
0.06696	0	0	0	56029.4	199.078	51.045
0.0672	0	0	0	56028.6	199.068	51.0467
0.06744	0	0	0	56027.8	199.059	51.0485
0.06768	0	0	0	56027	199.05	51.0503
0.06792	0	0	0	56026.3	199.042	51.0517
0.06816	0	0	0	56025.7	199.035	51.0531
0.0684	0	0	0	56025.1	199.028	51.0545
0.06864	0	0	0	56024.5	199.021	51.0558
0.06888	0	0	0	56024	199.015	51.0569
0.06912	0	0	0	56023.5	199.009	51.058
0.06936	0	3	0	56023	199.003	51.0591
0.0696	0	0	0	56022.6	198.998	51.06
0.06984	0	0	0	56022.2	198.994	51.0609
0.07008	0	0	0	56021.8	198.99	51.0617
0.07032	0	0	0	56021.4	198.985	51.0625
0.07056	0	0	0	56021.2	198.982	51.0631
0.0708	0	0	0	56020.9	198.979	51.0637
0.07104	0	0	0	56020.6	198.976	51.0643
0.07128	0	0	0	56020.4	198.974	51.0648
0.07152	0	0	0	56020.2	198.971	51.0652
0.07176	0	0	0	56020	198.969	51.0656
0.072	0	1	0	56019.9	198.967	51.066
0.07224	0	1	0	56019.7	198.966	51.0663
0.07248	0	1	0	56019.6	198.964	51.0666
0.07272	0	2	1	56019.5	198.963	51.0668
0.07296	0	3	0	56019.4	198.962	51.067
0.0732	0	1	0	56019.3	198.961	51.0672
0.07344	0	2	0	56019.3	198.96	51.0673
0.07368	0	4	0	56019.2	198.96	51.0674
0.07392	0	2	0	56019.2	198.96	51.0674
0.07416	0	4	0	56019.3	198.96	51.0673
0.0744	0	0	1	56019.3	198.961	51.0673
0.07464	0	1	0	56019.4	198.961	51.0671
0.07488	0	2	1	56019.5	198.963	51.0669
0.07512	0	4	1	56019.6	198.964	51.0666
0.07536	0	1	0	56019.7	198.965	51.0663
0.0756	0	3	1	56019.9	198.967	51.066
0.07584	0	4	0	56020	198.969	51.0656
0.07608	0	7	2	56020.2	198.971	51.0652
0.07632	0	10	0	56020.4	198.973	51.0648
0.07656	0	1	0	56020.6	198.976	51.0643
0.0768	0	7	1	56020.9	198.979	51.0638
0.07704	0	4	1	56021.1	198.982	51.0632
0.07728	0	3	1	56021.4	198.985	51.0626
0.07752	0	7	0	56021.7	198.988	51.0619
0.07776	0	14	1	56022	198.992	51.0613
0.078	0	6	1	56022.3	198.996	51.0606
0.07824	0	10	3	56022.7	199	51.0597
0.07848	0	17	1	56023.1	199.005	51.0589
0.07872	0	13	2	56023.5	199.009	51.058
0.07896	0	14	2	56023.9	199.015	51.057
0.0792	0	10	3	56024.5	199.021	51.0557
0.07944	0	14	3	56025.1	199.028	51.0544
0.07968	0	13	6	56025.7	199.035	51.0532
0.07992	0	8	7	56026.4	199.043	51.0516
0.08016	0	13	1	56027.1	199.051	51.05
0.0804	0	11	4	56027.9	199.06	51.0483
0.08064	0	23	4	56028.6	199.069	51.0466
0.08088	0	25	3	56029.5	199.079	51.0448
0.08112	0	23	6	56030.3	199.088	51.0429
0.08136	0	18	5	56031.1	199.098	51.0411
0.0816	0	32	3	56032	199.109	51.0391
0.08184	0	22	5	56033	199.12	51.037
0.08208	0	34	6	56033.9	199.131	51.0349
0.08232	0	30	3	56034.9	199.142	51.0327
0.08256	0	35	6	56036	199.155	51.0304
0.0828	0	29	6	56037.1	199.167	51.028
0.08304	0	46	6	56038.1	199.179	51.0256
0.08328	0	52	6	56039.3	199.193	51.023
0.08352	0	57	7	56040.6	199.208	51.0202
0.08376	0	50	7	56041.9	199.223	51.0173
0.084	0	56	6	56043.2	199.238	51.0145
0.08424	0	39	6	56044.7	199.256	51.011
0.08448	0	52	5	56046.3	199.275	51.0076
0.08472	0	52	10	56047.9	199.293	51.0041
0.08496	0	91	8	56049.6	199.313	51.0003
0.0852	0	72	6	56051.4	199.334	50.9962
0.08544	0	83	11	56053.3	199.356	50.9921
0.08568	0	85	10	56055.2	199.378	50.988
0.08592	0	88	8	56057.3	199.403	50.9833
0.08616	0	83	16	56059.5	199.428	50.9785
0.0864	0	99	9	56061.6	199.453	50.9737
0.08664	0	118	11	56063.9	199.48	50.9687
0.08688	0	137	11	56066.4	199.509	50.9632
0.08712	0	132	11	56068.9	199.538	50.9577
0.08736	0	121	10	56071.4	199.567	50.9522
0.0876	0	143	9	56074.1	199.598	50.9463
0.08784	0	152	11	56076.8	199.63	50.9402
0.08808	0	163	8	56079.6	199.662	50.9342
0.08832	0	203	12	56082.3	199.694	50.9282
0.08856	0	176	5	56085.1	199.727	50.922
0.0888	0	206	12	56087.9	199.759	50.9158
0.08904	0	226	7	56090.7	199.792	50.9097
0.08928	0	255	4	56093.6	199.826	50.9034
0.08952	0	306	6	56096.5	199.86	50.8969
0.08976	0	280	8	56099.5	199.894	50.8905
0.09	1	273	8	56102.4	199.928	50.884
0.09024	0	311	9	56105.6	199.966	50.877
0.09048	0	319	11	56108.8	200.003	50.87
0.09072	0	408	7	56112	200.041	50.8629
0.09096	1	405	5	56115.3	200.079	50.8557
0.0912	1	404	8	56118.8	200.119	50.8481
0.09144	1	399	11	56122.2	200.16	50.8406
0.09168	3	462	3	56125.7	200.2	50.8331
0.09192	2	501	9	56128.6	200.234	50.8267
0.09216	5	525	11	56131.4	200.267	50.8205
0.0924	11	572	18	56134.2	200.3	50.8143
0.09264	10	622	12	56136.5	200.326	50.8094
0.09288	6	731	8	56137.2	200.335	50.8077
0.09312	9	766	6	56138	200.344	50.8061
0.09336	13	836	6	56138.7	200.353	50.8044
0.0936	9	862	5	56137.5	200.338	50.8072
0.09384	20	941	11	56135.4	200.314	50.8117
0.09408	24	990	6	56133.4	200.29	50.8162
0.09432	21	1041	9	56130.8	200.26	50.8217
0.09456	29	1146	5	56125.4	200.196	50.8337
0.0948	56	1123	8	56119.9	200.132	50.8457
0.09504	42	1279	5	56114.4	200.068	50.8577
0.09528	73	1365	9	56105.6	199.965	50.8771
0.09552	84	1456	8	56094.2	199.833	50.902
0.09576	99	1647	5	56082.8	199.7	50.927
0.096	151	1711	1	56071.5	199.568	50.952
0.09624	149	1720	3	56052.8	199.35	50.9933
0.09648	226	1923	2	56034	199.132	51.0347
0.09672	276	2147	6	56015.3	198.914	51.0761
0.09696	357	2237	3	55993.4	198.66	51.1246
0.0972	400	2316	8	55967.4	198.358	51.1825
0.09744	493	2513	5	55941.4	198.056	51.2405
0.09768	651	2668	6	55915.3	197.755	51.2988
0.09792	711	2772	10	55884.1	197.394	51.3688
0.09816	773	2876	4	55851.9	197.023	51.4411
0.0984	983	3134	7	55819.8	196.653	51.5136
0.09864	1130	3210	8	55787	196.275	51.588
0.09888	1312	3397	3	55752.4	195.877	51.6667
0.09912	1375	3538	5	55717.7	195.48	51.7456
0.09936	1691	3596	9	55683.1	195.084	51.8249
0.0996	1916	3818	6	55649.9	194.705	51.9011
0.09984	2153	3835	16	55617.3	194.333	51.9763
0.10008	2425	4177	7	55584.7	193.961	52.0517
0.10032	2772	4332	15	55553.5	193.605	52.1242
0.10056	2910	4403	6	55530.5	193.344	52.1777
0.1008	3227	4349	9	55507.5	193.083	52.2314
0.10104	3534	4660	7	55484.5	192.822	52.2852
0.10128	3961	4487	7	55471.9	192.679	52.3147
0.10152	4267	4620	6	55467.1	192.625	52.3258
0.10176	4595	4607	7	55462.4	192.571	52.337
0.102	4854	4474	5	55457.6	192.518	52.3482
0.10224	5047	4660	14	55473.5	192.698	52.3108
0.10248	5261	4425	13	55489.5	192.879	52.2735
0.10272	5574	4359	12	55505.4	193.059	52.2363
0.10296	5646	4460	9	55529.1	193.328	52.181
0.1032	5817	4348	13	55563.1	193.714	52.1019
0.10344	6076	4058	16	55597.1	194.102	52.0231
0.10368	6170	4144	14	55631.1	194.489	51.9446
0.10392	6047	3772	10	55674.4	194.984	51.845
0.10416	6031	3649	9	55719.2	195.497	51.7423
0.1044	6062	3502	15	55764	196.011	51.6401
0.10464	5964	3427	15	55809.2	196.53	51.5377
0.10488	5815	3366	13	55855.1	197.059	51.434
0.10512	5552	2988	16	55901	197.59	51.3308
0.10536	5489	2940	6	55947	198.121	51.228
0.1056	5294	2551	10	55988.3	198.601	51.136
0.10584	4898	2530	15	56027.8	199.06	51.0483
0.10608	4678	2251	14	56067.4	199.52	50.9611
0.10632	4431	2188	8	56105.2	199.962	50.8778
0.10656	4136	1933	12	56133.2	200.288	50.8165
0.1068	3775	1854	9	56161.2	200.616	50.7553
0.10704	3415	1738	14	56189.2	200.943	50.6943
0.10728	3147	1438	10	56210.4	201.192	50.6482
0.10752	3020	1394	11	56226.6	201.382	50.6131
0.10776	2680	1228	7	56242.8	201.572	50.5781
0.108	2398	1082	5	56259	201.762	50.5431
0.10824	2070	1066	3	56264.7	201.829	50.5307
0.10848	1859	890	10	56270.5	201.897	50.5183
0.10872	1711	936	5	56276.2	201.965	50.5059
0.10896	1437	835	8	56278.1	201.987	50.5019
0.1092	1298	814	4	56274.8	201.948	50.5089
0.10944	1121	682	19	56271.6	201.91	50.5159
0.10968	1013	756	14	56268.3	201.872	50.5229
0.10992	781	726	7	56259.8	201.772	50.5413
0.11016	697	704	4	56250.4	201.662	50.5616
0.1104	600	657	9	56241.1	201.551	50.5818
0.11064	521	733	4	56230.6	201.429	50.6044
0.11088	489	761	0	56217.6	201.276	50.6326
0.11112	404	761	5	56204.6	201.124	50.6609
0.11136	344	732	5	56191.6	200.971	50.6892
0.1116	368	861	4	56177.3	200.804	50.7203
0.11184	316	853	4	56162.5	200.63	50.7526
0.11208	335	861	3	56147.6	200.457	50.785
0.11232	336	946	1	56132.7	200.282	50.8176
0.11256	294	925	5	56117	200.099	50.8519
0.1128	348	1036	2	56101.4	199.916	50.8863
0.11304	325	1081	2	56085.7	199.734	50.9207
0.11328	375	1133	4	56069.8	199.549	50.9556
0.11352	415	1137	3	56053.9	199.363	50.9909
0.11376	459	1224	9	56037.9	199.176	51.0262
0.114	479	1272	4	56021.9	198.99	51.0616
0.11424	597	1378	4	56006.5	198.812	51.0955
0.11448	646	1416	1	55991.2	198.634	51.1296
0.11472	750	1538	5	55975.9	198.456	51.1636
0.11496	777	1501	6	55961.2	198.287	51.1962
0.1152	909	1586	5	55947.6	198.128	51.2267
0.11544	921	1479	3	55933.9	197.97	51.2572
0.11568	1023	1719	6	55920.2	197.812	51.2878
0.11592	1119	1756	4	55909.1	197.683	51.3128
0.11616	1219	1795	1	55898.3	197.558	51.3369
0.1164	1335	1818	3	55887.6	197.434	51.361
0.11664	1455	1830	2	55878.3	197.328	51.3817
0.11688	1512	1887	2	55872.9	197.264	51.394
0.11712	1665	1925	6	55867.4	197.201	51.4063
0.11736	1719	1940	5	55861.9	197.138	51.4187
0.1176	1888	1956	3	55861.9	197.138	51.4187
0.11784	1952	2027	3	55864	197.162	51.4139
0.11808	2147	1921	10	55866.2	197.187	51.4091
0.11832	2256	1968	6	55869.6	197.227	51.4014
0.11856	2266	1920	5	55880.6	197.354	51.3766
0.1188	2403	1861	6	55891.7	197.482	51.3518
0.11904	2383	1833	2	55902.7	197.609	51.327
0.11928	2374	1793	5	55922.1	197.834	51.2835
0.11952	2077	1752	9	55947.8	198.131	51.2261
0.11976	0	1546	7	55973.5	198.429	51.1689
