0	0	0	0	56113.6	200.059	50.8594
0.00024	0	0	0	56114.8	200.073	50.8568
0.00048	0	0	0	56116	200.087	50.8543
0.00072	0	0	0	56117.2	200.101	50.8517
0.00096	0	0	0	56118.4	200.115	50.849
0.0012	0	0	0	56119.6	200.129	50.8463
0.00144	0	0	0	56120.9	200.144	50.8436
0.00168	0	0	0	56122.1	200.158	50.8408
0.00192	0	0	0	56123.4	200.173	50.838
0.00216	0	0	0	56124.7	200.189	50.8351
0.0024	0	0	0	56126	200.204	50.8323
0.00264	0	0	0	56127.3	200.22	50.8293
0.00288	0	0	0	56128.7	200.236	50.8263
0.00312	0	0	0	56130.1	200.252	50.8233
0.00336	0	0	0	56131.5	200.268	50.8203
0.0036	0	0	0	56132.9	200.285	50.8171
0.00384	0	0	0	56134.4	200.302	50.814
0.00408	0	0	0	56135.8	200.319	50.8108
0.00432	0	0	0	56137.3	200.336	50.8076
0.00456	0	0	0	56138.8	200.354	50.8042
0.0048	0	0	0	56140.4	200.372	50.8008
0.00504	0	0	0	56141.9	200.39	50.7975
0.00528	0	0	0	56143.5	200.408	50.794
0.00552	0	0	0	56145.1	200.427	50.7904
0.00576	0	0	0	56146.8	200.446	50.7869
0.006	0	0	0	56148.4	200.465	50.7833
0.00624	0	0	0	56150.1	200.486	50.7796
0.00648	0	0	0	56151.8	200.506	50.7758
0.00672	0	0	0	56153.6	200.526	50.772
0.00696	0	0	0	56155.3	200.546	50.7682
0.0072	0	0	0	56157.1	200.568	50.7642
0.00744	0	0	0	56159	200.589	50.7602
0.00768	0	0	0	56160.8	200.61	50.7563
0.00792	0	0	0	56162.7	200.633	50.7521
0.00816	0	0	0	56164.6	200.655	50.7479
0.0084	0	0	0	56166.6	200.678	50.7437
0.00864	0	0	0	56168.5	200.701	50.7394
0.00888	0	0	0	56170.6	200.725	50.7349
0.00912	0	0	0	56172.6	200.749	50.7304
0.00936	0	0	0	56174.7	200.773	50.726
0.0096	0	0	0	56176.8	200.798	50.7213
0.00984	0	1	0	56179	200.824	50.7166
0.01008	0	0	0	56181.2	200.849	50.7118
0.01032	0	0	0	56183.4	200.875	50.7071
0.01056	0	0	0	56185.7	200.902	50.702
0.0108	0	0	0	56188	200.929	50.697
0.01104	0	1	0	56190.3	200.956	50.692
0.01128	0	0	0	56192.7	200.984	50.6868
0.01152	0	2	0	56195.1	201.013	50.6814
0.01176	0	0	0	56197.6	201.041	50.6761
0.012	0	0	0	56200.1	201.07	50.6708
0.01224	0	0	0	56202.7	201.101	50.6651
0.01248	0	0	0	56205.3	201.132	50.6594
0.01272	0	3	0	56207.9	201.163	50.6537
0.01296	0	0	2	56210.6	201.194	50.6478
0.0132	0	0	0	56213.4	201.227	50.6417
0.01344	0	0	0	56216.2	201.26	50.6356
0.01368	0	1	1	56219	201.293	50.6296
0.01392	0	1	0	56222	201.328	50.6231
0.01416	0	0	0	56225	201.363	50.6167
0.0144	0	0	0	56228	201.398	50.6102
0.01464	0	0	0	56231	201.434	50.6036
0.01488	0	3	0	56234.2	201.471	50.5966
0.01512	0	2	0	56237.4	201.509	50.5897
0.01536	0	1	0	56240.6	201.546	50.5828
0.0156	0	0	1	56244	201.586	50.5755
0.01584	0	0	0	56247.4	201.626	50.5681
0.01608	0	1	0	56250.8	201.666	50.5607
0.01632	0	1	1	56254.3	201.707	50.5533
0.01656	0	5	1	56258	201.75	50.5453
0.0168	0	1	0	56261.6	201.793	50.5374
0.01704	0	3	0	56265.3	201.836	50.5295
0.01728	0	0	1	56269.1	201.881	50.5212
0.01752	0	0	1	56273.1	201.928	50.5127
0.01776	0	5	2	56277	201.974	50.5042
0.018	0	4	1	56280.9	202.02	50.4957
0.01824	0	3	0	56285.2	202.07	50.4866
0.01848	0	4	0	56289.4	202.12	50.4775
0.01872	0	1	3	56293.7	202.17	50.4684
0.01896	0	8	1	56298	202.221	50.459
0.0192	0	4	2	56302.6	202.275	50.4491
0.01944	0	3	1	56307.2	202.329	50.4393
0.01968	0	2	2	56311.8	202.383	50.4294
0.01992	0	4	3	56316.7	202.441	50.4189
0.02016	0	4	1	56321.6	202.499	50.4083
0.0204	0	3	4	56326.6	202.558	50.3976
0.02064	0	3	0	56331.6	202.617	50.3868
0.02088	0	4	0	56337	202.68	50.3754
0.02112	0	6	0	56342.3	202.743	50.364
0.02136	0	7	0	56347.6	202.806	50.3526
0.0216	0	7	2	56353.3	202.873	50.3405
0.02184	0	6	0	56359	202.941	50.3282
0.02208	0	8	0	56364.8	203.009	50.3158
0.02232	0	9	4	56370.7	203.078	50.3034
0.02256	0	7	2	56376.9	203.152	50.29
0.0228	0	6	3	56383.2	203.226	50.2766
0.02304	0	7	1	56389.5	203.301	50.2632
0.02328	0	8	1	56396.1	203.379	50.2491
0.02352	0	5	7	56403	203.46	50.2345
0.02376	0	19	2	56409.8	203.541	50.22
0.024	0	13	3	56416.6	203.622	50.2055
0.02424	0	11	5	56424.1	203.71	50.1897
0.02448	0	13	3	56431.5	203.798	50.1739
0.02472	0	16	4	56439	203.886	50.1581
0.02496	0	17	2	56446.7	203.978	50.1417
0.0252	0	14	4	56454.8	204.074	50.1245
0.02544	0	15	6	56462.9	204.17	50.1074
0.02568	0	13	0	56471.1	204.267	50.0902
0.02592	0	17	4	56479.8	204.371	50.0717
0.02616	0	24	3	56488.7	204.476	50.053
0.0264	0	24	4	56497.6	204.581	50.0343
0.02664	0	25	3	56506.7	204.69	50.0152
0.02688	0	27	4	56516.4	204.805	49.9947
0.02712	0	35	4	56526.1	204.921	49.9744
0.02736	0	30	5	56535.8	205.036	49.954
0.0276	0	26	5	56546.2	205.16	49.9321
0.02784	0	33	4	56556.9	205.288	49.9096
0.02808	0	36	4	56567.7	205.416	49.8872
0.02832	0	27	8	56578.6	205.546	49.8645
0.02856	0	37	9	56590.4	205.687	49.8398
0.0288	0	44	5	56602.2	205.828	49.8151
0.02904	0	52	9	56614	205.969	49.7905
0.02928	0	51	3	56626.5	206.119	49.7645
0.02952	0	42	6	56639.5	206.274	49.7375
0.02976	0	54	9	56652.6	206.43	49.7105
0.03	0	69	5	56665.6	206.586	49.6836
0.03024	0	77	8	56680	206.759	49.6537
0.03048	0	65	9	56694.5	206.932	49.6239
0.03072	0	74	9	56708.9	207.106	49.5941
0.03096	0	80	12	56724.1	207.288	49.5629
0.0312	0	75	11	56740.2	207.482	49.5297
0.03144	0	71	5	56756.4	207.676	49.4966
0.03168	0	102	7	56772.5	207.87	49.4636
0.03192	0	88	7	56790.2	208.082	49.4275
0.03216	0	99	8	56808.1	208.298	49.3909
0.0324	0	119	11	56826	208.515	49.3544
0.03264	0	131	8	56844.5	208.738	49.3168
0.03288	0	139	7	56864.4	208.978	49.2765
0.03312	0	145	7	56884.3	209.219	49.2362
0.03336	0	160	6	56904.2	209.459	49.196
0.0336	0	154	11	56925.7	209.72	49.1528
0.03384	0	193	9	56947.8	209.988	49.1083
0.03408	0	207	11	56969.9	210.256	49.0639
0.03432	0	250	7	56992.4	210.53	49.0189
0.03456	0	227	6	57017.3	210.832	48.9692
0.0348	0	229	10	57042.2	211.136	48.9204
0.03504	0	233	7	57067	211.456	48.8843
0.03528	0	279	6	57093.7	211.798	48.8457
0.03552	0	282	12	57121.7	212.158	48.8052
0.03576	0	335	4	57149.8	212.519	48.7649
0.036	0	349	10	57177.8	212.88	48.7246
0.03624	0	355	7	57209.3	213.285	48.6795
0.03648	0	401	6	57240.7	213.691	48.6345
0.03672	0	445	10	57272.2	214.097	48.5897
0.03696	0	469	6	57305.3	214.525	48.5425
0.0372	0	485	11	57340.7	214.982	48.4924
0.03744	0	519	1	57376.1	215.44	48.4423
0.03768	0	586	4	57411.5	215.899	48.3925
0.03792	0	614	5	57450.6	216.405	48.3376
0.03816	0	656	1	57490.3	216.92	48.282
0.0384	0	759	2	57530	217.436	48.2266
0.03864	0	770	8	57571	217.97	48.1694
0.03888	0	801	4	57615.5	218.549	48.1078
0.03912	0	924	5	57660	219.129	48.0463
0.03936	0	1115	3	57704.5	219.71	47.9851
0.0396	0	999	7	57753.1	220.344	47.9186
0.03984	0	1139	2	57803.3	221.001	47.8501
0.04008	0	1156	13	57853.5	221.658	47.7819
0.04032	0	1438	13	57904.7	222.329	47.7126
0.04056	0	1322	3	57962	223.081	47.6355
0.0408	0	1439	4	58019.2	223.834	47.5588
0.04104	0	1604	8	58076.5	224.588	47.4824
0.04128	0	1683	8	58137.9	225.398	47.4009
0.04152	0	1915	5	58202.5	226.25	47.3157
0.04176	0	1918	8	58267.1	227.104	47.231
0.042	0	2100	8	58331.7	227.959	47.1467
0.04224	0	2332	5	58404.2	228.921	47.0526
0.04248	0	2548	10	58476.7	229.884	46.9591
0.04272	0	2575	11	58549.2	230.849	46.8662
0.04296	0	2937	12	58625.5	231.866	46.7691
0.0432	0	3063	9	58706.8	232.951	46.6663
0.04344	0	3211	8	58788.1	234.028	46.558
0.04368	0	3578	5	58869.4	235.047	46.4165
0.04392	0	3945	7	58959	236.171	46.261
0.04416	0	4016	5	59050	237.312	46.1036
0.0444	0	4338	5	59140.9	238.454	45.9468
0.04464	0	4811	5	59234.9	239.633	45.7855
0.04488	0	4856	10	59336.4	240.905	45.612
0.04512	0	5403	5	59437.9	242.178	45.4391
0.04536	0	6017	2	59539.4	243.451	45.267
0.0456	0	6148	6	59648	244.812	45.0836
0.04584	0	6692	4	59759.3	246.207	44.8963
0.04608	0	7341	6	59870.7	247.602	44.7099
0.04632	0	7734	6	59983.5	249.015	44.5219
0.04656	0	8222	7	60104.7	250.532	44.3206
0.0468	0	8766	6	60226	252.049	44.1204
0.04704	0	9729	2	60347.3	253.564	43.9211
0.04728	0	10273	4	60472	255.122	43.7172
0.04752	0	10993	5	60599.3	256.749	43.5416
0.04776	0	11907	2	60726.7	258.397	43.3811
0.048	0	12528	4	60854	260.051	43.2222
0.04824	0	13714	1	60985.7	261.768	43.0595
0.04848	0	14630	6	61117.4	263.49	42.8986
0.04872	0	15864	4	61249.1	265.217	42.7392
0.04896	0	16831	4	61381.2	266.956	42.5811
0.0492	0	17698	0	61513.8	268.707	42.424
0.04944	0	18864	5	61646.4	270.464	42.2685
0.04968	0	20213	5	61779	272.226	42.1147
0.04992	0	22027	2	61904.4	273.897	41.9708
0.05016	0	23404	4	62028.5	275.557	41.8297
0.0504	1	24646	8	62152.6	277.221	41.69
0.05064	0	26778	8	62271	278.821	41.5511
0.05088	1	28279	4	62375	280.251	41.4087
0.05112	1	30159	2	62478.9	281.68	41.2671
0.05136	0	32354	3	62582.9	283.107	41.1264
0.0516	4	34354	2	62657.6	284.133	41.0256
0.05184	6	36456	4	62720.8	284.998	40.9409
0.05208	24	39190	2	62783.9	285.863	40.8565
0.05232	15	41213	2	62838.4	286.608	40.7839
0.05256	22	44014	4	62841	286.643	40.7806
0.0528	43	46530	4	62843.5	286.678	40.7772
0.05304	81	49191	2	62846	286.713	40.7738
0.05328	127	53011	1	62792.9	285.986	40.8445
0.05352	157	55780	0	62698	284.686	40.9714
0.05376	224	58569	4	62603.2	283.386	41.099
0.054	324	62306	1	62508.3	282.083	41.2272
0.05424	474	65326	0	62296.4	279.171	41.5162
0.05448	689	68944	4	62084.5	276.308	41.7664
0.05472	860	72919	2	61872.7	273.474	42.007
0.05496	1124	75280	2	61604.2	269.905	42.3178
0.0552	1415	79921	1	61260.4	265.366	42.7256
0.05544	1765	83426	6	60916.6	260.866	43.1447
0.05568	2221	87358	3	60572.8	256.406	43.5753
0.05592	2774	90393	3	60116.8	250.683	44.3007
0.05616	3603	93869	2	59642.2	244.74	45.0933
0.0564	4779	98082	2	59167.6	238.788	45.901
0.05664	6023	100775	3	58669.6	232.454	46.7132
0.05688	7615	105210	2	58113.1	225.07	47.4338
0.05712	9470	108354	3	57556.6	217.783	48.1895
0.05736	10884	110550	3	57000.2	210.624	49.0034
0.0576	13010	112513	0	56420.7	203.669	50.1969
0.05784	14561	115251	0	55832	196.793	51.4862
0.05808	16410	118305	1	55243.3	190.109	52.839
0.05832	18175	118193	1	54660.6	183.625	54.052
0.05856	20709	120255	1	54114	177.55	55.1666
0.0588	23107	122436	5	53567.5	171.493	56.2551
0.05904	25768	123780	1	53020.9	165.202	57.2167
0.05928	28559	123935	0	52522.8	159.516	58.1599
0.05952	30860	123822	4	52061.1	154.293	59.0935
0.05976	33581	124666	1	51599.4	149.266	60.2549
0.06	36178	124991	0	51137.7	144.38	61.6299
0.06024	38885	125885	5	50779.1	140.585	62.735
0.06048	41824	125737	1	50420.5	136.795	63.8738
0.06072	44041	126461	3	50061.9	132.933	64.9852
0.06096	46180	126203	1	49742.7	129.038	65.6038
0.0612	48847	125939	2	49476.1	125.93	66.1965
0.06144	51351	127086	1	49209.5	122.949	66.8603
0.06168	52943	127295	1	48943	120.09	67.5971
0.06192	55539	126488	0	48730.9	117.899	68.237
0.06216	57449	125692	2	48527.9	115.868	68.8952
0.0624	59621	126466	2	48324.9	114.069	69.7146
0.06264	61452	125573	1	48138.2	113.019	70.9112
0.06288	63680	126009	1	47992.3	112.19	71.8762
0.06312	65840	126232	0	47846.3	111.354	72.8678
0.06336	68327	126768	1	47700.4	110.511	73.8869
0.0636	70350	125135	1	47577.5	109.796	74.7669
0.06384	72503	126428	0	47463.8	109.131	75.5991
0.06408	74319	127079	3	47350.1	108.463	76.4492
0.06432	76002	127178	0	47240.6	107.815	77.2853
0.06456	78346	125848	0	47156.1	107.314	77.9419
0.0648	79809	127442	1	47071.6	106.81	78.609
0.06504	82465	127296	6	46987.2	106.305	79.2868
0.06528	84221	126871	0	46916.1	105.879	79.8658
0.06552	86477	125928	1	46855	105.511	80.3696
0.06576	87957	127022	3	46793.9	105.143	80.8791
0.066	89824	127031	1	46732.8	104.773	81.3945
0.06624	91595	126692	1	46686.8	104.495	81.7863
0.06648	93794	128939	1	46640.8	104.216	82.1815
0.06672	95711	127829	85	46594.8	103.789	82.5298
0.06696	97445	128702	183	46555.9	103.4	82.8138
0.0672	99436	129167	521	46526.4	103.104	83.0281
0.06744	101038	129568	972	46496.8	102.808	83.2412
0.06768	102395	129495	2093	46467.3	102.511	83.4531
0.06792	103876	130330	2656	46442.8	102.265	83.6277
0.06816	106505	132179	3336	46419.2	102.027	83.7955
0.0684	107831	134787	3846	46395.6	101.789	83.9626
0.06864	109987	136275	5102	46370.5	101.536	84.1388
0.06888	112110	135860	6949	46342	101.247	84.3387
0.06912	113620	139951	7878	46313.4	100.958	84.5375
0.06936	115423	140397	9331	46284.8	100.669	84.7352
0.0696	116620	142181	10659	46228.1	100.093	85.1241
0.06984	118751	143848	12270	46160.2	99.4017	85.584
0.07008	120487	147753	12701	46092.2	98.7084	86.037
0.07032	121946	151158	14571	46014.2	97.9099	86.5487
0.07056	122457	152350	17806	45875.5	96.4861	87.4345
0.0708	123536	156103	18243	45736.8	95.0567	88.2894
0.07104	125321	159017	20855	45598.1	93.6224	89.1123
0.07128	125951	160537	24306	45423.5	91.8107	90.1014
0.07152	127525	164715	26439	45221.9	89.7136	91.1755
0.07176	129124	167775	27189	45020.2	87.613	92.1741
0.072	130659	171646	32315	44818.6	85.705	92.9404
0.07224	133387	175101	36043	44559.8	83.6229	93.5363
0.07248	135701	179243	37488	44301	81.5198	94.0518
0.07272	138589	184337	40432	44042.2	79.3998	94.4855
0.07296	141285	188918	45007	43743.2	76.9348	94.8833
0.0732	143676	192909	48143	43390.5	74.0143	95.2083
0.07344	147050	200108	50150	43037.9	70.7986	95.441
0.07368	147747	203190	53787	42685.2	67.1505	95.8813
0.07392	149954	207407	60013	42213.1	62.4803	96.7996
0.07416	152665	211971	61850	41721.1	57.8693	98.168
0.0744	154425	218478	66600	41229.1	53.7871	100.358
0.07464	154447	223753	71060	40706	50.2352	103.931
0.07488	157845	228491	75267	40104.9	46.6126	109.013
0.07512	163807	235126	78380	39503.9	43.4921	115.26
0.07536	170615	239607	81128	38902.8	40.6658	122.302
0.0756	176965	245514	85916	38281.6	37.768	130.24
0.07584	185763	249933	86955	37652.3	34.7888	138.966
0.07608	193683	256321	87481	37023.1	31.5214	147.502
0.07632	203801	263123	90059	36408.7	28.1669	155.3
0.07656	214339	270082	92311	35883.4	24.9011	159.566
0.0768	227502	276440	87719	35358.1	21.7267	162.861
0.07704	242526	283702	86169	34832.8	18.8802	166.328
0.07728	262566	292031	86075	34575.5	17.5996	168.091
0.07752	286339	299069	80301	34519.4	17.3296	168.482
0.07776	312376	307193	72309	34463.2	17.0864	169.051
0.078	341978	315552	67811	34407.1	16.8728	169.829
0.07824	377522	324212	64337	35321.4	21.5174	163.098
0.07848	414405	332285	50906	36235.6	27.2095	157.382
0.07872	449870	340990	39169	37149.9	32.1977	145.822
0.07896	487321	351174	30734	38654.1	39.5013	125.397
0.0792	532246	357913	20588	40944.8	51.8073	102.207
0.07944	578986	364448	9876	43235.5	72.7281	95.3015
0.07968	618224	377175	3514	45526.2	92.8767	89.5262
0.07992	661991	387102	8	48753.6	118.13	68.166
0.08016	672774	395002	2	52137.2	155.15	58.9356
0.0804	703405	399269	4	55520.8	193.234	52.2003
0.08064	713220	396162	4	58896.5	235.387	46.3694
0.08088	674207	386327	5	62252.2	278.562	41.577
0.08112	659857	359664	6	65608	322.187	37.7335
0.08136	638899	327754	7	68963.8	367.641	34.1149
0.0816	588393	292878	3	71347.1	400.111	32.2084
0.08184	487412	243120	7	73341.3	428.903	30.547
0.08208	397903	197545	8	75335.6	460.213	29.7782
0.08232	328163	160447	3	77073.8	487.813	28.4352
0.08256	259658	125857	10	77275.2	491.296	28.2495
0.0828	199468	93003	7	77476.7	494.781	28.0581
0.08304	151193	68378	6	77678.2	498.27	27.8613
0.08328	111372	49818	6	77289.4	491.54	28.2362
0.08352	81092	34351	10	76457.9	477.193	28.9665
0.08376	56721	23900	8	75626.4	464.359	29.5886
0.084	40716	16359	9	74794.9	452.502	30.0911
0.08424	28898	11066	6	73742.4	435.657	30.4325
0.08448	20260	7535	8	72689.8	418.099	30.7782
0.08472	13472	5104	10	71637.3	403.857	31.874
0.08496	9384	3368	9	70652.9	391.141	32.9028
0.0852	6620	2247	6	69759.3	378.939	33.5002
0.08544	4617	1511	12	68865.8	366.192	34.2205
0.08568	3188	1126	12	67972.2	353.136	35.2334
0.08592	2169	675	8	67280.2	343.385	36.0486
0.08616	1476	564	16	66621.8	334.829	36.7327
0.0864	1042	402	9	65963.4	326.538	37.3936
0.08664	660	301	12	65359.8	319.178	37.9616
0.08688	490	262	11	64893.5	313.467	38.4025
0.08712	326	214	12	64427.2	307.69	38.8599
0.08736	194	179	12	63960.9	301.838	39.3381
0.0876	145	169	9	63590.9	296.849	39.8044
0.08784	90	188	13	63259.4	292.352	40.2307
0.08808	61	176	8	62927.9	287.832	40.6653
0.08832	45	217	12	62609.4	283.47	41.0906
0.08856	16	181	5	62368.8	280.167	41.4171
0.0888	19	210	15	62128.3	276.894	41.7173
0.08904	10	231	7	61887.8	273.676	41.9898
0.08928	9	258	4	61682.8	270.948	42.2261
0.08952	6	312	6	61504.6	268.586	42.4347
0.08976	7	280	8	61326.4	266.235	42.6464
0.09	2	276	9	61148.2	263.894	42.8611
0.09024	3	311	9	61014.5	262.144	43.0242
0.09048	5	319	11	60880.8	260.4	43.189
0.09072	0	408	7	60747.1	258.662	43.3556
0.09096	0	405	5	60627.6	257.115	43.5058
0.0912	0	404	9	60527.3	255.819	43.6331
0.09144	0	400	11	60427	254.56	43.7907
0.09168	0	463	3	60326.7	253.307	43.955
0.09192	0	501	9	60248.6	252.332	44.0832
0.09216	0	526	11	60174.3	251.403	44.2056
0.0924	0	573	18	60100	250.473	44.3285
0.09264	2	624	14	60031.7	249.619	44.4417
0.09288	1	735	8	59978.4	248.951	44.5303
0.09312	1	773	6	59925.1	248.284	44.619
0.09336	0	842	8	59871.8	247.616	44.708
0.0936	0	868	5	59831.6	247.112	44.7753
0.09384	0	953	13	59796.6	246.674	44.8338
0.09408	0	1000	7	59761.6	246.236	44.8925
0.09432	0	1062	14	59729	245.828	44.9472
0.09456	0	1160	5	59711.1	245.603	44.9774
0.0948	0	1144	10	59693.1	245.377	45.0076
0.09504	0	1307	9	59675.1	245.152	45.0379
0.09528	0	1386	14	59665.8	245.035	45.0536
0.09552	0	1498	13	59662.9	244.999	45.0585
0.09576	0	1705	9	59660	244.963	45.0633
0.096	0	1778	3	59657.1	244.927	45.0681
0.09624	0	1799	9	59668.3	245.067	45.0493
0.09648	0	2028	7	59679.5	245.207	45.0305
0.09672	0	2258	11	59690.6	245.346	45.0118
0.09696	0	2407	8	59707.7	245.56	44.9831
0.0972	0	2519	13	59732.5	245.872	44.9413
0.09744	0	2762	8	59757.4	246.183	44.8995
0.09768	0	2967	8	59782.3	246.495	44.8578
0.09792	0	3183	11	59818.8	246.953	44.7966
0.09816	0	3337	8	59857.3	247.435	44.7322
0.0984	0	3697	11	59895.8	247.918	44.6678
0.09864	0	3925	12	59938.3	248.449	44.597
0.09888	0	4244	8	59990.6	249.104	44.5099
0.09912	0	4488	6	60043	249.76	44.423
0.09936	0	4807	13	60095.3	250.415	44.3362
0.0996	0	5228	7	60156.7	251.182	44.2347
0.09984	0	5582	17	60221.7	251.995	44.1275
0.10008	0	6120	9	60286.7	252.807	44.0206
0.10032	0	6541	17	60353.5	253.641	43.911
0.10056	0	7066	8	60431.1	254.612	43.7839
0.1008	0	7257	12	60508.8	255.581	43.6571
0.10104	0	8159	9	60586.5	256.584	43.5578
0.10128	0	8536	10	60670.1	257.665	43.4522
0.10152	0	9187	10	60758.2	258.806	43.3416
0.10176	0	10070	9	60846.2	259.95	43.2319
0.102	0	10465	8	60934.2	261.096	43.1229
0.10224	0	11713	17	61032	262.373	43.0027
0.10248	0	12188	14	61129.8	263.652	42.8835
0.10272	0	12903	17	61227.5	264.935	42.7652
0.10296	0	13986	15	61327.9	266.255	42.6446
0.1032	1	15163	17	61431.9	267.625	42.5208
0.10344	0	16021	17	61535.8	268.998	42.3981
0.10368	0	17337	15	61639.7	270.375	42.2764
0.10392	1	18278	12	61740.8	271.718	42.1588
0.10416	2	19585	9	61841.5	273.059	42.0428
0.1044	0	21246	20	61942.2	274.402	41.9276
0.10464	4	23183	15	62039.3	275.701	41.8175
0.10488	1	24419	14	62127.3	276.881	41.7184
0.10512	8	25827	17	62215.3	278.063	41.62
0.10536	11	27462	6	62303.3	279.265	41.5068
0.1056	29	29864	10	62367.6	280.15	41.4188
0.10584	27	31887	15	62422.4	280.903	41.344
0.10608	53	33864	14	62477.2	281.657	41.2694
0.10632	55	36943	8	62524.4	282.305	41.2054
0.10656	101	38878	12	62525.9	282.324	41.2034
0.1068	160	41224	9	62527.3	282.344	41.2015
0.10704	174	44006	14	62528.7	282.364	41.1995
0.10728	246	46892	10	62479.6	281.689	41.2662
0.10752	343	50517	11	62392.5	280.493	41.3847
0.10776	449	53883	7	62305.5	279.295	41.5038
0.108	588	56578	5	62218.4	278.105	41.6165
0.10824	795	59443	3	62017.2	275.405	41.8425
0.10848	1008	63324	10	61816	272.719	42.0721
0.10872	1319	67091	5	61614.8	270.044	42.3054
0.10896	1681	71321	8	61352.5	266.579	42.6152
0.1092	2038	75239	4	61009	262.072	43.031
0.10944	2389	78605	19	60665.4	257.603	43.4582
0.10968	2962	83094	14	60321.8	253.246	43.9629
0.10992	3695	87675	7	59840.7	247.227	44.76
0.11016	4617	91592	4	59336.6	240.908	45.6116
0.1104	5480	95661	9	58832.6	234.586	46.4805
0.11064	6984	100243	4	58291.1	227.421	47.1996
0.11088	8280	103489	0	57655.9	219.075	48.052
0.11112	9931	107917	5	57020.8	210.875	48.9623
0.11136	11285	111754	5	56385.6	203.254	50.2715
0.1116	12913	113277	4	55684.3	195.098	51.8221
0.11184	14467	117428	4	54956.6	186.919	53.4387
0.11208	16389	118949	3	54228.9	178.826	54.9343
0.11232	18642	122245	1	53497.2	170.682	56.3745
0.11256	20638	124630	5	52741.6	162.007	57.7376
0.1128	23021	126642	2	51986	153.448	59.251
0.11304	25224	127592	2	51230.3	145.361	61.3498
0.11328	27589	128491	4	50475.6	137.377	63.6965
0.11352	29531	128611	3	49721.6	128.787	65.6482
0.11376	31114	129851	9	48967.6	120.349	67.5259
0.114	33114	129931	4	48213.6	113.444	70.4233
0.11424	35409	128416	4	47479.7	109.225	75.4815
0.11448	37317	128592	1	46745.8	104.852	81.284
0.11472	38852	128329	5	46011.9	97.8871	86.5632
0.11496	40179	127026	6	45283.1	90.3513	90.857
0.1152	41278	124492	87	44561	83.6323	93.5338
0.11544	42350	123636	447	43838.9	77.7252	94.7681
0.11568	43566	123344	1923	43116.8	71.6336	95.3709
0.11592	44591	121268	3095	42362	63.9273	96.4688
0.11616	45263	120255	5385	41601.9	56.7903	98.5648
0.1164	45391	121133	7382	40841.7	51.1189	102.932
0.11664	45978	121179	11097	40062.6	46.3745	109.413
0.11688	45693	120670	15457	39236.2	42.2325	118.322
0.11712	46609	121873	20685	38409.9	38.3632	128.543
0.11736	46806	123532	26053	37583.5	34.4436	139.923
0.1176	46874	123799	32992	36714.3	29.848	151.497
0.11784	45500	125843	41367	35827.9	24.5499	159.906
0.11808	44443	127283	51596	34941.6	19.4439	165.596
0.11832	43085	129949	61125	34138.7	15.8928	173.749
0.11856	41883	132155	70154	33836.9	14.8682	178.578
0.1188	40993	135176	75899	33535.2	13.9189	183.881
0.11904	39359	140074	81630	33233.4	13.039	189.693
0.11928	38845	142874	88618	34614.2	17.7874	167.823
0.11952	34938	149510	76619	37256.9	32.762	144.388
0.11976	0	146460	45025	39899.6	45.4764	111.01
