0	0	0	0	56012.3	198.879	51.0828
0.00024	0	0	0	56012.4	198.881	51.0825
0.00048	0	0	0	56012.6	198.882	51.0821
0.00072	0	0	0	56012.7	198.884	51.0818
0.00096	0	0	0	56012.9	198.886	51.0814
0.0012	0	0	0	56013.1	198.888	51.0811
0.00144	0	0	0	56013.2	198.89	51.0807
0.00168	0	0	0	56013.4	198.892	51.0803
0.00192	0	0	0	56013.6	198.894	51.08
0.00216	0	0	0	56013.7	198.896	51.0796
0.0024	0	0	0	56013.9	198.898	51.0792
0.00264	0	0	0	56014.1	198.9	51.0788
0.00288	0	0	0	56014.3	198.902	51.0784
0.00312	0	0	0	56014.5	198.905	51.0779
0.00336	0	0	0	56014.7	198.907	51.0775
0.0036	0	0	0	56014.9	198.909	51.0771
0.00384	0	0	0	56015.1	198.911	51.0766
0.00408	0	0	0	56015.3	198.914	51.0762
0.00432	0	0	0	56015.5	198.916	51.0757
0.00456	0	0	0	56015.7	198.919	51.0753
0.0048	0	0	0	56015.9	198.921	51.0748
0.00504	0	0	0	56016.1	198.924	51.0743
0.00528	0	0	0	56016.3	198.926	51.0738
0.00552	0	0	0	56016.6	198.929	51.0733
0.00576	0	0	0	56016.8	198.932	51.0728
0.006	0	0	0	56017	198.934	51.0723
0.00624	0	0	0	56017.3	198.937	51.0717
0.00648	0	0	0	56017.5	198.94	51.0712
0.00672	0	0	0	56017.8	198.943	51.0706
0.00696	0	0	0	56018	198.946	51.07
0.0072	0	0	0	56018.3	198.949	51.0694
0.00744	0	0	0	56018.6	198.952	51.0688
0.00768	0	0	0	56018.8	198.955	51.0683
0.00792	0	0	0	56019.1	198.959	51.0676
0.00816	0	0	0	56019.4	198.962	51.067
0.0084	0	0	0	56019.7	198.965	51.0663
0.00864	0	0	0	56020	198.969	51.0657
0.00888	0	0	0	56020.3	198.972	51.065
0.00912	0	0	0	56020.6	198.976	51.0643
0.00936	0	0	0	56020.9	198.98	51.0636
0.0096	0	0	0	56021.3	198.983	51.0629
0.00984	0	1	0	56021.6	198.987	51.0622
0.01008	0	0	0	56021.9	198.991	51.0614
0.01032	0	0	0	56022.3	198.995	51.0607
0.01056	0	0	0	56022.6	198.999	51.0599
0.0108	0	0	0	56023	199.003	51.0591
0.01104	0	1	0	56023.3	199.008	51.0583
0.01128	0	0	0	56023.7	199.012	51.0575
0.01152	0	2	0	56024.1	199.017	51.0566
0.01176	0	0	0	56024.5	199.021	51.0557
0.012	0	0	0	56024.9	199.026	51.0549
0.01224	0	0	0	56025.3	199.03	51.0539
0.01248	0	0	0	56025.7	199.035	51.053
0.01272	0	3	0	56026.2	199.04	51.0521
0.01296	0	0	2	56026.6	199.046	51.0511
0.0132	0	0	0	56027.1	199.051	51.05
0.01344	0	0	0	56027.6	199.057	51.049
0.01368	0	1	1	56028	199.062	51.048
0.01392	0	1	0	56028.5	199.068	51.0468
0.01416	0	0	0	56029	199.074	51.0457
0.0144	0	0	0	56029.5	199.08	51.0446
0.01464	0	0	0	56030.1	199.086	51.0434
0.01488	0	3	0	56030.6	199.092	51.0422
0.01512	0	2	0	56031.2	199.098	51.041
0.01536	0	1	0	56031.7	199.105	51.0398
0.0156	0	0	1	56032.3	199.112	51.0385
0.01584	0	0	0	56032.9	199.119	51.0371
0.01608	0	1	0	56033.5	199.126	51.0358
0.01632	0	1	1	56034.1	199.133	51.0345
0.01656	0	5	1	56034.8	199.141	51.033
0.0168	0	1	0	56035.5	199.148	51.0315
0.01704	0	3	0	56036.1	199.156	51.0301
0.01728	0	0	1	56036.8	199.164	51.0285
0.01752	0	0	1	56037.5	199.173	51.0269
0.01776	0	5	2	56038.3	199.181	51.0253
0.018	0	4	1	56039	199.189	51.0237
0.01824	0	3	0	56039.8	199.199	51.022
0.01848	0	4	0	56040.6	199.208	51.0202
0.01872	0	1	3	56041.4	199.217	51.0185
0.01896	0	8	1	56042.2	199.227	51.0166
0.0192	0	4	2	56043.1	199.237	51.0146
0.01944	0	3	1	56044	199.248	51.0126
0.01968	0	2	2	56044.9	199.258	51.0106
0.01992	0	4	3	56045.9	199.27	51.0084
0.02016	0	4	1	56046.9	199.282	51.0062
0.0204	0	3	4	56047.9	199.293	51.004
0.02064	0	3	0	56049	199.305	51.0017
0.02088	0	4	0	56050	199.318	50.9993
0.02112	0	6	0	56051.1	199.331	50.9969
0.02136	0	7	0	56052.2	199.344	50.9945
0.0216	0	7	2	56053.4	199.357	50.9919
0.02184	0	6	0	56054.6	199.371	50.9892
0.02208	0	8	0	56055.8	199.385	50.9866
0.02232	0	9	4	56057	199.4	50.9838
0.02256	0	7	2	56058.4	199.416	50.9808
0.0228	0	6	3	56059.8	199.432	50.9777
0.02304	0	7	1	56061.2	199.448	50.9746
0.02328	0	8	1	56062.7	199.465	50.9714
0.02352	0	5	7	56064.3	199.484	50.9679
0.02376	0	19	2	56065.8	199.502	50.9645
0.024	0	13	3	56067.4	199.52	50.9611
0.02424	0	11	5	56069.1	199.54	50.9572
0.02448	0	13	3	56070.9	199.561	50.9534
0.02472	0	16	4	56072.6	199.581	50.9495
0.02496	0	17	2	56074.4	199.602	50.9455
0.0252	0	14	4	56076.4	199.625	50.9412
0.02544	0	15	6	56078.4	199.648	50.9368
0.02568	0	13	0	56080.4	199.671	50.9325
0.02592	0	17	4	56082.5	199.696	50.9277
0.02616	0	24	3	56084.7	199.722	50.9229
0.0264	0	24	4	56086.9	199.748	50.9181
0.02664	0	25	3	56089.2	199.774	50.9131
0.02688	0	27	4	56091.7	199.803	50.9076
0.02712	0	35	4	56094.1	199.832	50.9022
0.02736	0	30	5	56096.6	199.861	50.8967
0.0276	0	26	5	56099.4	199.893	50.8907
0.02784	0	33	4	56102.3	199.927	50.8843
0.02808	0	36	4	56105.2	199.961	50.878
0.02832	0	27	8	56108.1	199.995	50.8715
0.02856	0	37	9	56111.4	200.034	50.8642
0.0288	0	44	5	56114.8	200.073	50.8569
0.02904	0	52	9	56118.1	200.111	50.8496
0.02928	0	51	3	56121.6	200.153	50.8419
0.02952	0	42	6	56125.4	200.196	50.8337
0.02976	0	54	9	56129.1	200.24	50.8255
0.03	0	69	5	56132.8	200.283	50.8174
0.03024	0	77	8	56137.2	200.334	50.8079
0.03048	0	65	9	56141.5	200.385	50.7984
0.03072	0	74	9	56145.9	200.436	50.7889
0.03096	0	80	12	56150.5	200.49	50.7787
0.0312	0	75	11	56155.7	200.55	50.7675
0.03144	0	71	5	56160.8	200.61	50.7563
0.03168	0	102	7	56165.9	200.67	50.7451
0.03192	0	88	7	56171.7	200.738	50.7326
0.03216	0	99	8	56177.5	200.806	50.7198
0.0324	0	119	11	56183.4	200.875	50.707
0.03264	0	131	8	56189.5	200.946	50.6938
0.03288	0	139	7	56196.1	201.024	50.6793
0.03312	0	145	7	56202.8	201.102	50.6649
0.03336	0	160	6	56209.4	201.18	50.6505
0.0336	0	154	11	56216.7	201.265	50.6347
0.03384	0	193	9	56224.2	201.353	50.6184
0.03408	0	207	11	56231.7	201.442	50.6021
0.03432	0	250	7	56239.4	201.532	50.5854
0.03456	0	227	6	56248.3	201.636	50.5662
0.0348	0	229	10	56257.1	201.74	50.5471
0.03504	0	233	7	56266	201.844	50.528
0.03528	0	279	6	56275.7	201.958	50.5071
0.03552	0	282	12	56286	202.08	50.4849
0.03576	0	335	4	56296.3	202.201	50.4626
0.036	0	349	10	56306.7	202.323	50.4404
0.03624	0	355	7	56318.5	202.462	50.415
0.03648	0	401	6	56330.4	202.602	50.3896
0.03672	0	445	10	56342.2	202.742	50.3642
0.03696	0	469	6	56354.8	202.89	50.3373
0.0372	0	485	11	56368.3	203.05	50.3083
0.03744	0	519	1	56381.9	203.21	50.2794
0.03768	0	586	4	56395.4	203.371	50.2506
0.03792	0	614	5	56410.4	203.548	50.2187
0.03816	0	656	1	56425.7	203.729	50.1863
0.0384	0	759	2	56440.9	203.909	50.154
0.03864	0	770	8	56456.6	204.096	50.1207
0.03888	0	801	4	56473.6	204.296	50.0849
0.03912	0	924	5	56490.5	204.498	50.0492
0.03936	0	1115	3	56507.4	204.699	50.0136
0.0396	0	999	7	56525.8	204.917	49.9749
0.03984	0	1139	2	56544.8	205.143	49.9351
0.04008	0	1156	13	56563.8	205.37	49.8954
0.04032	0	1438	13	56583.1	205.601	49.8549
0.04056	0	1322	3	56604.9	205.86	49.8096
0.0408	0	1439	4	56626.6	206.12	49.7644
0.04104	0	1604	8	56648.3	206.38	49.7193
0.04128	0	1683	8	56671.1	206.652	49.6722
0.04152	0	1915	5	56694.6	206.933	49.6237
0.04176	0	1918	8	56718	207.215	49.5753
0.042	0	2100	8	56741.5	207.497	49.5271
0.04224	0	2332	5	56765.7	207.788	49.4775
0.04248	0	2548	10	56789.9	208.08	49.428
0.04272	0	2575	11	56814.1	208.371	49.3786
0.04296	0	2937	12	56838	208.66	49.33
0.0432	1	3063	9	56861.5	208.944	49.2823
0.04344	0	3211	8	56885	209.228	49.2347
0.04368	3	3578	5	56908.5	209.512	49.1872
0.04392	4	3945	7	56929.5	209.766	49.1451
0.04416	12	4015	5	56950	210.014	49.1039
0.0444	10	4338	4	56970.5	210.263	49.0627
0.04464	16	4809	5	56989	210.489	49.0256
0.04488	25	4849	7	57002.7	210.656	48.9982
0.04512	30	5396	4	57016.5	210.822	48.9708
0.04536	40	6007	1	57030.2	210.989	48.9435
0.0456	70	6142	3	57034	211.036	48.9359
0.04584	67	6672	0	57033.9	211.035	48.9361
0.04608	89	7317	5	57033.8	211.034	48.9363
0.04632	130	7699	2	57030.8	210.997	48.9423
0.04656	174	8187	3	57010.1	210.745	48.9835
0.0468	211	8702	5	56989.4	210.494	49.0248
0.04704	272	9650	1	56968.8	210.243	49.0661
0.04728	389	10126	3	56930.6	209.779	49.1428
0.04752	466	10819	3	56879.3	209.158	49.2463
0.04776	653	11648	1	56828	208.538	49.3504
0.048	747	12216	1	56776.7	207.92	49.4551
0.04824	1031	13344	1	56690.9	206.89	49.6312
0.04848	1188	14073	2	56605.2	205.863	49.809
0.04872	1517	15185	2	56519.4	204.841	49.9883
0.04896	1848	15952	1	56419.3	203.653	50.1999
0.0492	2248	16533	0	56300	202.244	50.4548
0.04944	2770	17417	2	56180.6	200.843	50.713
0.04968	3271	18456	2	56061.3	199.449	50.9744
0.04992	3805	19778	1	55912.6	197.723	51.3049
0.05016	4427	20614	2	55758.9	195.953	51.6517
0.0504	5049	21276	4	55605.3	194.195	52.0041
0.05064	5722	22939	4	55443.8	192.361	52.3806
0.05088	6420	23547	4	55262.6	190.325	52.7982
0.05112	7624	24608	0	55081.5	188.309	53.1782
0.05136	8237	25808	2	54900.3	186.293	53.5559
0.0516	9506	26390	2	54709	184.164	53.9521
0.05184	10239	27405	3	54513.7	181.992	54.3538
0.05208	11653	28661	0	54318.4	179.821	54.7525
0.05232	12896	29334	2	54124.4	177.665	55.1458
0.05256	14204	30321	3	53937.4	175.591	55.5215
0.0528	15865	31093	4	53750.5	173.521	55.8942
0.05304	17347	31609	2	53563.6	171.449	56.2616
0.05328	18830	33199	1	53392.6	169.475	56.5547
0.05352	20701	33366	0	53233.4	167.641	56.834
0.05376	21931	33907	4	53074.2	165.812	57.1197
0.054	23883	34699	1	52915	163.988	57.4119
0.05424	25458	34993	0	52800.9	162.684	57.6253
0.05448	27033	35428	4	52686.9	161.383	57.842
0.05472	28548	36263	2	52572.9	160.084	58.0622
0.05496	30317	36064	2	52486	159.097	58.2323
0.0552	31837	36609	1	52435.3	158.522	58.3324
0.05544	33800	36723	6	52384.6	157.947	58.4332
0.05568	35756	37004	3	52334	157.373	58.5347
0.05592	37272	36779	3	52342.1	157.465	58.5184
0.05616	38977	37075	2	52360	157.668	58.4825
0.0564	40555	37156	2	52377.9	157.871	58.4466
0.05664	41702	36612	3	52413.8	158.278	58.375
0.05688	43228	37151	2	52494.7	159.196	58.215
0.05712	44188	37111	3	52575.6	160.116	58.0568
0.05736	45762	36884	3	52656.5	161.037	57.9003
0.0576	46694	36659	0	52779.3	162.438	57.666
0.05784	47938	36354	0	52918.9	164.033	57.4047
0.05808	49051	36052	1	53058.4	165.632	57.1483
0.05832	49254	35116	1	53204.4	167.309	56.8854
0.05856	49892	34083	1	53389.4	169.438	56.5601
0.0588	50216	33780	5	53574.4	171.572	56.2426
0.05904	50461	33158	1	53759.4	173.618	55.8766
0.05928	50214	32413	0	53960.6	175.848	55.4752
0.05952	49819	31489	4	54173.9	178.215	55.0457
0.05976	49778	30616	1	54387.2	180.585	54.6124
0.06	49341	29247	0	54600.6	182.958	54.1755
0.06024	48203	28657	5	54828.5	185.494	53.7049
0.06048	47450	26982	1	55056.4	188.03	53.2305
0.06072	46350	26364	3	55284.4	190.567	52.7525
0.06096	45879	24425	1	55512.9	193.144	52.2188
0.0612	44828	23424	2	55742.2	195.761	51.6897
0.06144	43282	22423	1	55971.6	198.407	51.1732
0.06168	42070	20504	1	56200.9	201.081	50.6689
0.06192	39976	19263	0	56408.1	203.521	50.2235
0.06216	37327	17564	2	56611.7	205.941	49.7955
0.0624	36100	16047	2	56815.2	208.384	49.3765
0.06264	33195	14714	1	57000.8	210.632	49.0021
0.06288	30903	13294	1	57141.6	212.414	48.7766
0.06312	28587	11968	0	57282.5	214.23	48.575
0.06336	26167	10837	1	57423.3	216.052	48.3758
0.0636	23577	9386	1	57512.2	217.205	48.2513
0.06384	21399	8468	0	57580.3	218.091	48.1566
0.06408	19143	7423	3	57648.4	218.977	48.0624
0.06432	17237	6525	0	57707.4	219.748	47.9812
0.06456	15010	5564	0	57712.2	219.81	47.9746
0.0648	13220	4827	1	57717	219.872	47.9681
0.06504	11599	3936	6	57721.8	219.935	47.9615
0.06528	9909	3390	0	57701.7	219.673	47.989
0.06552	8481	2810	1	57663	219.168	48.0422
0.06576	7357	2331	3	57624.3	218.664	48.0956
0.066	6082	2024	1	57585.7	218.16	48.1492
0.06624	5190	1605	1	57525.3	217.376	48.233
0.06648	4389	1411	1	57465	216.593	48.3173
0.06672	3553	1103	2	57404.7	215.811	48.402
0.06696	3103	846	3	57342.4	215.004	48.49
0.0672	2426	673	0	57277.3	214.163	48.5824
0.06744	1993	554	1	57212.2	213.323	48.6753
0.06768	1679	438	2	57147.1	212.485	48.7687
0.06792	1268	334	1	57087.1	211.713	48.8553
0.06816	991	269	0	57027.9	210.962	48.948
0.0684	801	215	3	56968.7	210.242	49.0663
0.06864	651	167	3	56912.4	209.559	49.1794
0.06888	533	131	0	56863.3	208.965	49.2787
0.06912	443	97	1	56814.2	208.371	49.3785
0.06936	327	107	1	56765	207.78	49.4789
0.0696	238	45	1	56723.5	207.28	49.5641
0.06984	190	45	1	56685	206.818	49.6435
0.07008	141	44	2	56646.5	206.357	49.7231
0.07032	97	29	0	56609.3	205.913	49.8004
0.07056	92	17	1	56579.9	205.562	49.8617
0.0708	50	12	4	56550.5	205.211	49.9232
0.07104	43	4	0	56521.1	204.861	49.9848
0.07128	26	5	0	56495.8	204.56	50.0381
0.07152	12	3	0	56473.5	204.296	50.085
0.07176	14	4	0	56451.3	204.032	50.132
0.072	13	6	0	56429	203.768	50.1792
0.07224	5	1	0	56412.2	203.569	50.215
0.07248	3	3	0	56395.3	203.369	50.2508
0.07272	7	2	1	56378.4	203.17	50.2868
0.07296	1	4	0	56363.3	202.99	50.3192
0.0732	1	1	0	56350.4	202.838	50.3468
0.07344	1	2	0	56337.4	202.686	50.3744
0.07368	1	4	0	56324.5	202.534	50.402
0.07392	0	2	0	56314.1	202.411	50.4244
0.07416	0	4	0	56304.1	202.293	50.4458
0.0744	0	0	1	56294.2	202.176	50.4673
0.07464	0	1	0	56284.8	202.066	50.4874
0.07488	0	2	1	56277	201.974	50.5042
0.07512	0	4	1	56269.2	201.882	50.521
0.07536	0	1	0	56261.4	201.791	50.5378
0.0756	0	3	1	56254.8	201.713	50.5521
0.07584	0	4	0	56248.7	201.641	50.5654
0.07608	0	7	2	56242.5	201.569	50.5787
0.07632	0	10	0	56236.6	201.499	50.5915
0.07656	0	1	0	56231.8	201.442	50.602
0.0768	0	7	1	56227	201.386	50.6124
0.07704	0	4	1	56222.1	201.329	50.6228
0.07728	0	3	1	56217.9	201.28	50.6319
0.07752	0	7	0	56214.2	201.236	50.64
0.07776	0	14	1	56210.5	201.192	50.6481
0.078	0	6	1	56206.7	201.149	50.6562
0.07824	0	10	3	56203.9	201.116	50.6624
0.07848	0	17	1	56201.1	201.082	50.6685
0.07872	0	13	2	56198.3	201.049	50.6746
0.07896	0	14	2	56195.8	201.021	50.6799
0.0792	0	10	3	56193.9	200.998	50.6842
0.07944	0	14	3	56191.9	200.975	50.6884
0.07968	0	13	6	56190	200.952	50.6926
0.07992	0	8	7	56188.7	200.937	50.6954
0.08016	0	13	1	56187.6	200.924	50.6979
0.0804	0	11	4	56186.4	200.91	50.7005
0.08064	0	23	4	56185.4	200.899	50.7026
0.08088	0	25	3	56184.9	200.892	50.7038
0.08112	0	23	6	56184.4	200.886	50.7049
0.08136	0	18	5	56183.8	200.88	50.7061
0.0816	0	32	3	56183.7	200.879	50.7062
0.08184	0	22	5	56183.8	200.88	50.706
0.08208	0	34	6	56183.9	200.882	50.7058
0.08232	0	30	3	56184.1	200.884	50.7054
0.08256	0	35	6	56184.8	200.892	50.7039
0.0828	0	29	6	56185.5	200.9	50.7023
0.08304	0	46	6	56186.2	200.908	50.7008
0.08328	0	52	6	56187.3	200.921	50.6985
0.08352	0	57	7	56188.7	200.937	50.6955
0.08376	0	50	7	56190	200.953	50.6925
0.084	0	56	6	56191.4	200.969	50.6895
0.08424	0	39	6	56193.5	200.994	50.685
0.08448	0	52	5	56195.6	201.019	50.6804
0.08472	0	52	10	56197.7	201.043	50.6758
0.08496	0	91	8	56200.2	201.072	50.6705
0.0852	0	72	6	56203.1	201.106	50.6642
0.08544	0	83	11	56206	201.139	50.6579
0.08568	0	85	10	56208.8	201.173	50.6517
0.08592	0	88	8	56212.4	201.215	50.6439
0.08616	0	83	16	56216.1	201.259	50.6359
0.0864	0	99	9	56219.8	201.302	50.6279
0.08664	0	118	11	56223.8	201.349	50.6193
0.08688	0	137	11	56228.4	201.403	50.6093
0.08712	0	132	11	56233	201.457	50.5993
0.08736	0	121	10	56237.6	201.511	50.5893
0.0876	0	143	9	56242.9	201.573	50.5779
0.08784	0	152	11	56248.4	201.638	50.566
0.08808	0	163	8	56253.9	201.703	50.554
0.08832	0	203	12	56259.6	201.769	50.5418
0.08856	0	176	5	56266.1	201.845	50.5278
0.0888	0	206	12	56272.5	201.921	50.5139
0.08904	0	226	7	56279	201.997	50.5
0.08928	0	255	4	56286.1	202.081	50.4847
0.08952	0	306	6	56293.7	202.17	50.4683
0.08976	0	280	8	56301.3	202.26	50.4519
0.09	0	273	8	56308.9	202.35	50.4355
0.09024	0	311	9	56318.1	202.458	50.4158
0.09048	0	319	11	56327.3	202.566	50.396
0.09072	0	408	7	56336.5	202.675	50.3764
0.09096	0	405	5	56346.5	202.793	50.3549
0.0912	0	404	9	56357.6	202.924	50.3312
0.09144	0	399	11	56368.7	203.055	50.3075
0.09168	0	463	3	56379.8	203.186	50.2838
0.09192	0	501	9	56392.5	203.335	50.2569
0.09216	0	526	11	56405.3	203.488	50.2295
0.0924	0	573	18	56418.2	203.64	50.2022
0.09264	0	624	14	56431.4	203.797	50.1741
0.09288	0	733	8	56445.6	203.965	50.1441
0.09312	0	773	6	56459.8	204.133	50.114
0.09336	0	842	8	56474	204.301	50.0841
0.0936	0	868	5	56489.5	204.485	50.0514
0.09384	0	953	13	56505.5	204.676	50.0177
0.09408	0	1000	7	56521.5	204.866	49.984
0.09432	0	1062	14	56537.9	205.061	49.9496
0.09456	1	1160	5	56556.5	205.283	49.9105
0.0948	0	1144	10	56575.1	205.505	49.8716
0.09504	0	1307	9	56593.8	205.727	49.8327
0.09528	0	1386	14	56613.3	205.96	49.7921
0.09552	0	1498	13	56633.5	206.202	49.7501
0.09576	0	1705	8	56653.7	206.443	49.7083
0.096	0	1778	3	56673.8	206.685	49.6665
0.09624	0	1799	9	56694.6	206.934	49.6235
0.09648	1	2028	7	56715.4	207.184	49.5807
0.09672	0	2258	11	56736.2	207.433	49.5379
0.09696	4	2406	8	56756.9	207.681	49.4956
0.0972	3	2513	12	56777.3	207.927	49.4538
0.09744	8	2759	8	56797.7	208.173	49.4121
0.09768	11	2964	7	56818.1	208.42	49.3704
0.09792	21	3181	10	56836.7	208.644	49.3326
0.09816	11	3335	8	56855	208.864	49.2956
0.0984	17	3691	9	56873.2	209.085	49.2586
0.09864	24	3918	9	56890.2	209.29	49.2243
0.09888	28	4237	5	56903.7	209.454	49.197
0.09912	40	4472	6	56917.3	209.618	49.1696
0.09936	45	4783	12	56930.8	209.782	49.1423
0.0996	74	5179	6	56936.9	209.856	49.1301
0.09984	94	5531	16	56940	209.894	49.1238
0.10008	127	6065	7	56943.1	209.932	49.1176
0.10032	130	6479	15	56943.9	209.941	49.116
0.10056	185	6980	6	56930.9	209.783	49.1422
0.1008	229	7157	10	56917.9	209.625	49.1684
0.10104	251	8007	7	56904.8	209.467	49.1947
0.10128	331	8333	7	56877.6	209.138	49.2497
0.10152	409	8964	6	56839.7	208.68	49.3265
0.10176	452	9775	7	56801.9	208.223	49.4036
0.102	615	10098	5	56764	207.767	49.481
0.10224	748	11289	14	56696.9	206.961	49.6189
0.10248	956	11678	13	56629.8	206.158	49.7577
0.10272	1167	12245	12	56562.7	205.357	49.8975
0.10296	1379	13193	9	56482.4	204.402	50.0662
0.1032	1663	14144	13	56384.6	203.242	50.2737
0.10344	2178	14713	16	56286.7	202.088	50.4834
0.10368	2469	15715	14	56188.8	200.938	50.6953
0.10392	2890	16282	10	56061.7	199.453	50.9737
0.10416	3556	17183	9	55929.6	197.921	51.2667
0.1044	3971	18342	15	55797.6	196.398	51.5638
0.10464	4578	19765	15	55657.4	194.79	51.8839
0.10488	5206	20335	13	55496.7	192.961	52.2566
0.10512	5984	20946	16	55336	191.145	52.6355
0.10536	6819	21809	6	55175.3	189.353	52.9817
0.1056	7568	22885	10	55002	187.424	53.3443
0.10584	8623	24016	15	54823.6	185.439	53.7152
0.10608	9691	24646	14	54645.2	183.454	54.0838
0.10632	11015	25961	8	54467	181.472	54.4496
0.10656	12226	26374	12	54290.1	179.506	54.8102
0.1068	13287	27254	9	54113.2	177.541	55.1682
0.10704	14304	27768	14	53936.3	175.579	55.5237
0.10728	15945	28545	10	53772.9	173.768	55.8498
0.10752	17653	29546	11	53619.5	172.07	56.1537
0.10776	18970	30324	7	53466	170.322	56.4279
0.108	20461	30490	5	53312.6	168.554	56.6941
0.10824	22089	31050	3	53210.1	167.374	56.8753
0.10848	23873	31435	10	53107.6	166.196	57.0592
0.10872	25953	31737	5	53005.1	165.02	57.2457
0.10896	27490	32671	8	52933.3	164.198	57.3778
0.1092	29470	32660	4	52902.7	163.848	57.4347
0.10944	31054	32372	19	52872.1	163.497	57.4917
0.10968	32491	32747	14	52841.4	163.147	57.5491
0.10992	34048	33312	7	52872.8	163.506	57.4903
0.11016	35922	33095	4	52914.5	163.983	57.4127
0.1104	37480	33085	9	52956.2	164.461	57.3355
0.11064	38492	33584	4	53017.6	165.164	57.2227
0.11088	39802	33006	0	53128.2	166.433	57.022
0.11112	41171	32793	5	53238.7	167.703	56.8244
0.11136	42693	33085	5	53349.3	168.976	56.63
0.1116	42814	32129	4	53504.3	170.764	56.3624
0.11184	44477	32188	4	53677.1	172.708	56.0398
0.11208	44721	31482	3	53849.9	174.621	55.6964
0.11232	44989	30767	1	54029.2	176.609	55.3375
0.11256	45152	30239	5	54247.4	179.031	54.8969
0.1128	45341	29180	2	54465.6	181.456	54.4524
0.11304	45182	28666	2	54683.8	183.883	54.0042
0.11328	44400	27891	4	54919	186.501	53.517
0.11352	43954	26381	3	55167	189.261	52.9991
0.11376	43697	25396	9	55415	192.036	52.4484
0.114	42664	24655	4	55663	194.854	51.871
0.11424	42260	23264	4	55906.7	197.655	51.3181
0.11448	40627	22079	1	56150.4	200.489	50.779
0.11472	38773	20971	5	56394.1	203.354	50.2535
0.11496	37009	19717	6	56615	205.982	49.7884
0.1152	35395	18558	5	56805.8	208.271	49.3955
0.11544	33104	17268	3	56996.6	210.58	49.0105
0.11568	30625	15952	6	57187.3	213.003	48.7109
0.11592	28159	14978	4	57304.1	214.509	48.5443
0.11616	26110	14020	1	57408.6	215.861	48.3966
0.1164	23632	13186	3	57513.1	217.216	48.2501
0.11664	21083	12193	2	57589.5	218.211	48.1438
0.11688	19393	11315	2	57596	218.295	48.1348
0.11712	17089	10728	6	57602.4	218.379	48.1259
0.11736	15442	10003	5	57608.9	218.463	48.117
0.1176	13658	9698	3	57554.3	217.752	48.1928
0.11784	12017	9527	3	57475.2	216.724	48.3031
0.11808	10776	8807	10	57396.1	215.699	48.4142
0.11832	9319	8753	6	57312.8	214.621	48.532
0.11856	8315	8843	5	57204.4	213.222	48.6865
0.1188	7460	8570	6	57096	211.827	48.8424
0.11904	6460	8752	2	56987.6	210.471	49.0285
0.11928	5873	8731	5	56956.1	210.089	49.0916
0.11952	4866	8747	9	56982.4	210.408	49.0389
0.11976	0	7828	7	57008.6	210.727	48.9865
