0	0	0	0	56656.2	206.474	49.7029
0.00024	0	0	0	56661.6	206.538	49.6919
0.00048	0	0	0	56666.9	206.601	49.6809
0.00072	0	0	0	56672.2	206.665	49.6699
0.00096	0	0	0	56677.6	206.73	49.6588
0.0012	0	0	0	56683.1	206.796	49.6473
0.00144	0	0	0	56688.6	206.862	49.6359
0.00168	0	0	0	56694.2	206.929	49.6245
0.00192	0	0	0	56699.9	206.997	49.6127
0.00216	0	0	0	56705.6	207.066	49.6008
0.0024	0	0	0	56711.4	207.135	49.589
0.00264	0	0	0	56717.2	207.205	49.577
0.00288	0	0	0	56723.2	207.278	49.5646
0.00312	0	0	0	56729.3	207.35	49.5523
0.00336	0	0	0	56735.3	207.422	49.5399
0.0036	0	0	0	56741.4	207.496	49.5272
0.00384	0	0	0	56747.7	207.571	49.5144
0.00408	0	0	0	56754	207.647	49.5015
0.00432	0	0	0	56760.3	207.723	49.4886
0.00456	0	0	0	56766.8	207.801	49.4752
0.0048	0	0	0	56773.3	207.88	49.4618
0.00504	0	0	0	56779.9	207.959	49.4485
0.00528	0	0	0	56786.6	208.039	49.4348
0.00552	0	0	0	56793.4	208.122	49.4208
0.00576	0	0	0	56800.2	208.204	49.4069
0.006	0	0	0	56807.1	208.286	49.393
0.00624	0	0	0	56814.2	208.372	49.3784
0.00648	0	0	0	56821.3	208.458	49.3639
0.00672	0	0	0	56828.5	208.544	49.3494
0.00696	0	0	0	56835.7	208.632	49.3346
0.0072	0	0	0	56843.2	208.722	49.3195
0.00744	0	0	0	56850.7	208.812	49.3043
0.00768	0	0	0	56858.1	208.902	49.2892
0.00792	0	0	0	56865.9	208.996	49.2735
0.00816	0	0	0	56873.7	209.09	49.2577
0.0084	0	0	0	56881.5	209.185	49.2419
0.00864	0	0	0	56889.4	209.28	49.2259
0.00888	0	0	0	56897.6	209.379	49.2094
0.00912	0	0	0	56905.7	209.478	49.1929
0.00936	0	0	0	56913.9	209.577	49.1764
0.0096	0	0	0	56922.3	209.679	49.1594
0.00984	0	1	0	56930.9	209.783	49.1422
0.01008	0	0	0	56939.5	209.887	49.125
0.01032	0	0	0	56948.1	209.991	49.1077
0.01056	0	0	0	56957.1	210.1	49.0896
0.0108	0	0	0	56966	210.209	49.0717
0.01104	0	1	0	56975	210.318	49.0537
0.01128	0	0	0	56984.2	210.43	49.0352
0.01152	0	2	0	56993.6	210.545	49.0164
0.01176	0	0	0	57003	210.659	48.9976
0.012	0	0	0	57012.5	210.774	48.9788
0.01224	0	0	0	57022.3	210.894	48.9591
0.01248	0	0	0	57032.2	211.015	48.9394
0.01272	0	3	0	57042.1	211.136	48.9204
0.01296	0	0	2	57052.2	211.266	48.9058
0.0132	0	0	0	57062.6	211.399	48.8907
0.01344	0	0	0	57073	211.532	48.8756
0.01368	0	1	1	57083.4	211.666	48.8606
0.01392	0	1	0	57094.3	211.805	48.8449
0.01416	0	0	0	57105.2	211.946	48.8291
0.0144	0	0	0	57116.1	212.086	48.8134
0.01464	0	0	0	57127.2	212.229	48.7974
0.01488	0	3	0	57138.7	212.377	48.7808
0.01512	0	2	0	57150.2	212.525	48.7642
0.01536	0	1	0	57161.7	212.673	48.7477
0.0156	0	0	1	57173.7	212.827	48.7305
0.01584	0	0	0	57185.8	212.983	48.7131
0.01608	0	1	0	57197.9	213.139	48.6958
0.01632	0	1	1	57210.1	213.296	48.6783
0.01656	0	5	1	57222.9	213.461	48.66
0.0168	0	1	0	57235.7	213.626	48.6417
0.01704	0	3	0	57248.5	213.791	48.6235
0.01728	0	0	1	57261.7	213.961	48.6047
0.01752	0	0	1	57275.1	214.135	48.5854
0.01776	0	5	2	57288.6	214.309	48.5663
0.018	0	4	1	57302.1	214.484	48.5471
0.01824	0	3	0	57316.4	214.668	48.5269
0.01848	0	4	0	57330.6	214.852	48.5066
0.01872	0	1	3	57344.9	215.036	48.4865
0.01896	0	8	1	57359.5	215.225	48.4658
0.0192	0	4	2	57374.6	215.421	48.4445
0.01944	0	3	1	57389.7	215.616	48.4232
0.01968	0	2	2	57404.8	215.811	48.4019
0.01992	0	4	3	57420.6	216.017	48.3796
0.02016	0	4	1	57436.6	216.224	48.3572
0.0204	0	3	4	57452.6	216.431	48.3347
0.02064	0	3	0	57468.8	216.642	48.312
0.02088	0	4	0	57485.8	216.862	48.2883
0.02112	0	6	0	57502.7	217.082	48.2646
0.02136	0	7	0	57519.6	217.302	48.241
0.0216	0	7	2	57537.3	217.531	48.2164
0.02184	0	6	0	57555.3	217.765	48.1914
0.02208	0	8	0	57573.2	217.998	48.1664
0.02232	0	9	4	57591.3	218.234	48.1413
0.02256	0	7	2	57610.5	218.483	48.1148
0.0228	0	6	3	57629.6	218.732	48.0884
0.02304	0	7	1	57648.7	218.981	48.062
0.02328	0	8	1	57668.5	219.239	48.0347
0.02352	0	5	7	57688.8	219.504	48.0068
0.02376	0	19	2	57709.1	219.77	47.9788
0.024	0	13	3	57729.5	220.035	47.951
0.02424	0	11	5	57751.1	220.318	47.9213
0.02448	0	13	3	57772.8	220.601	47.8917
0.02472	0	16	4	57794.4	220.884	47.8622
0.02496	0	17	2	57816.7	221.176	47.8319
0.0252	0	14	4	57839.8	221.478	47.8005
0.02544	0	15	6	57862.9	221.781	47.7692
0.02568	0	13	0	57886	222.084	47.7379
0.02592	0	17	4	57910.4	222.404	47.7049
0.02616	0	24	3	57935.1	222.728	47.6717
0.0264	0	24	4	57959.8	223.052	47.6385
0.02664	0	25	3	57984.9	223.382	47.6048
0.02688	0	27	4	58011.3	223.729	47.5694
0.02712	0	35	4	58037.7	224.076	47.5342
0.02736	0	30	5	58064	224.423	47.499
0.0276	0	26	5	58091.8	224.789	47.4621
0.02784	0	33	4	58120.1	225.162	47.4246
0.02808	0	36	4	58148.4	225.535	47.3872
0.02832	0	27	8	58176.9	225.912	47.3494
0.02856	0	37	9	58207.3	226.313	47.3094
0.0288	0	44	5	58237.7	226.715	47.2695
0.02904	0	52	9	58268	227.116	47.2298
0.02928	0	51	3	58299.7	227.535	47.1884
0.02952	0	42	6	58332.3	227.967	47.1459
0.02976	0	54	9	58364.9	228.399	47.1036
0.03	0	69	5	58397.5	228.831	47.0613
0.03024	0	77	8	58432.6	229.298	47.016
0.03048	0	65	9	58467.7	229.764	46.9707
0.03072	0	74	9	58502.8	230.231	46.9256
0.03096	0	80	12	58539.1	230.714	46.8791
0.0312	0	75	11	58577	231.219	46.8308
0.03144	0	71	5	58614.9	231.724	46.7825
0.03168	0	102	7	58652.8	232.23	46.7345
0.03192	0	88	7	58693.3	232.771	46.6833
0.03216	0	99	8	58734.2	233.318	46.6318
0.0324	0	119	11	58775.1	233.865	46.5804
0.03264	0	131	8	58817	234.39	46.5076
0.03288	0	139	7	58861.2	234.944	46.4307
0.03312	0	145	7	58905.3	235.498	46.354
0.03336	0	160	6	58949.5	236.053	46.2773
0.0336	0	154	11	58996.3	236.639	46.1964
0.03384	0	193	9	59044.1	237.238	46.1138
0.03408	0	207	11	59091.9	237.838	46.0314
0.03432	0	250	7	59140.2	238.445	45.9481
0.03456	0	227	6	59192.1	239.095	45.8589
0.0348	0	229	10	59244	239.746	45.7699
0.03504	0	233	7	59295.9	240.397	45.6812
0.03528	0	279	6	59350.4	241.081	45.5881
0.03552	0	282	12	59406.8	241.788	45.492
0.03576	0	335	4	59463.2	242.496	45.3961
0.036	0	349	10	59519.7	243.203	45.3004
0.03624	0	355	7	59581	243.972	45.1966
0.03648	0	401	6	59642.3	244.741	45.0931
0.03672	0	445	10	59703.7	245.51	44.9898
0.03696	0	469	6	59767.3	246.308	44.8829
0.0372	0	485	11	59834.1	247.144	44.771
0.03744	0	519	1	59900.9	247.98	44.6595
0.03768	0	586	4	59967.6	248.816	44.5482
0.03792	0	614	5	60039.5	249.715	44.4289
0.03816	0	656	1	60112.1	250.624	44.3085
0.0384	0	759	2	60184.8	251.533	44.1884
0.03864	0	770	8	60259.3	252.464	44.0657
0.03888	0	801	4	60338.3	253.453	43.9358
0.03912	0	924	5	60417.4	254.44	43.8063
0.03936	0	1115	3	60496.5	255.427	43.6773
0.0396	0	999	7	60580.7	256.508	43.5652
0.03984	0	1139	2	60667	257.624	43.4561
0.04008	0	1156	13	60753.3	258.743	43.3478
0.04032	0	1438	13	60840.7	259.879	43.2387
0.04056	0	1322	3	60935.3	261.11	43.1216
0.0408	0	1439	4	61029.8	262.345	43.0054
0.04104	0	1604	8	61124.4	263.582	42.89
0.04128	0	1683	8	61223.9	264.887	42.7696
0.04152	0	1915	5	61327.1	266.244	42.6456
0.04176	0	1918	8	61430.3	267.604	42.5227
0.042	0	2100	8	61533.5	268.968	42.4007
0.04224	0	2332	5	61646	270.459	42.2689
0.04248	0	2548	10	61758.5	271.953	42.1384
0.04272	0	2575	11	61871	273.452	42.0089
0.04296	0	2937	12	61987.8	275.012	41.8758
0.0432	0	3063	9	62110.3	276.653	41.7375
0.04344	0	3211	8	62232.8	278.298	41.6005
0.04368	0	3578	5	62355.3	279.98	41.4356
0.04392	0	3945	7	62487.1	281.791	41.2561
0.04416	0	4016	5	62620.3	283.621	41.0758
0.0444	0	4338	5	62753.6	285.448	40.897
0.04464	0	4811	5	62890.2	287.317	40.7151
0.04488	0	4856	10	63035	289.295	40.5239
0.04512	0	5403	5	63179.8	291.269	40.3343
0.04536	0	6017	2	63324.6	293.238	40.1462
0.0456	0	6148	6	63477.5	295.313	39.9494
0.04584	0	6692	4	63633.6	297.427	39.7501
0.04608	0	7341	6	63789.7	299.534	39.5526
0.04632	0	7734	6	63947.5	301.658	39.3548
0.04656	0	8222	7	64115.3	303.792	39.1752
0.0468	0	8766	6	64283	305.892	39.0047
0.04704	0	9729	2	64450.8	307.984	38.8363
0.04728	0	10273	4	64624	310.136	38.6648
0.04752	0	10993	5	64801.4	312.332	38.4915
0.04776	0	11907	2	64978.8	314.517	38.3206
0.048	0	12528	4	65156.2	316.693	38.1521
0.04824	0	13714	1	65342.8	318.97	37.9775
0.04848	0	14630	6	65529.3	321.235	37.8054
0.04872	0	15864	4	65715.8	323.488	37.6357
0.04896	0	16831	4	65905.7	325.824	37.4503
0.0492	0	17698	0	66100.1	328.238	37.2584
0.04944	0	18864	5	66294.4	330.674	37.0643
0.04968	0	20213	5	66488.8	333.133	36.8681
0.04992	0	22027	2	66686.2	335.654	36.6668
0.05016	0	23404	4	66884.1	338.206	36.4628
0.0504	0	24646	8	67082.1	340.782	36.2568
0.05064	0	26778	8	67279.6	343.377	36.0492
0.05088	0	28279	4	67476.3	346.012	35.8357
0.05112	0	30159	3	67673	348.828	35.5932
0.05136	0	32355	3	67869.7	351.657	35.3555
0.0516	0	34354	2	68059.3	354.396	35.1307
0.05184	0	36456	4	68246	357.107	34.9134
0.05208	0	39191	3	68432.7	359.83	34.7001
0.05232	0	41219	2	68617	362.529	34.4934
0.05256	0	44021	5	68786.9	365.029	34.3063
0.0528	0	46541	4	68956.8	367.538	34.1224
0.05304	0	49216	2	69126.8	370.058	33.9416
0.05328	0	53047	3	69277.9	372.228	33.8195
0.05352	0	55863	0	69415	374.147	33.7288
0.05376	0	58695	4	69552	376.06	33.6379
0.054	0	62472	1	69689.1	377.966	33.5469
0.05424	0	65554	2	69786.6	379.316	33.4821
0.05448	0	69303	4	69884.1	380.663	33.4172
0.05472	0	73421	4	69981.6	382.006	33.3522
0.05496	0	75970	2	70057.9	383.055	33.3012
0.0552	0	80896	3	70106	383.715	33.2691
0.05544	0	84637	6	70154.1	384.374	33.237
0.05568	0	88976	4	70202.3	385.031	33.2048
0.05592	0	92578	4	70195.3	384.936	33.2095
0.05616	0	96615	3	70179.2	384.716	33.2202
0.0564	0	101507	2	70163.1	384.495	33.231
0.05664	0	105052	4	70127.7	384.012	33.2546
0.05688	0	110401	4	70044.4	382.869	33.3103
0.05712	0	115073	3	69961	381.724	33.3659
0.05736	0	118765	5	69877.7	380.575	33.4214
0.0576	0	122404	1	69741.5	378.692	33.5121
0.05784	0	126748	0	69584.1	376.507	33.6166
0.05808	0	132393	4	69426.8	374.312	33.721
0.05832	0	134526	4	69261.2	371.994	33.8305
0.05856	0	138883	1	69046.6	368.867	34.0265
0.0588	0	143577	5	68831.9	365.692	34.2573
0.05904	0	146907	2	68617.2	362.533	34.4932
0.05928	0	149950	0	68371.2	358.931	34.7699
0.05952	0	152521	7	68101.7	355.01	35.081
0.05976	0	155570	3	67832.1	351.115	35.4005
0.06	0	158538	2	67562.6	347.245	35.7288
0.06024	0	161595	8	67258	343.092	36.072
0.06048	0	164518	3	66953.5	339.106	36.3909
0.06072	0	167606	4	66649	335.176	36.7049
0.06096	0	169185	3	66337.5	331.217	37.021
0.0612	0	170865	3	66016.8	327.201	37.3408
0.06144	0	173779	3	65696.2	323.25	37.6536
0.06168	0	176172	2	65375.5	319.368	37.9471
0.06192	0	176680	1	65050.2	315.393	38.2526
0.06216	0	176155	2	64724.1	311.376	38.5668
0.0624	0	178524	2	64398	307.326	38.8891
0.06264	0	178618	5	64076.5	303.306	39.215
0.06288	0	179836	5	63766.5	299.221	39.5819
0.06312	0	180605	2	63456.5	295.029	39.9762
0.06336	0	181994	2	63146.5	290.815	40.3777
0.0636	0	181188	2	62839.6	286.625	40.7824
0.06384	0	181899	7	62533.9	282.435	41.1925
0.06408	0	184010	4	62228.2	278.237	41.6056
0.06432	0	183959	3	61925.2	274.175	41.947
0.06456	0	181706	2	61637.8	270.35	42.2785
0.0648	0	183703	2	61350.4	266.551	42.6177
0.06504	0	183780	13	61063	262.779	42.9648
0.06528	0	182811	8	60783.2	259.131	43.3104
0.06552	0	181806	7	60508.9	255.582	43.6571
0.06576	0	182620	4	60234.6	252.157	44.1062
0.066	0	180791	6	59960.3	248.725	44.5603
0.06624	0	179899	4	59715.9	245.663	44.9692
0.06648	0	181755	7	59471.4	242.599	45.3822
0.06672	0	178140	88	59227	239.533	45.7991
0.06696	0	177975	186	59004.7	236.745	46.1818
0.0672	0	175673	523	58812	234.328	46.5162
0.06744	0	176949	973	58619.4	231.784	46.7769
0.06768	0	174121	2099	58426.7	229.219	47.0236
0.06792	0	172036	2665	58276	227.222	47.2193
0.06816	0	172486	3348	58132.3	225.323	47.4084
0.0684	0	172936	4028	57988.6	223.431	47.5998
0.06864	0	173352	5587	57865.6	221.817	47.7655
0.06888	0	170757	8378	57794.4	220.884	47.8623
0.06912	0	172408	11134	57723.1	219.952	47.9597
0.06936	0	172107	14302	57651.8	219.022	48.0576
0.0696	0	172283	15830	57632.4	218.768	48.0845
0.06984	0	171935	19357	57633.6	218.784	48.0829
0.07008	0	175567	21734	57634.8	218.8	48.0812
0.07032	0	177676	25468	57648.5	218.979	48.0623
0.07056	0	177889	32089	57737.2	220.136	47.9404
0.0708	0	179288	33344	57825.9	221.296	47.8194
0.07104	0	182617	37751	57914.6	222.459	47.6993
0.07128	0	182016	44579	58050.3	224.242	47.5174
0.07152	0	186028	47171	58221.1	226.496	47.2912
0.07176	0	188803	48819	58392	228.759	47.0684
0.072	0	190600	57296	58562.9	231.031	46.8488
0.07224	0	194271	61210	58804.5	234.233	46.5294
0.07248	0	197905	64837	59046.1	237.264	46.1103
0.07272	0	203238	69755	59287.7	240.295	45.6951
0.07296	0	207299	76043	59556.3	243.662	45.2384
0.0732	0	212484	80847	59860.7	247.477	44.7266
0.07344	0	219946	84802	60165.1	251.287	44.2208
0.07368	0	224070	90154	60469.5	255.091	43.7212
0.07392	0	228990	99319	60824.5	259.668	43.2589
0.07416	0	235874	102647	61187.9	264.414	42.813
0.0744	2	243168	109737	61551.3	269.203	42.3798
0.07464	0	251101	116550	61932.6	274.274	41.9386
0.07488	0	258363	123159	62358.6	280.026	41.431
0.07512	1	267982	130696	62784.7	285.873	40.8555
0.07536	1	277006	137168	63210.7	291.69	40.2939
0.0756	12	286846	143071	63641.7	297.537	39.7397
0.07584	18	296199	150325	64074.7	303.283	39.2168
0.07608	21	309173	155252	64507.7	308.691	38.7798
0.07632	31	322953	163756	64929.7	313.912	38.3677
0.07656	36	337273	172071	65285.9	318.278	38.0304
0.0768	70	350927	177476	65642.2	322.6	37.7024
0.07704	89	368634	185532	65998.5	326.974	37.3589
0.07728	121	387613	198206	66197.1	329.451	37.1618
0.07752	188	406968	205437	66277.3	330.458	37.0815
0.07776	278	432127	211509	66357.5	331.469	37.0009
0.078	400	455243	222211	66437.7	332.485	36.9199
0.07824	652	484063	240857	65928.2	326.103	37.4282
0.07848	795	516655	245848	65418.7	319.893	37.9071
0.07872	1091	550786	257208	64909.2	313.66	38.3874
0.07896	1516	590826	274265	63983.5	302.138	39.3108
0.0792	2040	625790	284517	62502.8	282.007	41.2347
0.07944	2524	663843	289755	61022.1	262.243	43.0149
0.07968	3134	710267	301015	59541.4	243.476	45.2636
0.07992	3985	758777	320535	57212.2	213.323	48.6753
0.08016	4669	787327	323319	54741.6	184.526	53.8849
0.0804	5717	813190	330705	52270.9	156.66	58.662
0.08064	6552	838575	349339	49729.2	128.878	65.6321
0.08088	7195	858811	366944	47009.8	106.441	79.1042
0.08112	7833	852737	365630	44290.4	81.4331	94.0712
0.08136	8575	848879	382322	41571	56.5132	98.6719
0.0816	9136	858202	425056	39385.7	42.9359	116.597
0.08184	9546	850957	441635	37414.2	33.5803	142.254
0.08208	9899	853196	470848	35442.6	22.2148	162.32
0.08232	9978	863206	530679	33656.3	14.2914	181.693
0.08256	10099	876377	597885	32981.7	12.354	194.958
0.0828	9905	873240	600530	32307	10.7	209.827
0.08304	9964	882472	642941	31632.4	9.1322	225.94
0.08328	9675	900900	723115	31600.6	9.06038	226.743
0.08352	9547	905585	748053	32050.9	10.0963	215.74
0.08376	9373	909355	747617	32501.3	11.1633	205.499
0.084	9263	929696	799933	32951.7	12.2752	195.612
0.08424	8967	956458	898981	33978.5	15.3392	176.255
0.08448	9125	951486	828227	35005.4	19.7807	165.17
0.08472	9566	964127	841527	36032.2	25.8631	158.662
0.08496	9686	982822	924702	37069.8	31.7715	146.886
0.0852	9792	988836	945797	38121.8	37.0292	132.398
0.08544	10057	990277	870109	39173.8	41.9386	119.053
0.08568	10309	1.0107e+06	900273	40225.8	47.3044	107.902
0.08592	10915	1.04041e+06	1.04571e+06	40922.4	51.6565	102.362
0.08616	11370	1.02779e+06	882175	41559.8	56.4134	98.7109
0.0864	11787	1.03305e+06	856032	42197.2	62.3273	96.8372
0.08664	12356	1.06782e+06	958342	42688.2	67.1811	95.8767
0.08688	13103	1.08558e+06	1.019e+06	42813.2	68.4587	95.6975
0.08712	13865	1.07419e+06	840568	42938.2	69.7535	95.5444
0.08736	14300	1.08684e+06	885833	43063.2	71.0656	95.4174
0.0876	15154	1.11299e+06	1.0785e+06	42907.6	69.4352	95.5795
0.08784	15710	1.10139e+06	927429	42639.9	66.6913	95.9531
0.08808	16285	1.1045e+06	854468	42372.1	64.026	96.4478
0.08832	16725	1.13321e+06	973363	42050.5	60.9272	97.2048
0.08856	17644	1.16605e+06	1.12621e+06	41405.6	55.0773	99.3176
0.0888	17933	1.16839e+06	885998	40760.7	50.5881	103.523
0.08904	18451	1.20306e+06	922825	40115.8	46.6739	108.911
0.08928	18630	1.25878e+06	1.14753e+06	39387.4	42.9439	116.578
0.08952	18882	1.26243e+06	1.08634e+06	38596.5	39.2326	126.128
0.08976	18915	1.26807e+06	951983	37805.6	35.5442	136.819
0.09	19383	1.2959e+06	1.08454e+06	37014.7	31.4766	147.612
0.09024	18781	1.34908e+06	1.36097e+06	36694.3	29.7386	151.75
0.09048	19210	1.31402e+06	1.05593e+06	36373.9	27.9745	155.724
0.09072	18641	1.31894e+06	1.09803e+06	36053.4	26.0024	158.535
0.09096	18366	1.35558e+06	1.34649e+06	36059.8	26.0447	158.496
0.0912	18658	1.35099e+06	1.35318e+06	36502.1	28.6824	154.155
0.09144	18401	1.3334e+06	1.17238e+06	36944.3	31.0976	148.535
0.09168	18589	1.3381e+06	1.26554e+06	37386.5	33.4376	142.631
0.09192	18349	1.38197e+06	1.50569e+06	38078.6	36.8301	132.99
0.09216	18333	1.3543e+06	1.28141e+06	38812.4	40.2418	123.415
0.0924	18431	1.35473e+06	1.22005e+06	39546.1	43.6909	114.787
0.09264	18663	1.37984e+06	1.34803e+06	40194.5	47.124	108.184
0.09288	19074	1.40749e+06	1.49577e+06	40629.7	49.7497	104.516
0.09312	19533	1.38967e+06	1.21365e+06	41064.9	52.6292	101.4
0.09336	19882	1.40264e+06	1.24412e+06	41500.1	55.8817	98.9238
0.0936	20428	1.44832e+06	1.5286e+06	41653.1	57.2524	98.391
0.09384	20592	1.43568e+06	1.33128e+06	41693.3	57.6161	98.2583
0.09408	21388	1.44068e+06	1.20869e+06	41733.4	57.9814	98.1286
0.09432	21988	1.46511e+06	1.35266e+06	41759.8	58.222	98.045
0.09456	22262	1.51116e+06	1.63574e+06	41703.2	57.7059	98.2261
0.0948	22569	1.48782e+06	1.2644e+06	41646.6	57.1932	98.413
0.09504	23518	1.49885e+06	1.29958e+06	41590	56.6839	98.6057
0.09528	23724	1.5458e+06	1.62536e+06	41595.6	56.7341	98.5864
0.09552	24148	1.54624e+06	1.52626e+06	41647.8	57.2044	98.4088
0.09576	24862	1.54698e+06	1.32478e+06	41700.1	57.6775	98.2363
0.096	25395	1.56975e+06	1.48469e+06	41752.3	58.1536	98.0686
0.09624	25576	1.63683e+06	1.762e+06	41848.4	59.0371	97.773
0.09648	26466	1.60745e+06	1.46027e+06	41944.5	59.9304	97.4938
0.09672	26612	1.62588e+06	1.43357e+06	42040.6	60.8336	97.231
0.09696	26969	1.6753e+06	1.68334e+06	42134.3	61.7239	96.9903
0.0972	27712	1.69204e+06	1.71422e+06	42224.8	62.5929	96.7723
0.09744	28289	1.69079e+06	1.5139e+06	42315.3	63.4708	96.5685
0.09768	28656	1.71373e+06	1.60238e+06	42405.8	64.3575	96.3787
0.09792	29606	1.78306e+06	1.90146e+06	42491.6	65.2063	96.2119
0.09816	30229	1.75726e+06	1.62571e+06	42576.7	66.0552	96.0589
0.0984	30574	1.77552e+06	1.58835e+06	42661.7	66.9121	95.9181
0.09864	31182	1.82683e+06	1.75463e+06	42779.1	68.1086	95.7437
0.09888	32354	1.85782e+06	1.99372e+06	42977.6	70.1654	95.5016
0.09912	32509	1.84484e+06	1.63054e+06	43176.1	72.2352	95.329
0.09936	33666	1.88553e+06	1.73626e+06	43374.5	73.8817	95.2193
0.0996	34274	1.96451e+06	2.17392e+06	43631.3	76.0098	95.0033
0.09984	35102	1.95469e+06	1.89632e+06	43911.5	78.324	94.6731
0.10008	35848	1.96864e+06	1.72015e+06	44191.6	80.6257	94.2451
0.10032	36529	2.02976e+06	1.99812e+06	44455.2	82.7753	93.7544
0.10056	37256	2.11104e+06	2.23083e+06	44619.5	84.1052	93.4059
0.1008	38369	2.08325e+06	1.91129e+06	44783.8	85.4261	93.0253
0.10104	39323	2.11568e+06	1.95205e+06	44948.1	86.8608	92.5127
0.10128	40304	2.21114e+06	2.23694e+06	44968.9	87.0782	92.4159
0.10152	41439	2.21826e+06	2.21985e+06	44882.2	86.2129	92.7819
0.10176	42545	2.22547e+06	1.98887e+06	44795.5	85.52	92.9969
0.102	43282	2.29921e+06	2.12171e+06	44708.8	84.8243	93.203
0.10224	44627	2.4268e+06	2.77361e+06	44040.8	79.3887	94.4875
0.10248	45510	2.37978e+06	2.06131e+06	43372.9	73.8681	95.2205
0.10272	46561	2.43973e+06	2.03386e+06	42704.9	67.3509	95.8512
0.10296	47263	2.56418e+06	2.48438e+06	42011.8	60.5621	97.308
0.1032	47523	2.5887e+06	2.50319e+06	41285.1	54.1908	100.019
0.10344	47673	2.57732e+06	2.24436e+06	40558.4	49.3023	105.079
0.10368	47658	2.6178e+06	2.51255e+06	39831.7	45.1113	111.702
0.10392	47565	2.74866e+06	2.9898e+06	39501.3	43.4799	115.289
0.10416	46874	2.72212e+06	2.58512e+06	39237	42.2359	118.313
0.1044	46967	2.76089e+06	2.42116e+06	38972.7	40.9936	121.453
0.10464	46288	2.87221e+06	2.83188e+06	38688.7	39.6633	124.959
0.10488	45978	2.95013e+06	3.31299e+06	38355.7	38.1116	129.256
0.10512	46029	2.91707e+06	2.60171e+06	38022.7	36.5726	133.762
0.10536	44917	2.97356e+06	2.73909e+06	37689.6	34.9743	138.446
0.1056	44336	3.09891e+06	3.11067e+06	37564.8	34.3494	140.181
0.10584	44060	3.04723e+06	2.88956e+06	37523.3	34.1391	140.755
0.10608	43305	3.04387e+06	2.75762e+06	37481.8	33.9276	141.326
0.10632	42224	3.12283e+06	3.05923e+06	37509.2	34.067	140.95
0.10656	41963	3.23916e+06	3.96021e+06	37949.3	36.2344	134.786
0.1068	41493	3.17033e+06	2.94634e+06	38389.5	38.2686	128.81
0.10704	41283	3.18661e+06	3.02202e+06	38829.7	40.323	123.201
0.10728	41214	3.29384e+06	3.43645e+06	39157.7	41.8631	119.243
0.10752	40811	3.24336e+06	3.27877e+06	39401.6	43.0107	116.416
0.10776	40508	3.18908e+06	2.8425e+06	39645.5	44.1588	113.685
0.108	40431	3.22464e+06	3.07034e+06	39889.4	45.4215	111.113
0.10824	40421	3.39017e+06	4.05245e+06	39630.6	44.0887	113.849
0.10848	40588	3.25804e+06	2.99366e+06	39371.8	42.8704	116.756
0.10872	40539	3.26906e+06	3.00119e+06	39113	41.6529	119.771
0.10896	40282	3.35068e+06	3.26965e+06	38798.1	40.1752	123.591
0.1092	40855	3.32702e+06	3.5158e+06	38408.5	38.3567	128.561
0.10944	40124	3.23853e+06	2.91523e+06	38018.8	36.555	133.815
0.10968	39838	3.26118e+06	3.2296e+06	37629.2	34.6731	139.289
0.10992	39046	3.39495e+06	3.73324e+06	37401.4	33.5146	142.428
0.11016	39187	3.25805e+06	3.15185e+06	37200.6	32.4661	145.144
0.1104	38533	3.23338e+06	2.95173e+06	36999.9	31.3968	147.808
0.11064	37892	3.30131e+06	3.16773e+06	36790.1	30.2618	150.529
0.11088	37023	3.32473e+06	3.94852e+06	36557.9	28.9898	153.463
0.11112	36424	3.183e+06	2.98834e+06	36325.7	27.7079	156.306
0.11136	36303	3.16203e+06	3.03173e+06	36093.4	26.267	158.295
0.1116	35359	3.26482e+06	3.35457e+06	35917.7	25.1205	159.356
0.11184	34440	3.12802e+06	3.12422e+06	35764.6	24.1533	160.297
0.11208	33760	3.03349e+06	2.7868e+06	35611.4	23.2154	161.251
0.11232	32881	3.04478e+06	3.04196e+06	35445.8	22.2332	162.299
0.11256	31974	3.10456e+06	3.76572e+06	35205.1	20.8649	163.853
0.1128	31216	2.93164e+06	2.80855e+06	34964.4	19.5641	165.443
0.11304	30540	2.91336e+06	2.77582e+06	34723.8	18.3288	167.07
0.11328	29258	2.97578e+06	3.0511e+06	34391.9	16.8155	170.042
0.11352	28761	2.85961e+06	2.93776e+06	33991.6	15.3835	176.046
0.11376	27580	2.73118e+06	2.60711e+06	33591.3	14.09	182.858
0.114	26687	2.72383e+06	2.71039e+06	33191	12.9205	190.554
0.11424	25319	2.81607e+06	3.23236e+06	33053.2	12.5444	193.422
0.11448	23954	2.62609e+06	2.63436e+06	32915.5	12.1809	196.409
0.11472	23000	2.56544e+06	2.51707e+06	32777.7	11.8295	199.519
0.11496	21928	2.59936e+06	2.83546e+06	32711.6	11.6683	200.962
0.1152	21046	2.54696e+06	2.90591e+06	32741	11.7391	200.338
0.11544	19710	2.43614e+06	2.44834e+06	32770.5	11.8114	199.686
0.11568	18538	2.44667e+06	2.49579e+06	32799.9	11.8853	199.01
0.11592	17373	2.5335e+06	2.95082e+06	32812.3	11.9166	198.727
0.11616	16674	2.38295e+06	2.51205e+06	32821.8	11.9407	198.509
0.1164	15630	2.34549e+06	2.27774e+06	32831.4	11.965	198.293
0.11664	14723	2.40885e+06	2.60208e+06	32932.3	12.2246	196.037
0.11688	13982	2.37696e+06	2.897e+06	33261.8	13.1189	189.124
0.11712	13074	2.15806e+06	2.30973e+06	33591.2	14.0899	182.859
0.11736	12505	2.07878e+06	2.29631e+06	33920.7	15.1447	177.192
0.1176	11836	2.10419e+06	2.77604e+06	34083.6	15.7	174.596
0.11784	11024	1.91253e+06	2.2739e+06	34180	16.0393	173.123
0.11808	10603	1.82803e+06	1.9464e+06	34276.4	16.3871	171.695
0.11832	10158	1.90013e+06	2.12378e+06	34568.6	17.5662	168.139
0.11856	10031	2.0445e+06	2.63526e+06	36036	25.8882	158.639
0.1188	9690	2.22181e+06	2.14953e+06	37503.5	34.038	141.028
0.11904	9210	2.48804e+06	2.45729e+06	38970.9	40.9853	121.474
0.11928	9309	2.71258e+06	3.1126e+06	46221.7	100.028	85.1678
0.11952	8682	2.79729e+06	3.25638e+06	57810.1	221.09	47.8408
0.11976	0	2.70343e+06	1.91446e+06	69398.5	373.917	33.7397
