0	0	0	0	56663.1	206.556	49.6887
0.00024	0	0	0	56668.5	206.62	49.6776
0.00048	0	0	0	56673.8	206.684	49.6666
0.00072	0	0	0	56679.1	206.749	49.6555
0.00096	0	0	0	56684.6	206.814	49.6443
0.0012	0	0	0	56690.2	206.88	49.6328
0.00144	0	0	0	56695.7	206.947	49.6213
0.00168	0	0	0	56701.3	207.014	49.6098
0.00192	0	0	0	56707.1	207.083	49.5979
0.00216	0	0	0	56712.9	207.153	49.586
0.0024	0	0	0	56718.7	207.222	49.5741
0.00264	0	0	0	56724.5	207.293	49.562
0.00288	0	0	0	56730.6	207.366	49.5496
0.00312	0	0	0	56736.6	207.438	49.5371
0.00336	0	0	0	56742.7	207.511	49.5247
0.0036	0	0	0	56748.9	207.586	49.5119
0.00384	0	0	0	56755.2	207.661	49.499
0.00408	0	0	0	56761.5	207.737	49.4861
0.00432	0	0	0	56767.8	207.814	49.4731
0.00456	0	0	0	56774.4	207.893	49.4597
0.0048	0	0	0	56781	207.972	49.4462
0.00504	0	0	0	56787.6	208.051	49.4328
0.00528	0	0	0	56794.3	208.132	49.419
0.00552	0	0	0	56801.2	208.215	49.405
0.00576	0	0	0	56808.1	208.298	49.391
0.006	0	0	0	56814.9	208.381	49.377
0.00624	0	0	0	56822.1	208.467	49.3624
0.00648	0	0	0	56829.3	208.554	49.3478
0.00672	0	0	0	56836.4	208.64	49.3332
0.00696	0	0	0	56843.8	208.729	49.3183
0.0072	0	0	0	56851.3	208.819	49.3031
0.00744	0	0	0	56858.8	208.91	49.2879
0.00768	0	0	0	56866.3	209.001	49.2727
0.00792	0	0	0	56874.1	209.095	49.2569
0.00816	0	0	0	56881.9	209.19	49.241
0.0084	0	0	0	56889.8	209.285	49.2252
0.00864	0	0	0	56897.7	209.381	49.2091
0.00888	0	0	0	56905.9	209.48	49.1925
0.00912	0	0	0	56914.1	209.58	49.176
0.00936	0	0	0	56922.3	209.679	49.1594
0.0096	0	0	0	56930.8	209.782	49.1423
0.00984	0	1	0	56939.4	209.887	49.125
0.01008	0	0	0	56948	209.991	49.1078
0.01032	0	0	0	56956.7	210.096	49.0904
0.01056	0	0	0	56965.7	210.205	49.0723
0.0108	0	0	0	56974.7	210.315	49.0542
0.01104	0	1	0	56983.7	210.425	49.0362
0.01128	0	0	0	56993	210.537	49.0176
0.01152	0	2	0	57002.5	210.652	48.9988
0.01176	0	0	0	57011.9	210.767	48.9799
0.012	0	0	0	57021.4	210.882	48.961
0.01224	0	0	0	57031.3	211.003	48.9412
0.01248	0	0	0	57041.2	211.124	48.9217
0.01272	0	3	0	57051.2	211.252	48.9073
0.01296	0	0	2	57061.3	211.382	48.8926
0.0132	0	0	0	57071.7	211.516	48.8775
0.01344	0	0	0	57082.2	211.65	48.8624
0.01368	0	1	1	57092.6	211.784	48.8473
0.01392	0	1	0	57103.5	211.924	48.8315
0.01416	0	0	0	57114.5	212.065	48.8157
0.0144	0	0	0	57125.5	212.206	48.7999
0.01464	0	0	0	57136.6	212.349	48.7838
0.01488	0	3	0	57148.1	212.498	48.7672
0.01512	0	2	0	57159.7	212.646	48.7506
0.01536	0	1	0	57171.2	212.795	48.734
0.0156	0	0	1	57183.2	212.949	48.7168
0.01584	0	0	0	57195.4	213.106	48.6994
0.01608	0	1	0	57207.5	213.263	48.682
0.01632	0	1	1	57219.8	213.421	48.6645
0.01656	0	5	1	57232.6	213.586	48.6461
0.0168	0	1	0	57245.4	213.751	48.6278
0.01704	0	3	0	57258.2	213.917	48.6096
0.01728	0	0	1	57271.4	214.087	48.5907
0.01752	0	0	1	57285	214.262	48.5715
0.01776	0	5	2	57298.5	214.437	48.5522
0.018	0	4	1	57312	214.611	48.533
0.01824	0	3	0	57326.3	214.796	48.5128
0.01848	0	4	0	57340.6	214.981	48.4925
0.01872	0	1	3	57354.9	215.166	48.4723
0.01896	0	8	1	57369.5	215.355	48.4516
0.0192	0	4	2	57384.6	215.551	48.4303
0.01944	0	3	1	57399.7	215.746	48.409
0.01968	0	2	2	57414.9	215.942	48.3877
0.01992	0	4	3	57430.7	216.148	48.3654
0.02016	0	4	1	57446.7	216.355	48.3429
0.0204	0	3	4	57462.7	216.563	48.3205
0.02064	0	3	0	57479	216.774	48.2977
0.02088	0	4	0	57496	216.994	48.274
0.02112	0	6	0	57512.9	217.214	48.2504
0.02136	0	7	0	57529.8	217.434	48.2267
0.0216	0	7	2	57547.5	217.664	48.2021
0.02184	0	6	0	57565.5	217.898	48.1771
0.02208	0	8	0	57583.5	218.132	48.1522
0.02232	0	9	4	57601.6	218.368	48.1271
0.02256	0	7	2	57620.7	218.617	48.1006
0.0228	0	6	3	57639.8	218.866	48.0742
0.02304	0	7	1	57658.9	219.115	48.0479
0.02328	0	8	1	57678.7	219.373	48.0206
0.02352	0	5	7	57699	219.638	47.9927
0.02376	0	19	2	57719.4	219.903	47.9648
0.024	0	13	3	57739.7	220.169	47.937
0.02424	0	11	5	57761.3	220.451	47.9074
0.02448	0	13	3	57782.9	220.734	47.8779
0.02472	0	16	4	57804.6	221.017	47.8484
0.02496	0	17	2	57826.8	221.308	47.8181
0.0252	0	14	4	57849.9	221.61	47.7868
0.02544	0	15	6	57872.9	221.913	47.7556
0.02568	0	13	0	57896	222.215	47.7244
0.02592	0	17	4	57920.4	222.535	47.6915
0.02616	0	24	3	57945	222.858	47.6584
0.0264	0	24	4	57969.6	223.181	47.6253
0.02664	0	25	3	57994.7	223.511	47.5917
0.02688	0	27	4	58021	223.857	47.5565
0.02712	0	35	4	58047.3	224.203	47.5214
0.02736	0	30	5	58073.6	224.549	47.4863
0.0276	0	26	5	58101.2	224.913	47.4496
0.02784	0	33	4	58129.4	225.285	47.4122
0.02808	0	36	4	58157.6	225.657	47.375
0.02832	0	27	8	58186.1	226.033	47.3374
0.02856	0	37	9	58216.3	226.432	47.2976
0.0288	0	44	5	58246.5	226.831	47.258
0.02904	0	52	9	58276.7	227.231	47.2184
0.02928	0	51	3	58308.2	227.648	47.1773
0.02952	0	42	6	58340.6	228.077	47.1351
0.02976	0	54	9	58373	228.507	47.093
0.03	0	69	5	58405.4	228.937	47.051
0.03024	0	77	8	58440.3	229.401	47.006
0.03048	0	65	9	58475.2	229.864	46.961
0.03072	0	74	9	58510.1	230.328	46.9163
0.03096	0	80	12	58546.1	230.808	46.8701
0.0312	0	75	11	58583.8	231.309	46.8222
0.03144	0	71	5	58621.4	231.811	46.7743
0.03168	0	102	7	58659	232.313	46.7267
0.03192	0	88	7	58699.1	232.848	46.676
0.03216	0	99	8	58739.7	233.391	46.6249
0.0324	0	119	11	58780.2	233.929	46.5717
0.03264	0	131	8	58821.7	234.449	46.4995
0.03288	0	139	7	58865.4	234.998	46.4233
0.03312	0	145	7	58909.2	235.546	46.3473
0.03336	0	160	6	58952.9	236.095	46.2715
0.0336	0	154	11	58999.2	236.675	46.1914
0.03384	0	193	9	59046.4	237.268	46.1098
0.03408	0	207	11	59093.7	237.86	46.0283
0.03432	0	250	7	59141.5	238.46	45.946
0.03456	0	227	6	59192.7	239.103	45.8579
0.0348	0	229	10	59243.9	239.745	45.7701
0.03504	0	233	7	59295.2	240.388	45.6825
0.03528	0	279	6	59348.9	241.062	45.5907
0.03552	0	282	12	59404.5	241.759	45.496
0.03576	0	335	4	59460.1	242.456	45.4015
0.036	0	349	10	59515.7	243.153	45.3072
0.03624	0	355	7	59576	243.91	45.205
0.03648	0	401	6	59636.4	244.666	45.1032
0.03672	0	445	10	59696.7	245.422	45.0016
0.03696	0	469	6	59759.3	246.207	44.8964
0.0372	0	485	11	59824.8	247.028	44.7866
0.03744	0	519	1	59890.4	247.849	44.677
0.03768	0	586	4	59955.9	248.67	44.5677
0.03792	0	614	5	60026.3	249.551	44.4507
0.03816	0	656	1	60097.5	250.442	44.3327
0.0384	0	759	2	60168.7	251.332	44.215
0.03864	0	770	8	60241.6	252.244	44.0947
0.03888	0	801	4	60318.9	253.21	43.9676
0.03912	0	924	5	60396.3	254.176	43.8409
0.03936	0	1115	3	60473.6	255.141	43.7146
0.0396	0	999	7	60555.8	256.187	43.5969
0.03984	0	1139	2	60640	257.274	43.4902
0.04008	0	1156	13	60724.1	258.365	43.3843
0.04032	0	1438	13	60809.4	259.472	43.2777
0.04056	0	1322	3	60901.3	260.668	43.1635
0.0408	0	1439	4	60993.3	261.867	43.0502
0.04104	0	1604	8	61085.2	263.069	42.9377
0.04128	0	1683	8	61181.8	264.334	42.8204
0.04152	0	1915	5	61281.9	265.649	42.6998
0.04176	0	1918	8	61382	266.966	42.5801
0.042	0	2100	8	61482	268.287	42.4614
0.04224	0	2332	5	61590.8	269.726	42.3335
0.04248	0	2548	10	61699.5	271.169	42.2067
0.04272	0	2575	11	61808.3	272.616	42.081
0.04296	0	2937	12	61921	274.119	41.9518
0.0432	0	3063	9	62039	275.697	41.8178
0.04344	0	3211	8	62157	277.28	41.6851
0.04368	0	3578	5	62275.1	278.877	41.5456
0.04392	0	3945	7	62401.6	280.617	41.3723
0.04416	0	4016	5	62529.6	282.376	41.1984
0.0444	0	4338	5	62657.6	284.131	41.0258
0.04464	0	4811	5	62788.5	285.926	40.8504
0.04488	0	4856	10	62927	287.819	40.6664
0.04512	0	5403	5	63065.4	289.71	40.4839
0.04536	0	6017	2	63203.9	291.597	40.3029
0.0456	0	6148	6	63349.7	293.579	40.1138
0.04584	0	6692	4	63498.4	295.597	39.9225
0.04608	0	7341	6	63647.1	297.61	39.7329
0.04632	0	7734	6	63797.4	299.637	39.543
0.04656	0	8222	7	63956.5	301.779	39.3436
0.0468	0	8766	6	64115.6	303.797	39.1749
0.04704	0	9729	2	64274.8	305.788	39.013
0.04728	0	10273	4	64438.8	307.834	38.8483
0.04752	0	10993	5	64606.4	309.918	38.6821
0.04776	0	11907	2	64774	311.993	38.5181
0.048	0	12528	4	64941.7	314.06	38.3562
0.04824	0	13714	1	65117.2	316.215	38.189
0.04848	0	14630	6	65292.7	318.36	38.0241
0.04872	0	15864	4	65468.2	320.495	37.8614
0.04896	0	16831	4	65646.5	322.652	37.6985
0.0492	0	17698	0	65828.6	324.873	37.5259
0.04944	0	18864	5	66010.6	327.124	37.347
0.04968	0	20213	5	66192.7	329.396	37.1662
0.04992	0	22027	2	66376.8	331.714	36.9814
0.05016	0	23404	4	66561.4	334.057	36.7943
0.0504	0	24646	8	66745.9	336.421	36.6054
0.05064	0	26778	8	66929.9	338.799	36.4154
0.05088	0	28279	4	67112.4	341.179	36.2251
0.05112	0	30159	3	67295	343.58	36.033
0.05136	0	32355	3	67477.5	346.029	35.8342
0.0516	0	34354	2	67652.9	348.539	35.6178
0.05184	0	36456	4	67825.4	351.018	35.4086
0.05208	0	39191	3	67998	353.508	35.2029
0.05232	0	41219	2	68168.1	355.975	35.0035
0.05256	0	44021	5	68324.3	358.248	34.8234
0.0528	0	46541	4	68480.5	360.529	34.6461
0.05304	0	49216	2	68636.7	362.818	34.4716
0.05328	0	53047	3	68775.3	364.857	34.319
0.05352	0	55863	0	68900.7	366.708	34.1828
0.05376	0	58695	4	69026.1	368.564	34.0483
0.054	0	62472	1	69151.5	370.426	33.9155
0.05424	0	65554	2	69239.9	371.695	33.8446
0.05448	0	69303	4	69328.4	372.935	33.7861
0.05472	0	73421	4	69416.8	374.173	33.7276
0.05496	0	75970	2	69485.6	375.134	33.682
0.0552	0	80896	3	69528.2	375.728	33.6537
0.05544	0	84637	6	69570.8	376.321	33.6255
0.05568	0	88976	4	69613.4	376.914	33.5972
0.05592	0	92578	4	69605.4	376.802	33.6025
0.05616	0	96615	3	69588.9	376.573	33.6135
0.0564	0	101507	2	69572.4	376.344	33.6244
0.05664	0	105052	4	69538.3	375.868	33.647
0.05688	0	110401	4	69460.1	374.778	33.6989
0.05712	0	115073	3	69381.9	373.684	33.7507
0.05736	0	118765	5	69303.7	372.589	33.8024
0.0576	0	122404	1	69177.1	370.806	33.8886
0.05784	0	126748	0	69031.3	368.64	34.0428
0.05808	0	132393	4	68885.4	366.481	34.1994
0.05832	0	134526	4	68732	364.219	34.3665
0.05856	0	138883	1	68533.4	361.303	34.5867
0.0588	0	143577	5	68334.9	358.401	34.8114
0.05904	0	146907	2	68136.3	355.512	35.0405
0.05928	0	149950	0	67909	352.223	35.3085
0.05952	0	152521	7	67660.2	348.643	35.6089
0.05976	0	155570	3	67411.3	345.121	35.9098
0.06	0	158538	2	67162.5	341.835	36.1725
0.06024	0	161595	8	66881.4	338.17	36.4657
0.06048	0	164518	3	66600.2	334.553	36.7547
0.06072	0	167606	4	66319.1	330.984	37.0396
0.06096	0	169185	3	66031.4	327.382	37.3265
0.0612	0	170865	3	65735	323.723	37.6171
0.06144	0	173779	3	65438.7	320.136	37.8887
0.06168	0	176172	2	65142.3	316.523	38.1653
0.06192	0	176680	1	64841.4	312.825	38.4528
0.06216	0	176155	2	64539.8	309.09	38.7479
0.0624	0	178524	2	64238.1	305.33	39.0501
0.06264	0	178618	5	63940.5	301.564	39.3635
0.06288	0	179836	5	63653.1	297.69	39.7253
0.06312	0	180605	2	63365.7	293.796	40.0932
0.06336	0	181994	2	63078.2	289.884	40.4671
0.0636	0	181188	2	62793.8	285.998	40.8434
0.06384	0	181899	7	62510.6	282.114	41.2242
0.06408	0	184010	4	62227.3	278.225	41.6066
0.06432	0	183959	3	61946.6	274.461	41.9227
0.06456	0	181706	2	61680.4	270.915	42.229
0.0648	0	183703	2	61414.2	267.391	42.5418
0.06504	0	183780	13	61148	263.891	42.8614
0.06528	0	182811	8	60889.1	260.508	43.1787
0.06552	0	181806	7	60635.7	257.219	43.4956
0.06576	0	182620	4	60382.3	254.001	43.8638
0.066	0	180791	6	60128.9	250.834	44.2807
0.06624	0	179899	4	59903.4	248.012	44.6552
0.06648	0	181755	7	59678	245.188	45.0331
0.06672	0	178140	88	59452.5	242.361	45.4143
0.06696	0	177975	186	59247.5	239.79	45.764
0.0672	0	175673	523	59069.7	237.559	46.0696
0.06744	0	176949	973	58891.9	235.329	46.3774
0.06768	0	174121	2099	58714.1	233.048	46.6571
0.06792	0	172036	2665	58575.1	231.194	46.8332
0.06816	0	172486	3348	58442.7	229.432	47.0029
0.0684	0	172936	4028	58310.2	227.675	47.1747
0.06864	0	173352	5587	58196.7	226.173	47.3234
0.06888	0	170757	8378	58130.3	225.297	47.411
0.06912	0	172408	11134	58064	224.424	47.499
0.06936	0	172107	14302	57997.7	223.551	47.5876
0.0696	0	172283	15830	57978.6	223.3	47.6132
0.06984	0	171935	19357	57978.4	223.297	47.6135
0.07008	0	175567	21734	57978.2	223.294	47.6138
0.07032	0	177676	25468	57989.2	223.439	47.599
0.07056	0	177889	32089	58068.1	224.477	47.4936
0.0708	0	179288	33344	58147	225.517	47.3889
0.07104	0	182617	37751	58225.9	226.559	47.285
0.07128	0	182016	44579	58347.1	228.163	47.1267
0.07152	0	186028	47171	58499.9	230.193	46.9293
0.07176	0	188803	48819	58652.7	232.229	46.7346
0.072	0	190600	57296	58805.6	234.247	46.5275
0.07224	0	194271	61210	59021.7	236.958	46.1525
0.07248	0	197905	64837	59237.8	239.668	45.7806
0.07272	0	203238	69755	59453.9	242.379	45.412
0.07296	0	207299	76043	59693.8	245.387	45.0064
0.0732	0	212484	80847	59965.5	248.79	44.5517
0.07344	0	219946	84802	60237.2	252.189	44.1019
0.07368	0	224070	90154	60508.9	255.582	43.657
0.07392	0	228990	99319	60824.8	259.672	43.2584
0.07416	0	235874	102647	61148.1	263.893	42.8612
0.0744	0	243168	109737	61471.4	268.147	42.4739
0.07464	0	251101	116551	61810.3	272.643	42.0786
0.07488	0	258363	123159	62188.2	277.698	41.6503
0.07512	0	267982	130696	62566	282.876	41.1491
0.07536	0	277006	137168	62943.9	288.05	40.6441
0.0756	0	286846	143071	63325.3	293.248	40.1453
0.07584	0	296204	150326	63708.2	298.435	39.6554
0.07608	0	309175	155254	64091.2	303.49	39.1999
0.07632	0	322974	163757	64464.2	308.151	38.823
0.07656	0	337300	172074	64777.8	312.04	38.5144
0.0768	0	350955	177476	65091.4	315.9	38.2134
0.07704	0	368675	185533	65405.1	319.728	37.9197
0.07728	0	387692	198206	65576.4	321.805	37.7623
0.07752	0	407076	205437	65641	322.585	37.7035
0.07776	0	432289	211510	65705.6	323.364	37.645
0.078	0	455465	222212	65770.2	324.155	37.5828
0.07824	0	484397	240860	65298.6	318.432	38.0186
0.07848	0	517212	245848	64827	312.647	38.4667
0.07872	0	551571	257211	64355.3	306.795	38.9318
0.07896	0	591892	274265	63503	295.659	39.9166
0.0792	0	627176	284517	62143.1	277.093	41.7007
0.07944	0	665499	289755	60783.2	259.131	43.3104
0.07968	0	712185	301016	59423.3	241.995	45.464
0.07992	0	761242	320536	57284.2	214.252	48.5726
0.08016	0	789812	323319	55015.2	187.572	53.3166
0.0804	0	815546	330707	52746.3	162.06	57.7287
0.08064	0	840846	349341	50411.7	136.702	63.9021
0.08088	0	860579	366951	47913.2	111.737	72.4101
0.08112	0	853703	365657	45414.7	91.7194	90.1497
0.08136	0	848947	382926	42916.2	69.5241	95.5695
0.0816	1	858219	426466	40912.2	51.5878	102.434
0.08184	0	850965	444399	39105.9	41.6197	119.855
0.08208	1	853201	475262	37299.7	32.9865	143.809
0.08232	2	863207	536650	35664.8	23.5392	160.917
0.08256	0	876378	605360	35057.5	20.0592	164.823
0.0828	0	873240	608820	34450.2	17.0365	169.231
0.08304	1	882473	652319	33842.9	14.8876	178.479
0.08328	0	900901	732964	33823.5	14.8244	178.804
0.08352	1	905585	757816	34245.1	16.2732	172.154
0.08376	2	909355	757068	34666.7	18.0451	167.462
0.084	0	929697	808583	35088.3	20.2251	164.62
0.08424	1	956458	907340	36018.9	25.7758	158.743
0.08448	3	951490	835547	36949.5	31.1259	148.467
0.08472	2	964127	848584	37880.2	35.9045	135.767
0.08496	6	982825	931373	38809.9	40.2301	123.446
0.0852	4	988841	951568	39738.3	44.6176	112.679
0.08544	4	990282	875167	40666.7	49.9839	104.231
0.08568	14	1.01071e+06	904549	41595.1	56.7295	98.5881
0.08592	11	1.04042e+06	1.04909e+06	42180.9	62.1703	96.8762
0.08616	28	1.02781e+06	885360	42709.6	67.3983	95.8442
0.0864	16	1.03308e+06	858806	43238.3	72.7516	95.3
0.08664	25	1.06785e+06	960592	43629.3	75.9927	95.0054
0.08688	27	1.08564e+06	1.02101e+06	43675.9	76.3788	94.9574
0.08712	40	1.07422e+06	842969	43722.6	76.7647	94.9066
0.08736	49	1.08688e+06	887984	43769.3	77.1504	94.853
0.0876	43	1.11301e+06	1.08082e+06	43557.7	75.4004	95.0738
0.08784	65	1.10144e+06	930086	43242.9	72.7901	95.2977
0.08808	96	1.10454e+06	857702	42928.1	69.6489	95.5558
0.08832	86	1.13322e+06	977013	42567.9	65.9673	96.0741
0.08856	115	1.16608e+06	1.13058e+06	41935	59.8416	97.5207
0.0888	106	1.1684e+06	891550	41302	54.3142	99.9184
0.08904	137	1.20307e+06	929614	40669.1	49.9993	104.212
0.08928	151	1.25878e+06	1.15581e+06	39992.4	45.9841	110.09
0.08952	184	1.26243e+06	1.09661e+06	39283	42.4522	117.779
0.08976	169	1.26807e+06	964252	38573.5	39.1251	126.423
0.09	200	1.2959e+06	1.09898e+06	37864	35.8268	135.996
0.09024	224	1.34908e+06	1.37782e+06	37632.9	34.6915	139.238
0.09048	225	1.31402e+06	1.07377e+06	37401.7	33.5161	142.424
0.09072	257	1.31894e+06	1.11628e+06	37170.6	32.3072	145.546
0.09096	284	1.35558e+06	1.36527e+06	37238.2	32.6642	144.639
0.0912	277	1.35099e+06	1.37205e+06	37704.3	35.0471	138.241
0.09144	306	1.3334e+06	1.19014e+06	38170.4	37.2536	131.736
0.09168	349	1.3381e+06	1.28274e+06	38636.5	39.4193	125.619
0.09192	380	1.38197e+06	1.52117e+06	39296.6	42.5164	117.621
0.09216	407	1.3543e+06	1.2952e+06	39989	45.9651	110.123
0.0924	455	1.35473e+06	1.23193e+06	40681.4	50.0777	104.118
0.09264	482	1.37984e+06	1.35867e+06	41284.1	54.1836	100.025
0.09288	509	1.40749e+06	1.50475e+06	41662.5	57.3366	98.36
0.09312	593	1.38968e+06	1.22204e+06	42040.8	60.8361	97.2302
0.09336	617	1.40264e+06	1.25144e+06	42419.2	64.4892	96.3519
0.0936	598	1.44833e+06	1.53564e+06	42526.4	65.5529	96.1478
0.09384	750	1.43569e+06	1.33829e+06	42525.2	65.5408	96.1499
0.09408	742	1.44068e+06	1.21616e+06	42524	65.5288	96.1521
0.09432	833	1.46514e+06	1.3597e+06	42510.1	65.3902	96.1776
0.09456	834	1.51118e+06	1.64322e+06	42420	64.4973	96.3503
0.0948	899	1.48782e+06	1.27219e+06	42329.9	63.6132	96.5369
0.09504	1011	1.49885e+06	1.3078e+06	42239.8	62.738	96.7375
0.09528	1027	1.5458e+06	1.63423e+06	42207.5	62.4258	96.8129
0.09552	1117	1.54624e+06	1.53542e+06	42218.4	62.5313	96.7872
0.09576	1260	1.54698e+06	1.3343e+06	42229.4	62.6369	96.7616
0.096	1336	1.56975e+06	1.49371e+06	42240.3	62.7427	96.7363
0.09624	1392	1.63684e+06	1.77162e+06	42290.7	63.2316	96.6224
0.09648	1486	1.60745e+06	1.46957e+06	42341.2	63.7233	96.5128
0.09672	1638	1.62588e+06	1.44292e+06	42391.6	64.2177	96.4076
0.09696	1596	1.6753e+06	1.69305e+06	42437.4	64.6691	96.3159
0.0972	1813	1.69204e+06	1.72391e+06	42477	65.0613	96.2394
0.09744	1876	1.69079e+06	1.52295e+06	42516.7	65.4552	96.1656
0.09768	1938	1.71374e+06	1.61208e+06	42556.3	65.8509	96.0944
0.09792	2121	1.78306e+06	1.91117e+06	42580.7	66.0956	96.0519
0.09816	2070	1.75726e+06	1.6356e+06	42602.6	66.3155	96.0147
0.0984	2257	1.77552e+06	1.59817e+06	42624.5	66.5359	95.9782
0.09864	2426	1.82683e+06	1.76483e+06	42667.7	66.9733	95.9086
0.09888	2478	1.85783e+06	2.00365e+06	42764.5	67.9584	95.7643
0.09912	2584	1.84485e+06	1.64015e+06	42861.2	68.9537	95.6356
0.09936	2781	1.88556e+06	1.74508e+06	42957.9	69.9594	95.5227
0.0996	2970	1.96452e+06	2.18284e+06	43072.9	71.1683	95.4086
0.09984	3015	1.95473e+06	1.90451e+06	43195.1	72.3935	95.3207
0.10008	3204	1.96865e+06	1.72748e+06	43317.4	73.4079	95.256
0.10032	3353	2.02976e+06	2.00502e+06	43416.9	74.2334	95.1894
0.10056	3609	2.11106e+06	2.23761e+06	43380.1	73.9278	95.2156
0.1008	3674	2.08326e+06	1.91804e+06	43343.2	73.6221	95.24
0.10104	3846	2.11568e+06	1.95876e+06	43306.4	73.3164	95.2627
0.10128	3973	2.21114e+06	2.24368e+06	43118.8	71.6553	95.3692
0.10152	4231	2.21827e+06	2.22675e+06	42818.2	68.51	95.6909
0.10176	4308	2.22547e+06	1.99707e+06	42517.6	65.4643	96.1639
0.102	4368	2.29921e+06	2.13038e+06	42217	62.5173	96.7906
0.10224	4838	2.4268e+06	2.78392e+06	41436.6	55.3199	99.1577
0.10248	4664	2.37978e+06	2.07585e+06	40656.2	49.9175	104.311
0.10272	4695	2.43973e+06	2.05384e+06	39875.9	45.3484	111.25
0.10296	4827	2.56418e+06	2.50952e+06	39132.3	41.7437	119.542
0.1032	4940	2.5887e+06	2.5341e+06	38437.9	38.4935	128.176
0.10344	4804	2.57732e+06	2.28098e+06	37743.4	35.24	137.693
0.10368	5082	2.6178e+06	2.55608e+06	37049	31.6602	147.161
0.10392	4922	2.74866e+06	3.04007e+06	36834.2	30.5015	149.963
0.10416	4881	2.72212e+06	2.63824e+06	36699.3	29.766	151.687
0.1044	4798	2.76089e+06	2.47544e+06	36564.4	29.0258	153.381
0.10464	4766	2.87221e+06	2.88825e+06	36434.3	28.3083	154.988
0.10488	4755	2.95013e+06	3.36986e+06	36316	27.6542	156.423
0.10512	4639	2.91707e+06	2.65994e+06	36197.6	26.9656	157.673
0.10536	4517	2.97356e+06	2.7981e+06	36079.3	26.1735	158.379
0.1056	4532	3.09891e+06	3.17079e+06	36142.9	26.597	157.999
0.10584	4440	3.04723e+06	2.94917e+06	36279.3	27.4512	156.862
0.10608	4279	3.04387e+06	2.81552e+06	36415.6	28.2053	155.216
0.10632	4298	3.12283e+06	3.11589e+06	36600.7	29.2253	152.928
0.10656	4219	3.23916e+06	4.01595e+06	37078.1	31.8157	146.776
0.1068	4282	3.17033e+06	2.99674e+06	37555.5	34.3023	140.31
0.10704	4169	3.18661e+06	3.06764e+06	38032.9	36.6198	133.62
0.10728	4207	3.29384e+06	3.47787e+06	38344.8	38.0608	129.4
0.10752	4153	3.24336e+06	3.31779e+06	38532.4	38.9335	126.95
0.10776	4156	3.18908e+06	2.88e+06	38720	39.8097	124.565
0.108	4226	3.22464e+06	3.10556e+06	38907.7	40.6887	122.243
0.10824	4411	3.39017e+06	4.08551e+06	38607.7	39.2849	125.985
0.10848	4291	3.25804e+06	3.02891e+06	38307.8	37.8893	129.891
0.10872	4232	3.26906e+06	3.03876e+06	38007.8	36.5044	133.968
0.10896	4381	3.35068e+06	3.30923e+06	37680.9	34.9311	138.568
0.1092	4182	3.32702e+06	3.5581e+06	37318.1	33.0826	143.56
0.10944	4187	3.23853e+06	2.96012e+06	36955.4	31.1573	148.391
0.10968	4077	3.26118e+06	3.27753e+06	36592.6	29.1806	153.03
0.10992	4019	3.39495e+06	3.78352e+06	36433.7	28.3052	154.995
0.11016	3998	3.25805e+06	3.20315e+06	36308.9	27.6149	156.508
0.1104	3944	3.23338e+06	3.00284e+06	36184	26.8734	157.754
0.11064	3845	3.30131e+06	3.21904e+06	36059.8	26.0445	158.496
0.11088	3757	3.32473e+06	3.99988e+06	35937.2	25.2457	159.238
0.11112	3730	3.183e+06	3.03962e+06	35814.6	24.466	159.988
0.11136	3505	3.16203e+06	3.08328e+06	35692	23.7052	160.747
0.1116	3490	3.26482e+06	3.40517e+06	35619.9	23.2667	161.198
0.11184	3387	3.12802e+06	3.17457e+06	35568.1	22.9551	161.524
0.11208	3342	3.03349e+06	2.83633e+06	35516.2	22.6469	161.851
0.11232	3211	3.04478e+06	3.09097e+06	35452.3	22.2716	162.257
0.11256	3293	3.10456e+06	3.81375e+06	35316.3	21.4886	163.131
0.1128	3106	2.93164e+06	2.85566e+06	35180.2	20.7274	164.015
0.11304	3050	2.91336e+06	2.82325e+06	35044.2	19.9878	164.912
0.11328	2878	2.97578e+06	3.09704e+06	34829.4	18.8632	166.351
0.11352	2769	2.85961e+06	2.98346e+06	34555.7	17.5037	168.229
0.11376	2672	2.73118e+06	2.65261e+06	34281.9	16.4074	171.615
0.114	2635	2.72383e+06	2.75633e+06	34008.2	15.44	175.782
0.11424	2520	2.81607e+06	3.27846e+06	33968	15.3035	176.425
0.11448	2508	2.62609e+06	2.67922e+06	33927.7	15.1683	177.076
0.11472	2374	2.56544e+06	2.56081e+06	33887.5	15.0346	177.736
0.11496	2306	2.59936e+06	2.87779e+06	33896.9	15.0655	177.582
0.1152	2146	2.54696e+06	2.94655e+06	33972.3	15.318	176.356
0.11544	2039	2.43614e+06	2.48693e+06	34047.7	15.5755	175.158
0.11568	1984	2.44667e+06	2.53252e+06	34123.1	15.8379	173.988
0.11592	2006	2.5335e+06	2.98554e+06	34120.7	15.8294	174.025
0.11616	1936	2.38295e+06	2.54495e+06	34105.3	15.7755	174.261
0.1164	1867	2.34549e+06	2.30916e+06	34089.9	15.7218	174.499
0.11664	1814	2.40885e+06	2.63215e+06	34122.6	15.8361	173.996
0.11688	1762	2.37696e+06	2.92514e+06	34275.3	16.3832	171.711
0.11712	1571	2.15806e+06	2.33619e+06	34428	16.9521	169.537
0.11736	1598	2.07878e+06	2.32074e+06	34580.8	17.6249	168.055
0.1176	1509	2.10419e+06	2.79879e+06	34498.4	17.2297	168.628
0.11784	1498	1.91253e+06	2.29538e+06	34322.1	16.5552	171.033
0.11808	1411	1.82803e+06	1.96706e+06	34145.8	15.9178	173.641
0.11832	1379	1.90013e+06	2.14379e+06	34176.1	16.0255	173.182
0.11856	1339	2.0445e+06	2.65427e+06	35446.6	22.2383	162.294
0.1188	1422	2.22181e+06	2.1662e+06	36717.1	29.8635	151.461
0.11904	1409	2.48804e+06	2.4706e+06	37987.6	36.4115	134.249
0.11928	1352	2.71258e+06	3.12237e+06	45171.8	89.192	91.4307
0.11952	1243	2.79937e+06	3.25658e+06	56791.2	208.095	49.4254
0.11976	0	2.72422e+06	1.91446e+06	68410.6	359.506	34.7251
