0	0	0	0	56000.9	198.747	51.108
0.00024	0	0	0	56001	198.747	51.1079
0.00048	0	0	0	56001	198.748	51.1079
0.00072	0	0	0	56001	198.748	51.1078
0.00096	0	0	0	56001	198.748	51.1078
0.0012	0	0	0	56001	198.748	51.1078
0.00144	0	0	0	56001	198.748	51.1077
0.00168	0	0	0	56001.1	198.749	51.1077
0.00192	0	0	0	56001.1	198.749	51.1077
0.00216	0	0	0	56001.1	198.749	51.1076
0.0024	0	0	0	56001.1	198.749	51.1076
0.00264	0	0	0	56001.1	198.749	51.1075
0.00288	0	0	0	56001.2	198.75	51.1075
0.00312	0	0	0	56001.2	198.75	51.1074
0.00336	0	0	0	56001.2	198.75	51.1074
0.0036	0	0	0	56001.2	198.75	51.1073
0.00384	0	0	0	56001.2	198.751	51.1073
0.00408	0	0	0	56001.3	198.751	51.1072
0.00432	0	0	0	56001.3	198.751	51.1072
0.00456	0	0	0	56001.3	198.752	51.1071
0.0048	0	0	0	56001.3	198.752	51.1071
0.00504	0	0	0	56001.4	198.752	51.107
0.00528	0	0	0	56001.4	198.752	51.107
0.00552	0	0	0	56001.4	198.753	51.1069
0.00576	0	0	0	56001.4	198.753	51.1068
0.006	0	0	0	56001.5	198.753	51.1068
0.00624	0	0	0	56001.5	198.754	51.1067
0.00648	0	0	0	56001.5	198.754	51.1066
0.00672	0	0	0	56001.6	198.754	51.1066
0.00696	0	0	0	56001.6	198.755	51.1065
0.0072	0	0	0	56001.6	198.755	51.1064
0.00744	0	0	0	56001.7	198.756	51.1063
0.00768	0	0	0	56001.7	198.756	51.1063
0.00792	0	0	0	56001.7	198.757	51.1062
0.00816	0	0	0	56001.8	198.757	51.1061
0.0084	0	0	0	56001.8	198.757	51.106
0.00864	0	0	0	56001.9	198.758	51.1059
0.00888	0	0	0	56001.9	198.758	51.1058
0.00912	0	0	0	56001.9	198.759	51.1057
0.00936	0	0	0	56002	198.759	51.1056
0.0096	0	0	0	56002	198.76	51.1055
0.00984	0	1	0	56002.1	198.76	51.1054
0.01008	0	0	0	56002.1	198.761	51.1053
0.01032	0	0	0	56002.2	198.761	51.1052
0.01056	0	0	0	56002.2	198.762	51.1051
0.0108	0	0	0	56002.3	198.763	51.105
0.01104	0	1	0	56002.3	198.763	51.1049
0.01128	0	0	0	56002.3	198.764	51.1048
0.01152	0	2	0	56002.4	198.764	51.1047
0.01176	0	0	0	56002.4	198.765	51.1046
0.012	0	0	0	56002.5	198.765	51.1045
0.01224	0	0	0	56002.6	198.766	51.1043
0.01248	0	0	0	56002.6	198.767	51.1042
0.01272	0	3	0	56002.7	198.768	51.104
0.01296	0	0	2	56002.8	198.769	51.1039
0.0132	0	0	0	56002.9	198.769	51.1037
0.01344	0	0	0	56002.9	198.77	51.1035
0.01368	0	1	1	56003	198.771	51.1034
0.01392	0	1	0	56003.1	198.772	51.1032
0.01416	0	0	0	56003.2	198.773	51.103
0.0144	0	0	0	56003.3	198.774	51.1028
0.01464	0	0	0	56003.4	198.775	51.1026
0.01488	0	3	0	56003.4	198.776	51.1024
0.01512	0	2	0	56003.5	198.777	51.1022
0.01536	0	1	0	56003.6	198.779	51.102
0.0156	0	0	1	56003.7	198.78	51.1018
0.01584	0	0	0	56003.8	198.781	51.1015
0.01608	0	1	0	56003.9	198.782	51.1013
0.01632	0	1	1	56004.1	198.783	51.101
0.01656	0	5	1	56004.2	198.785	51.1008
0.0168	0	1	0	56004.3	198.786	51.1005
0.01704	0	3	0	56004.4	198.788	51.1002
0.01728	0	0	1	56004.5	198.789	51.1
0.01752	0	0	1	56004.7	198.791	51.0997
0.01776	0	5	2	56004.8	198.792	51.0994
0.018	0	4	1	56004.9	198.794	51.0991
0.01824	0	3	0	56005.1	198.795	51.0988
0.01848	0	4	0	56005.2	198.797	51.0984
0.01872	0	1	3	56005.4	198.799	51.0981
0.01896	0	8	1	56005.5	198.801	51.0978
0.0192	0	4	2	56005.7	198.803	51.0973
0.01944	0	3	1	56005.9	198.805	51.0969
0.01968	0	2	2	56006.1	198.808	51.0964
0.01992	0	4	3	56006.4	198.81	51.0959
0.02016	0	4	1	56006.6	198.813	51.0954
0.0204	0	3	4	56006.8	198.816	51.0949
0.02064	0	3	0	56007.1	198.819	51.0943
0.02088	0	4	0	56007.3	198.821	51.0938
0.02112	0	6	0	56007.6	198.824	51.0933
0.02136	0	7	0	56007.8	198.827	51.0927
0.0216	0	7	2	56008.1	198.83	51.0922
0.02184	0	6	0	56008.3	198.833	51.0916
0.02208	0	8	0	56008.6	198.836	51.091
0.02232	0	9	4	56008.9	198.839	51.0904
0.02256	0	7	2	56009.2	198.844	51.0896
0.0228	0	6	3	56009.6	198.848	51.0888
0.02304	0	7	1	56009.9	198.852	51.088
0.02328	0	8	1	56010.3	198.856	51.0871
0.02352	0	5	7	56010.8	198.861	51.0862
0.02376	0	19	2	56011.2	198.866	51.0852
0.024	0	13	3	56011.6	198.871	51.0843
0.02424	0	11	5	56012.1	198.877	51.0833
0.02448	0	13	3	56012.5	198.882	51.0822
0.02472	0	16	4	56013	198.888	51.0812
0.02496	0	17	2	56013.5	198.894	51.08
0.0252	0	14	4	56014.1	198.9	51.0788
0.02544	0	15	6	56014.6	198.907	51.0776
0.02568	0	13	0	56015.2	198.913	51.0763
0.02592	0	17	4	56015.8	198.92	51.075
0.02616	0	24	3	56016.4	198.927	51.0736
0.0264	0	24	4	56017	198.934	51.0723
0.02664	0	25	3	56017.7	198.941	51.0709
0.02688	0	27	4	56018.3	198.949	51.0694
0.02712	0	35	4	56019	198.958	51.0678
0.02736	0	30	5	56019.7	198.966	51.0663
0.0276	0	26	5	56020.6	198.975	51.0645
0.02784	0	33	4	56021.5	198.986	51.0625
0.02808	0	36	4	56022.4	198.996	51.0605
0.02832	0	27	8	56023.3	199.007	51.0584
0.02856	0	37	9	56024.4	199.019	51.0561
0.0288	0	44	5	56025.4	199.032	51.0537
0.02904	0	52	9	56026.5	199.044	51.0514
0.02928	0	51	3	56027.6	199.057	51.0489
0.02952	0	42	6	56028.7	199.07	51.0464
0.02976	0	54	9	56029.9	199.083	51.0439
0.03	0	69	5	56031	199.097	51.0414
0.03024	0	77	8	56032.4	199.113	51.0383
0.03048	0	65	9	56033.8	199.129	51.0353
0.03072	0	74	9	56035.1	199.145	51.0322
0.03096	0	80	12	56036.7	199.162	51.0288
0.0312	0	75	11	56038.4	199.182	51.025
0.03144	0	71	5	56040.1	199.202	51.0213
0.03168	0	102	7	56041.8	199.222	51.0175
0.03192	0	88	7	56043.7	199.244	51.0134
0.03216	0	99	8	56045.5	199.265	51.0093
0.0324	0	119	11	56047.4	199.287	51.0052
0.03264	0	131	8	56049.2	199.308	51.0011
0.03288	0	139	7	56051	199.33	50.9971
0.03312	0	145	7	56052.9	199.351	50.9931
0.03336	0	160	6	56054.7	199.372	50.989
0.0336	0	154	11	56056.4	199.392	50.9853
0.03384	0	193	9	56058	199.411	50.9817
0.03408	0	207	11	56059.7	199.43	50.9781
0.03432	0	250	7	56061.3	199.449	50.9744
0.03456	0	227	6	56062.9	199.468	50.9709
0.0348	0	229	10	56064.5	199.486	50.9674
0.03504	0	233	7	56066.1	199.505	50.9639
0.03528	0	279	6	56067.5	199.521	50.9609
0.03552	0	282	12	56068.6	199.535	50.9583
0.03576	0	335	4	56069.8	199.549	50.9557
0.036	1	349	10	56071	199.562	50.953
0.03624	1	354	7	56071	199.563	50.953
0.03648	1	400	6	56071	199.563	50.953
0.03672	5	445	10	56071.1	199.563	50.953
0.03696	7	467	6	56070.2	199.553	50.9548
0.0372	6	481	10	56068.3	199.53	50.9591
0.03744	2	516	1	56066.3	199.508	50.9634
0.03768	11	582	4	56064.4	199.485	50.9677
0.03792	16	610	4	56059.8	199.431	50.9779
0.03816	25	649	1	56054.7	199.372	50.989
0.0384	38	743	2	56049.7	199.314	51.0001
0.03864	41	755	6	56043.5	199.242	51.0138
0.03888	63	786	2	56034.4	199.136	51.0338
0.03912	53	901	3	56025.3	199.031	51.0539
0.03936	101	1080	1	56016.3	198.926	51.0739
0.0396	119	944	5	56004.3	198.786	51.1006
0.03984	165	1087	1	55991.1	198.633	51.1299
0.04008	201	1061	3	55977.9	198.479	51.1592
0.04032	219	1340	7	55964.2	198.321	51.1895
0.04056	272	1204	1	55948.1	198.134	51.2256
0.0408	294	1299	0	55931.9	197.947	51.2617
0.04104	352	1437	2	55915.7	197.76	51.2979
0.04128	477	1456	6	55898.9	197.565	51.3355
0.04152	569	1608	3	55881.6	197.366	51.3743
0.04176	597	1608	5	55864.4	197.166	51.4131
0.042	744	1668	2	55847.1	196.967	51.452
0.04224	911	1803	3	55831.3	196.785	51.4878
0.04248	1022	1888	1	55815.4	196.602	51.5235
0.04272	1074	1827	8	55799.6	196.42	51.5594
0.04296	1245	2042	9	55785.3	196.256	51.5918
0.0432	1304	1948	7	55773.1	196.115	51.6195
0.04344	1396	1982	6	55760.9	195.975	51.6473
0.04368	1540	2100	1	55748.6	195.835	51.6751
0.04392	1699	2173	3	55741.9	195.757	51.6906
0.04416	1847	2149	3	55736	195.689	51.704
0.0444	2104	2276	2	55730.1	195.622	51.7174
0.04464	2210	2227	2	55726.5	195.581	51.7256
0.04488	2328	2127	4	55728.6	195.605	51.7208
0.04512	2407	2209	2	55730.7	195.629	51.716
0.04536	2432	2265	1	55732.8	195.653	51.7112
0.0456	2535	2115	3	55740.5	195.742	51.6936
0.04584	2632	2130	0	55750.5	195.856	51.6709
0.04608	2649	2077	5	55760.4	195.97	51.6483
0.04632	2719	2034	2	55771.3	196.095	51.6235
0.04656	2786	1857	3	55787.8	196.284	51.5862
0.0468	2863	1866	5	55804.2	196.473	51.549
0.04704	2805	1858	1	55820.6	196.662	51.5119
0.04728	2836	1856	3	55839.1	196.875	51.4701
0.04752	2803	1672	3	55859.2	197.107	51.4248
0.04776	2840	1579	1	55879.3	197.338	51.3796
0.048	2702	1563	1	55899.3	197.57	51.3346
0.04824	2658	1438	1	55919.4	197.803	51.2895
0.04848	2565	1369	2	55939.5	198.035	51.2446
0.04872	2568	1287	2	55959.7	198.268	51.1997
0.04896	2309	1160	1	55978.3	198.484	51.1583
0.0492	2181	1021	0	55995	198.678	51.1212
0.04944	2115	1002	2	56011.6	198.871	51.0842
0.04968	2036	878	2	56028.3	199.065	51.0473
0.04992	1786	863	1	56041.1	199.214	51.0191
0.05016	1678	724	2	56053.2	199.355	50.9923
0.0504	1676	654	4	56065.3	199.496	50.9656
0.05064	1475	592	4	56076.1	199.621	50.9419
0.05088	1366	545	4	56083.5	199.708	50.9256
0.05112	1287	455	0	56090.9	199.794	50.9092
0.05136	1154	479	2	56098.4	199.881	50.8929
0.0516	1094	363	2	56102.6	199.931	50.8836
0.05184	938	319	3	56105.6	199.966	50.877
0.05208	807	268	0	56108.6	200.001	50.8704
0.05232	713	256	2	56111.1	200.029	50.865
0.05256	626	212	3	56110.3	200.021	50.8666
0.0528	572	171	4	56109.6	200.012	50.8682
0.05304	462	159	2	56108.9	200.004	50.8698
0.05328	445	105	1	56106.7	199.979	50.8746
0.05352	344	87	0	56103.5	199.941	50.8817
0.05376	283	67	4	56100.2	199.903	50.8888
0.054	245	75	1	56097	199.865	50.896
0.05424	183	55	0	56092.5	199.812	50.9059
0.05448	146	33	4	56088	199.76	50.9157
0.05472	123	28	2	56083.5	199.707	50.9256
0.05496	98	29	2	56078.9	199.655	50.9356
0.0552	77	26	1	56074.4	199.602	50.9456
0.05544	60	16	6	56069.9	199.549	50.9556
0.05568	53	8	3	56065.3	199.496	50.9656
0.05592	36	6	3	56061.4	199.45	50.9743
0.05616	30	4	1	56057.5	199.405	50.9828
0.0564	20	4	1	56053.7	199.36	50.9913
0.05664	18	1	1	56050.1	199.318	50.9992
0.05688	12	4	0	56047	199.283	51.0059
0.05712	9	4	2	56044	199.248	51.0126
0.05736	7	1	1	56041	199.213	51.0193
0.0576	9	0	0	56038.5	199.183	51.0249
0.05784	5	1	0	56036.2	199.157	51.03
0.05808	2	0	0	56033.9	199.13	51.035
0.05832	2	0	0	56031.6	199.104	51.0399
0.05856	0	0	0	56029.9	199.084	51.0437
0.0588	0	0	0	56028.2	199.064	51.0475
0.05904	0	0	0	56026.5	199.044	51.0513
0.05928	0	0	0	56025	199.027	51.0545
0.05952	0	0	0	56023.8	199.013	51.0573
0.05976	0	0	0	56022.5	198.998	51.0601
0.06	0	0	0	56021.2	198.983	51.063
0.06024	0	0	0	56020.3	198.972	51.065
0.06048	0	0	0	56019.4	198.961	51.0671
0.06072	0	0	0	56018.4	198.95	51.0692
0.06096	0	0	0	56017.6	198.941	51.0711
0.0612	0	0	0	56016.9	198.932	51.0726
0.06144	0	0	0	56016.2	198.924	51.0742
0.06168	0	0	0	56015.5	198.916	51.0758
0.06192	0	0	0	56014.9	198.909	51.077
0.06216	0	0	0	56014.3	198.903	51.0782
0.0624	0	0	0	56013.8	198.897	51.0795
0.06264	0	0	0	56013.3	198.891	51.0806
0.06288	0	0	0	56012.9	198.886	51.0815
0.06312	0	0	0	56012.4	198.881	51.0825
0.06336	0	0	0	56012	198.876	51.0834
0.0636	0	0	0	56011.6	198.872	51.0842
0.06384	0	0	0	56011.3	198.868	51.085
0.06408	0	0	0	56011	198.864	51.0857
0.06432	0	0	0	56010.6	198.86	51.0864
0.06456	0	0	0	56010.4	198.857	51.087
0.0648	0	0	0	56010.1	198.854	51.0876
0.06504	0	0	0	56009.8	198.851	51.0882
0.06528	0	0	0	56009.6	198.848	51.0887
0.06552	0	0	0	56009.4	198.846	51.0892
0.06576	0	0	0	56009.2	198.843	51.0896
0.066	0	0	0	56009	198.841	51.0901
0.06624	0	0	0	56008.8	198.839	51.0904
0.06648	0	0	0	56008.7	198.837	51.0908
0.06672	0	0	0	56008.5	198.835	51.0911
0.06696	0	0	0	56008.4	198.834	51.0914
0.0672	0	0	0	56008.3	198.832	51.0917
0.06744	0	0	0	56008.1	198.831	51.092
0.06768	0	0	0	56008	198.83	51.0922
0.06792	0	0	0	56007.9	198.829	51.0924
0.06816	0	0	0	56007.9	198.828	51.0926
0.0684	0	0	0	56007.8	198.827	51.0928
0.06864	0	0	0	56007.7	198.826	51.093
0.06888	0	0	0	56007.6	198.825	51.0931
0.06912	0	0	0	56007.6	198.824	51.0932
0.06936	0	3	0	56007.5	198.824	51.0933
0.0696	0	0	0	56007.5	198.823	51.0934
0.06984	0	0	0	56007.5	198.823	51.0935
0.07008	0	0	0	56007.4	198.823	51.0935
0.07032	0	0	0	56007.4	198.823	51.0936
0.07056	0	0	0	56007.4	198.823	51.0935
0.0708	0	0	0	56007.5	198.823	51.0935
0.07104	0	0	0	56007.5	198.823	51.0934
0.07128	0	0	0	56007.5	198.824	51.0933
0.07152	0	0	0	56007.6	198.824	51.0932
0.07176	0	0	0	56007.6	198.825	51.0931
0.072	0	1	0	56007.7	198.825	51.093
0.07224	0	1	0	56007.7	198.826	51.0929
0.07248	0	1	0	56007.8	198.827	51.0928
0.07272	0	2	1	56007.8	198.827	51.0926
0.07296	0	3	0	56007.9	198.828	51.0925
0.0732	0	1	0	56008	198.829	51.0923
0.07344	0	2	0	56008.1	198.83	51.0922
0.07368	0	4	0	56008.1	198.831	51.092
0.07392	0	2	0	56008.3	198.832	51.0917
0.07416	0	4	0	56008.4	198.834	51.0914
0.0744	0	0	1	56008.5	198.835	51.0911
0.07464	0	1	0	56008.7	198.837	51.0908
0.07488	0	2	1	56008.9	198.839	51.0904
0.07512	0	4	1	56009.1	198.841	51.09
0.07536	0	1	0	56009.2	198.844	51.0895
0.0756	0	3	1	56009.4	198.846	51.0891
0.07584	0	4	0	56009.6	198.848	51.0886
0.07608	0	7	2	56009.8	198.851	51.0882
0.07632	0	10	0	56010.1	198.853	51.0877
0.07656	0	1	0	56010.3	198.856	51.0872
0.0768	0	7	1	56010.5	198.859	51.0867
0.07704	0	4	1	56010.8	198.862	51.0861
0.07728	0	3	1	56011	198.865	51.0856
0.07752	0	7	0	56011.3	198.868	51.0849
0.07776	0	14	1	56011.6	198.871	51.0843
0.078	0	6	1	56011.9	198.874	51.0837
0.07824	0	10	3	56012.2	198.878	51.083
0.07848	0	17	1	56012.5	198.882	51.0823
0.07872	0	13	2	56012.8	198.886	51.0816
0.07896	0	14	2	56013.2	198.89	51.0807
0.0792	0	10	3	56013.7	198.896	51.0796
0.07944	0	14	3	56014.2	198.901	51.0786
0.07968	0	13	6	56014.7	198.907	51.0775
0.07992	0	8	7	56015.3	198.914	51.0762
0.08016	0	13	1	56015.9	198.921	51.0748
0.0804	0	11	4	56016.5	198.928	51.0734
0.08064	0	23	4	56017.1	198.936	51.072
0.08088	0	25	3	56017.8	198.943	51.0705
0.08112	0	23	6	56018.5	198.951	51.0691
0.08136	0	18	5	56019.1	198.959	51.0676
0.0816	0	32	3	56019.9	198.967	51.066
0.08184	0	22	5	56020.6	198.976	51.0644
0.08208	0	34	6	56021.3	198.984	51.0628
0.08232	0	30	3	56022.1	198.993	51.0611
0.08256	0	35	6	56022.9	199.002	51.0594
0.0828	0	29	6	56023.6	199.011	51.0576
0.08304	0	46	6	56024.4	199.02	51.0559
0.08328	0	52	6	56025.3	199.03	51.054
0.08352	0	57	7	56026.2	199.041	51.0519
0.08376	0	50	7	56027.2	199.052	51.0498
0.084	0	56	6	56028.1	199.063	51.0478
0.08424	0	39	6	56029.2	199.076	51.0453
0.08448	0	52	5	56030.4	199.089	51.0428
0.08472	0	52	10	56031.5	199.102	51.0403
0.08496	0	91	8	56032.7	199.117	51.0376
0.0852	0	72	6	56034	199.132	51.0347
0.08544	0	83	11	56035.4	199.147	51.0317
0.08568	0	85	10	56036.7	199.163	51.0288
0.08592	0	88	8	56038.1	199.179	51.0257
0.08616	0	83	16	56039.6	199.196	51.0224
0.0864	0	99	9	56041	199.213	51.0192
0.08664	0	118	11	56042.5	199.23	51.0159
0.08688	0	137	11	56044.1	199.249	51.0125
0.08712	0	132	11	56045.6	199.267	51.009
0.08736	0	121	10	56047.2	199.285	51.0056
0.0876	1	143	9	56048.7	199.303	51.0022
0.08784	0	152	11	56050.2	199.32	50.9989
0.08808	0	163	8	56051.7	199.337	50.9956
0.08832	0	203	12	56053.1	199.354	50.9925
0.08856	0	176	5	56054.3	199.367	50.99
0.0888	3	206	12	56055.4	199.38	50.9875
0.08904	1	226	6	56056.5	199.393	50.985
0.08928	3	254	4	56057.3	199.403	50.9832
0.08952	6	306	6	56057.9	199.41	50.9818
0.08976	8	278	8	56058.6	199.417	50.9805
0.09	1	272	8	56059.2	199.425	50.9791
0.09024	3	310	9	56059.1	199.424	50.9793
0.09048	5	316	10	56059	199.423	50.9795
0.09072	4	405	7	56058.9	199.422	50.9797
0.09096	6	402	5	56058.4	199.415	50.9809
0.0912	4	398	7	56057.2	199.401	50.9836
0.09144	3	398	7	56056	199.387	50.9862
0.09168	10	455	3	56054.8	199.373	50.9888
0.09192	13	486	9	56051.6	199.336	50.9958
0.09216	19	515	10	56048.1	199.296	51.0036
0.0924	28	561	16	56044.6	199.255	51.0113
0.09264	29	616	9	56040	199.202	51.0214
0.09288	45	714	6	56032.8	199.118	51.0373
0.09312	44	748	0	56025.6	199.034	51.0533
0.09336	77	810	5	56018.4	198.95	51.0692
0.0936	84	830	3	56008.8	198.838	51.0906
0.09384	113	905	9	55998.1	198.715	51.1142
0.09408	140	933	2	55987.5	198.591	51.1378
0.09432	177	973	7	55976.5	198.464	51.1622
0.09456	212	1063	4	55963.6	198.314	51.191
0.0948	243	1016	3	55950.6	198.164	51.2198
0.09504	335	1169	5	55937.7	198.014	51.2487
0.09528	381	1211	7	55923.2	197.847	51.2811
0.09552	410	1256	6	55907.6	197.666	51.316
0.09576	515	1384	5	55892	197.485	51.351
0.096	566	1469	1	55876.4	197.305	51.3861
0.09624	610	1409	3	55859.6	197.111	51.4239
0.09648	722	1546	2	55842.7	196.917	51.4619
0.09672	802	1661	6	55825.9	196.723	51.4999
0.09696	894	1693	3	55810.6	196.546	51.5345
0.0972	1079	1723	8	55797.2	196.393	51.5648
0.09744	1213	1743	5	55783.9	196.239	51.5951
0.09768	1331	1804	6	55770.5	196.086	51.6254
0.09792	1449	1886	10	55764.2	196.013	51.6398
0.09816	1573	1770	4	55759	195.954	51.6516
0.0984	1814	1941	7	55753.8	195.894	51.6634
0.09864	1905	1841	8	55751.7	195.869	51.6682
0.09888	1970	1843	3	55757.1	195.932	51.6559
0.09912	2116	1886	5	55762.5	195.994	51.6435
0.09936	2191	1765	9	55768	196.057	51.6311
0.0996	2404	1803	6	55780.2	196.197	51.6034
0.09984	2404	1783	16	55795.1	196.368	51.5696
0.10008	2509	1773	7	55810	196.539	51.5359
0.10032	2475	1693	15	55825.7	196.721	51.5003
0.10056	2530	1476	6	55846.6	196.961	51.4532
0.1008	2577	1540	9	55867.4	197.202	51.4062
0.10104	2451	1563	7	55888.3	197.443	51.3593
0.10128	2463	1317	7	55910.3	197.697	51.31
0.10152	2391	1254	6	55933.1	197.961	51.259
0.10176	2384	1204	7	55955.9	198.225	51.2081
0.102	2265	1111	5	55978.7	198.489	51.1573
0.10224	2194	1034	14	55997.9	198.712	51.1148
0.10248	2052	911	13	56017	198.934	51.0723
0.10272	1823	943	12	56036.2	199.157	51.03
0.10296	1727	847	9	56052.5	199.347	50.9938
0.1032	1574	745	13	56065.2	199.494	50.9659
0.10344	1506	673	16	56077.8	199.642	50.9381
0.10368	1366	607	14	56090.5	199.789	50.9102
0.10392	1229	504	10	56098.2	199.879	50.8933
0.10416	1078	464	9	56105.1	199.959	50.8782
0.1044	982	430	15	56111.9	200.04	50.8631
0.10464	880	425	15	56117.3	200.103	50.8513
0.10488	771	409	13	56119	200.122	50.8476
0.10512	729	344	16	56120.7	200.141	50.844
0.10536	582	373	6	56122.3	200.161	50.8404
0.1056	547	300	10	56121.5	200.151	50.8422
0.10584	434	286	15	56119.6	200.129	50.8464
0.10608	404	294	14	56117.7	200.107	50.8505
0.10632	354	274	8	56115.5	200.082	50.8552
0.10656	355	240	12	56111.5	200.034	50.8641
0.1068	239	289	9	56107.5	199.987	50.8729
0.10704	221	285	14	56103.4	199.94	50.8818
0.10728	201	279	10	56098.6	199.885	50.8923
0.10752	165	269	11	56093.3	199.822	50.904
0.10776	125	269	7	56087.9	199.76	50.9158
0.108	128	280	3	56082.6	199.697	50.9276
0.10824	130	321	3	56076.6	199.628	50.9407
0.10848	130	306	10	56070.7	199.559	50.9537
0.10872	103	331	5	56064.8	199.49	50.9668
0.10896	93	334	8	56058.6	199.418	50.9804
0.1092	106	381	4	56052.2	199.343	50.9946
0.10944	121	362	14	56045.7	199.268	51.0088
0.10968	96	384	14	56039.3	199.193	51.0231
0.10992	120	434	7	56032.2	199.11	51.0388
0.11016	135	460	4	56025	199.027	51.0547
0.1104	150	430	9	56017.8	198.943	51.0706
0.11064	146	512	2	56010.5	198.858	51.0867
0.11088	195	558	0	56003	198.771	51.1034
0.11112	209	552	5	55995.5	198.684	51.12
0.11136	243	533	5	55988	198.597	51.1366
0.1116	252	648	2	55981.1	198.516	51.1521
0.11184	306	581	4	55974.3	198.438	51.1671
0.11208	327	607	3	55967.6	198.36	51.1821
0.11232	388	656	1	55961.1	198.285	51.1966
0.11256	407	671	4	55955.9	198.225	51.208
0.1128	496	706	2	55950.8	198.166	51.2194
0.11304	527	727	2	55945.7	198.107	51.2308
0.11328	542	724	4	55941.9	198.062	51.2394
0.11352	568	695	3	55939	198.029	51.2459
0.11376	615	682	9	55936	197.995	51.2524
0.114	676	730	4	55933.1	197.961	51.259
0.11424	704	771	4	55932.8	197.957	51.2597
0.11448	760	783	1	55932.5	197.953	51.2604
0.11472	767	779	5	55932.2	197.95	51.2611
0.11496	824	756	6	55933.2	197.962	51.2587
0.1152	925	823	5	55936.2	197.996	51.2522
0.11544	923	689	3	55939.1	198.03	51.2456
0.11568	934	729	6	55942	198.064	51.239
0.11592	976	755	4	55947.5	198.127	51.2269
0.11616	941	739	1	55953.3	198.195	51.2139
0.1164	1023	635	3	55959.1	198.262	51.2009
0.11664	917	654	2	55965.5	198.336	51.1867
0.11688	973	619	2	55973.2	198.425	51.1697
0.11712	971	567	6	55980.8	198.514	51.1526
0.11736	876	568	5	55988.5	198.603	51.1355
0.1176	945	546	3	55997.1	198.703	51.1164
0.11784	871	518	3	56006.2	198.808	51.0964
0.11808	881	488	10	56015.2	198.913	51.0764
0.11832	899	439	6	56024.2	199.018	51.0564
0.11856	815	417	5	56033.3	199.124	51.0362
0.1188	797	365	6	56042.5	199.23	51.016
0.11904	748	375	2	56051.6	199.337	50.9958
0.11928	712	309	5	56059.8	199.432	50.9777
0.11952	613	322	9	56067.3	199.519	50.9613
0.11976	0	269	7	56074.8	199.606	50.9448
