0	0	0	0	56539.7	205.082	49.9458
0.00024	0	0	0	56544.2	205.136	49.9364
0.00048	0	0	0	56548.6	205.189	49.927
0.00072	0	0	0	56553.1	205.243	49.9176
0.00096	0	0	0	56557.7	205.297	49.9081
0.0012	0	0	0	56562.4	205.353	49.8983
0.00144	0	0	0	56567	205.409	49.8885
0.00168	0	0	0	56571.7	205.464	49.8787
0.00192	0	0	0	56576.6	205.522	49.8686
0.00216	0	0	0	56581.4	205.58	49.8584
0.0024	0	0	0	56586.3	205.639	49.8482
0.00264	0	0	0	56591.3	205.698	49.8379
0.00288	0	0	0	56596.4	205.758	49.8273
0.00312	0	0	0	56601.5	205.819	49.8167
0.00336	0	0	0	56606.5	205.88	49.8061
0.0036	0	0	0	56611.8	205.943	49.7952
0.00384	0	0	0	56617.1	206.006	49.7841
0.00408	0	0	0	56622.4	206.07	49.773
0.00432	0	0	0	56627.8	206.134	49.7619
0.00456	0	0	0	56633.3	206.2	49.7504
0.0048	0	0	0	56638.9	206.267	49.7389
0.00504	0	0	0	56644.5	206.333	49.7273
0.00528	0	0	0	56650.2	206.401	49.7155
0.00552	0	0	0	56656	206.471	49.7035
0.00576	0	0	0	56661.8	206.54	49.6914
0.006	0	0	0	56667.6	206.61	49.6794
0.00624	0	0	0	56673.7	206.683	49.6668
0.00648	0	0	0	56679.8	206.756	49.6543
0.00672	0	0	0	56685.8	206.829	49.6417
0.00696	0	0	0	56692	206.903	49.6289
0.0072	0	0	0	56698.4	206.979	49.6158
0.00744	0	0	0	56704.8	207.056	49.6026
0.00768	0	0	0	56711.1	207.132	49.5895
0.00792	0	0	0	56717.8	207.212	49.5759
0.00816	0	0	0	56724.4	207.292	49.5622
0.0084	0	0	0	56731.1	207.372	49.5485
0.00864	0	0	0	56737.9	207.453	49.5346
0.00888	0	0	0	56744.9	207.537	49.5202
0.00912	0	0	0	56751.9	207.621	49.5059
0.00936	0	0	0	56758.9	207.705	49.4915
0.0096	0	0	0	56766.1	207.793	49.4767
0.00984	0	1	0	56773.4	207.881	49.4617
0.01008	0	0	0	56780.8	207.969	49.4467
0.01032	0	0	0	56788.2	208.058	49.4316
0.01056	0	0	0	56795.9	208.151	49.4158
0.0108	0	0	0	56803.6	208.244	49.4001
0.01104	0	1	0	56811.3	208.337	49.3844
0.01128	0	0	0	56819.2	208.432	49.3683
0.01152	0	2	0	56827.3	208.53	49.3518
0.01176	0	0	0	56835.4	208.628	49.3353
0.012	0	0	0	56843.5	208.725	49.3189
0.01224	0	0	0	56852	208.828	49.3016
0.01248	0	0	0	56860.5	208.931	49.2843
0.01272	0	3	0	56869	209.034	49.2671
0.01296	0	0	2	56877.7	209.14	49.2494
0.0132	0	0	0	56886.7	209.248	49.2313
0.01344	0	0	0	56895.7	209.357	49.2132
0.01368	0	1	1	56904.7	209.465	49.1951
0.01392	0	1	0	56914	209.579	49.1761
0.01416	0	0	0	56923.5	209.693	49.1571
0.0144	0	0	0	56932.9	209.808	49.1381
0.01464	0	0	0	56942.5	209.924	49.1188
0.01488	0	3	0	56952.5	210.045	49.0988
0.01512	0	2	0	56962.5	210.166	49.0788
0.01536	0	1	0	56972.4	210.287	49.0588
0.0156	0	0	1	56982.8	210.413	49.0381
0.01584	0	0	0	56993.3	210.541	49.0171
0.01608	0	1	0	57003.8	210.669	48.996
0.01632	0	1	1	57014.4	210.798	48.9749
0.01656	0	5	1	57025.5	210.933	48.9527
0.0168	0	1	0	57036.7	211.068	48.9306
0.01704	0	3	0	57047.8	211.208	48.9122
0.01728	0	0	1	57059.3	211.356	48.8956
0.01752	0	0	1	57071	211.507	48.8786
0.01776	0	5	2	57082.8	211.657	48.8615
0.018	0	4	1	57094.5	211.808	48.8446
0.01824	0	3	0	57107	211.968	48.8266
0.01848	0	4	0	57119.4	212.128	48.8086
0.01872	0	1	3	57131.8	212.288	48.7907
0.01896	0	8	1	57144.6	212.453	48.7723
0.0192	0	4	2	57157.8	212.622	48.7533
0.01944	0	3	1	57171	212.792	48.7343
0.01968	0	2	2	57184.2	212.962	48.7154
0.01992	0	4	3	57198.1	213.142	48.6955
0.02016	0	4	1	57212.1	213.322	48.6754
0.0204	0	3	4	57226.2	213.503	48.6553
0.02064	0	3	0	57240.4	213.687	48.635
0.02088	0	4	0	57255.3	213.879	48.6137
0.02112	0	6	0	57270.2	214.071	48.5925
0.02136	0	7	0	57285.1	214.263	48.5713
0.0216	0	7	2	57300.6	214.464	48.5492
0.02184	0	6	0	57316.4	214.669	48.5268
0.02208	0	8	0	57332.3	214.873	48.5043
0.02232	0	9	4	57348.2	215.08	48.4817
0.02256	0	7	2	57365.1	215.298	48.4578
0.0228	0	6	3	57382	215.517	48.434
0.02304	0	7	1	57398.9	215.735	48.4102
0.02328	0	8	1	57416.4	215.962	48.3855
0.02352	0	5	7	57434.4	216.196	48.3602
0.02376	0	19	2	57452.4	216.429	48.3349
0.024	0	13	3	57470.5	216.663	48.3097
0.02424	0	11	5	57489.7	216.913	48.2828
0.02448	0	13	3	57508.9	217.162	48.2559
0.02472	0	16	4	57528.2	217.412	48.2291
0.02496	0	17	2	57548	217.67	48.2015
0.0252	0	14	4	57568.5	217.938	48.1729
0.02544	0	15	6	57589.1	218.205	48.1444
0.02568	0	13	0	57609.7	218.473	48.1158
0.02592	0	17	4	57631.5	218.758	48.0857
0.02616	0	24	3	57653.6	219.045	48.0553
0.0264	0	24	4	57675.6	219.332	48.0249
0.02664	0	25	3	57698.1	219.626	47.994
0.02688	0	27	4	57721.7	219.934	47.9616
0.02712	0	35	4	57745.4	220.243	47.9292
0.02736	0	30	5	57769	220.552	47.8969
0.0276	0	26	5	57793.9	220.878	47.8629
0.02784	0	33	4	57819.4	221.211	47.8283
0.02808	0	36	4	57844.8	221.544	47.7937
0.02832	0	27	8	57870.5	221.881	47.7588
0.02856	0	37	9	57897.9	222.24	47.7218
0.0288	0	44	5	57925.3	222.6	47.6848
0.02904	0	52	9	57952.7	222.96	47.6479
0.02928	0	51	3	57981.3	223.336	47.6095
0.02952	0	42	6	58010.9	223.724	47.57
0.02976	0	54	9	58040.4	224.112	47.5306
0.03	0	69	5	58069.9	224.501	47.4912
0.03024	0	77	8	58101.8	224.921	47.4488
0.03048	0	65	9	58133.7	225.342	47.4065
0.03072	0	74	9	58165.7	225.763	47.3643
0.03096	0	80	12	58198.7	226.2	47.3207
0.0312	0	75	11	58233.4	226.658	47.2752
0.03144	0	71	5	58268	227.116	47.2298
0.03168	0	102	7	58302.6	227.574	47.1846
0.03192	0	88	7	58339.7	228.065	47.1363
0.03216	0	99	8	58377.2	228.563	47.0875
0.0324	0	119	11	58414.7	229.061	47.039
0.03264	0	131	8	58453.2	229.571	46.9894
0.03288	0	139	7	58493.8	230.112	46.9371
0.03312	0	145	7	58534.5	230.653	46.885
0.03336	0	160	6	58575.2	231.195	46.833
0.0336	0	154	11	58618.4	231.771	46.7781
0.03384	0	193	9	58662.6	232.36	46.7221
0.03408	0	207	11	58706.7	232.95	46.6664
0.03432	0	250	7	58751.5	233.549	46.6101
0.03456	0	227	6	58799.7	234.174	46.5377
0.0348	0	229	10	58847.9	234.778	46.4537
0.03504	0	233	7	58896.2	235.383	46.3699
0.03528	0	279	6	58947	236.02	46.2818
0.03552	0	282	12	58999.7	236.681	46.1905
0.03576	0	335	4	59052.4	237.343	46.0994
0.036	0	349	10	59105.1	238.004	46.0085
0.03624	0	355	7	59162.7	238.727	45.9094
0.03648	0	401	6	59220.3	239.449	45.8106
0.03672	0	445	10	59277.9	240.172	45.7119
0.03696	0	469	6	59337.9	240.924	45.6095
0.0372	0	485	11	59400.9	241.714	45.5021
0.03744	0	519	1	59464	242.505	45.3949
0.03768	0	586	4	59527	243.295	45.288
0.03792	0	614	5	59595.1	244.149	45.1728
0.03816	0	656	1	59664.1	245.014	45.0564
0.0384	0	759	2	59733.1	245.878	44.9404
0.03864	0	770	8	59803.9	246.766	44.8216
0.03888	0	801	4	59879.4	247.711	44.6953
0.03912	0	924	5	59954.9	248.657	44.5695
0.03936	0	1115	3	60030.3	249.601	44.444
0.0396	0	999	7	60111.1	250.612	44.3101
0.03984	0	1139	2	60194	251.648	44.1732
0.04008	0	1156	13	60276.9	252.684	44.0367
0.04032	0	1438	13	60361	253.735	43.8987
0.04056	0	1322	3	60452.4	254.877	43.7491
0.0408	0	1439	4	60543.9	256.033	43.612
0.04104	0	1604	8	60635.4	257.215	43.496
0.04128	0	1683	8	60732	258.467	43.3744
0.04152	0	1915	5	60832.6	259.773	43.2488
0.04176	0	1918	8	60933.1	261.082	43.1243
0.042	0	2100	8	61033.6	262.394	43.0007
0.04224	0	2332	5	61143.9	263.838	42.8663
0.04248	0	2548	10	61254.2	265.285	42.733
0.04272	0	2575	11	61364.5	266.737	42.6009
0.04296	0	2937	12	61479.4	268.252	42.4646
0.0432	0	3063	9	61600.3	269.853	42.3223
0.04344	0	3211	8	61721.3	271.459	42.1814
0.04368	0	3578	5	61842.3	273.069	42.0419
0.04392	0	3945	7	61973.2	274.817	41.8924
0.04416	0	4016	5	62105.7	276.592	41.7426
0.0444	0	4338	5	62238.3	278.373	41.5944
0.04464	0	4811	5	62374.5	280.244	41.4094
0.04488	0	4856	10	62519.6	282.238	41.212
0.04512	0	5403	5	62664.7	284.229	41.0162
0.04536	0	6017	2	62809.7	286.216	40.8221
0.0456	0	6148	6	62963.7	288.322	40.6178
0.04584	0	6692	4	63121.3	290.471	40.4107
0.04608	0	7341	6	63278.8	292.616	40.2055
0.04632	0	7734	6	63438.2	294.781	39.9997
0.04656	0	8222	7	63608.7	297.09	39.7817
0.0468	0	8766	6	63779.2	299.392	39.5659
0.04704	0	9729	2	63949.7	301.687	39.3521
0.04728	0	10273	4	64126.3	303.931	39.1639
0.04752	0	10993	5	64307.6	306.199	38.9799
0.04776	0	11907	2	64488.9	308.458	38.7984
0.048	0	12528	4	64670.2	310.708	38.6195
0.04824	0	13714	1	64861.9	313.078	38.433
0.04848	0	14630	6	65053.6	315.436	38.2493
0.04872	0	15864	4	65245.3	317.782	38.0684
0.04896	0	16831	4	65441	320.164	37.8865
0.0492	0	17698	0	65641.9	322.596	37.7028
0.04944	0	18864	5	65842.8	325.047	37.512
0.04968	0	20213	5	66043.7	327.535	37.3143
0.04992	0	22027	2	66248.4	330.095	37.1105
0.05016	0	23404	4	66453.7	332.688	36.9036
0.0504	0	24646	8	66659.1	335.306	36.6945
0.05064	0	26778	8	66864.2	337.947	36.4835
0.05088	0	28279	4	67068.7	340.606	36.2708
0.05112	0	30159	3	67273.1	343.291	36.0561
0.05136	0	32355	3	67477.6	346.03	35.8341
0.0516	0	34354	2	67674.3	348.846	35.5917
0.05184	0	36456	4	67867.9	351.63	35.3577
0.05208	0	39191	3	68061.4	354.427	35.1281
0.05232	0	41219	2	68252.3	357.199	34.906
0.05256	0	44021	5	68427.3	359.75	34.7062
0.0528	0	46541	4	68602.2	362.311	34.5099
0.05304	0	49216	2	68777.1	364.884	34.317
0.05328	0	53047	3	68930.6	367.151	34.1505
0.05352	0	55863	0	69068.2	369.188	34.0036
0.05376	0	58695	4	69205.7	371.214	33.8672
0.054	0	62472	1	69343.2	373.143	33.7763
0.05424	0	65554	2	69435.6	374.435	33.7151
0.05448	0	69303	4	69527.9	375.724	33.6539
0.05472	0	73421	4	69620.3	377.009	33.5926
0.05496	0	75970	2	69688.3	377.954	33.5474
0.0552	0	80896	3	69723.9	378.448	33.5238
0.05544	0	84637	6	69759.5	378.942	33.5001
0.05568	0	88976	4	69795.2	379.435	33.4764
0.05592	0	92578	4	69767	379.045	33.4951
0.05616	0	96615	3	69728.1	378.507	33.521
0.0564	0	101507	2	69689.3	377.968	33.5468
0.05664	0	105052	4	69628.1	377.118	33.5874
0.05688	0	110401	4	69511	375.488	33.6651
0.05712	0	115073	3	69393.9	373.853	33.7427
0.05736	0	118765	5	69276.9	372.213	33.8202
0.0576	0	122404	1	69097.8	369.627	33.9722
0.05784	0	126748	0	68893.9	366.608	34.1901
0.05808	0	132393	4	68690.1	363.602	34.4126
0.05832	0	134526	4	68476.5	360.47	34.6506
0.05856	0	138883	1	68205	356.511	34.9607
0.0588	0	143577	5	67933.5	352.577	35.2793
0.05904	0	146907	2	67662	348.669	35.6067
0.05928	0	149950	0	67353	344.347	35.9717
0.05952	0	152521	7	67015.8	339.916	36.326
0.05976	0	155570	3	66678.6	335.557	36.6745
0.06	0	158538	2	66341.4	331.267	37.017
0.06024	0	161595	8	65961.1	326.51	37.3959
0.06048	0	164518	3	65580.7	321.857	37.7584
0.06072	0	167606	4	65200.4	317.233	38.1106
0.06096	0	169185	3	64810.5	312.444	38.4827
0.0612	0	170865	3	64408.1	307.452	38.879
0.06144	0	173779	3	64005.6	302.416	39.2879
0.06168	0	176172	2	63603.2	297.015	39.7888
0.06192	0	176680	1	63191.4	291.427	40.3191
0.06216	0	176155	2	62778.1	285.783	40.8643
0.0624	0	178524	2	62364.8	280.111	41.4226
0.06264	0	178618	5	61955.2	274.576	41.9128
0.06288	0	179836	5	61554.9	269.251	42.3756
0.06312	0	180605	2	61154.6	263.977	42.8534
0.06336	0	181994	2	60754.2	258.755	43.3466
0.0636	0	181188	2	60351.9	253.622	43.9136
0.06384	1	181899	7	59948.7	248.579	44.5797
0.06408	2	184010	4	59545.5	243.527	45.2566
0.06432	0	183959	3	59144	238.492	45.9416
0.06456	2	181704	2	58752.4	233.561	46.6089
0.0648	3	183703	2	58360.9	228.347	47.1087
0.06504	5	183778	13	57969.4	223.178	47.6256
0.06528	14	182810	8	57579.6	218.081	48.1576
0.06552	10	181803	6	57191.1	213.051	48.7056
0.06576	19	182614	4	56802.5	208.232	49.4022
0.066	10	180780	6	56414	203.591	50.211
0.06624	17	179894	2	56045.5	199.265	51.0093
0.06648	22	181746	6	55677	195.014	51.839
0.06672	25	178126	86	55308.4	190.835	52.7012
0.06696	40	177965	184	54958.2	186.937	53.4355
0.0672	42	175647	521	54632.3	183.31	54.1104
0.06744	62	176924	973	54306.4	179.686	54.7771
0.06768	78	174088	2094	53980.5	176.068	55.4353
0.06792	89	172001	2659	53685	172.795	56.0242
0.06816	131	172442	3343	53394.6	169.498	56.5512
0.0684	150	172867	4023	53104.2	166.157	57.0654
0.06864	183	173295	5573	52830.7	163.025	57.5692
0.06888	244	170667	8375	52599.7	160.39	58.01
0.06912	325	172285	11132	52368.7	157.766	58.4651
0.06936	368	171976	14297	52137.7	155.155	58.9347
0.0696	551	172139	15825	51946.6	153.005	59.3343
0.06984	714	171783	19352	51771.4	151.084	59.7561
0.07008	859	175339	21728	51596.3	149.233	60.264
0.07032	1073	177369	25467	51431.2	147.487	60.7497
0.07056	1350	177575	32078	51326.3	146.377	61.0618
0.0708	1521	178810	33340	51221.4	145.266	61.3766
0.07104	1768	182038	37743	51116.5	144.156	61.6942
0.07128	2282	181311	44578	51046.9	143.419	61.9065
0.07152	2624	185221	47164	51003.8	142.963	62.0386
0.07176	3061	187821	48817	50960.7	142.506	62.1712
0.072	3783	189410	57294	50917.6	142.05	62.3043
0.07224	4226	192720	61206	50919.5	142.071	62.2983
0.07248	4999	195998	64833	50921.5	142.091	62.2923
0.07272	5590	201020	69750	50923.4	142.112	62.2863
0.07296	6497	204608	76041	50939.5	142.283	62.2365
0.0732	7006	209139	80843	50974.6	142.653	62.1285
0.07344	8225	216121	84800	51009.6	143.024	62.0208
0.07368	9101	219542	90153	51044.7	143.395	61.9134
0.07392	10262	223626	99312	51106	144.044	61.7263
0.07416	11295	229086	102645	51171.7	144.74	61.5269
0.0744	12649	235549	109734	51237.4	145.435	61.3286
0.07464	14081	242110	116547	51317.2	146.28	61.0891
0.07488	15520	247251	123159	51432.3	147.498	60.7466
0.07512	17051	255116	130696	51547.4	148.715	60.4073
0.07536	18602	261507	137166	51662.5	149.932	60.0713
0.0756	20493	268545	143070	51800.9	151.396	59.6712
0.07584	21910	274827	150325	51948.8	153.03	59.3295
0.07608	24394	283436	155252	52096.6	154.693	59.0196
0.07632	25910	292815	163756	52251.6	156.441	58.7013
0.07656	28199	301556	172070	52448.9	158.676	58.3054
0.0768	30249	309357	177476	52646.3	160.92	57.92
0.07704	32707	319278	185532	52843.7	163.173	57.5449
0.07728	35295	329156	198206	53084.5	165.931	57.101
0.07752	37905	338367	205437	53357.8	169.074	56.6151
0.07776	40436	350453	211509	53631.2	172.2	56.1306
0.078	43219	361527	222211	53904.5	175.227	55.5873
0.07824	45881	373891	240857	54253.6	179.1	54.8842
0.07848	48883	388919	245848	54602.7	182.981	54.1712
0.07872	52103	403283	257208	54951.7	186.865	53.4489
0.07896	55218	422022	274265	55286.2	190.587	52.7487
0.0792	59307	437316	284517	55601.1	194.148	52.0138
0.07944	64053	454974	289755	55916.1	197.764	51.2971
0.07968	68461	478367	301015	56231	201.433	50.6037
0.07992	73206	499858	320535	56349.8	202.832	50.3479
0.08016	78276	521749	323319	56435.9	203.85	50.1645
0.0804	83869	548084	330705	56522.1	204.873	49.9827
0.08064	89688	574644	349339	56509.2	204.72	50.0097
0.08088	95725	603773	366944	56249	201.644	50.5647
0.08112	102152	625855	365630	55988.7	198.605	51.1351
0.08136	106306	652632	380279	55728.5	195.603	51.7212
0.0816	111089	686236	411901	55204.4	189.677	52.9207
0.08184	117242	704121	410919	54574.8	182.671	54.2286
0.08208	123260	728845	414447	53945.1	175.677	55.5061
0.08232	128952	760239	442836	53274.4	168.114	56.7614
0.08256	134006	791926	476996	52356.8	157.632	58.4889
0.0828	139866	806718	455829	51439.2	147.572	60.7259
0.08304	145783	832697	470955	50521.7	137.863	63.549
0.08328	148134	866059	521759	49545.4	126.726	66.0357
0.08352	150529	881649	529091	48525.2	115.841	68.9044
0.08376	154654	895017	520561	47504.9	109.372	75.2958
0.084	157029	922449	561921	46484.7	102.686	83.3285
0.08424	155617	954590	647973	45677.3	94.4416	88.6466
0.08448	155900	951379	586758	44869.9	86.1143	92.8131
0.08472	156656	964127	603664	44062.5	79.5663	94.4545
0.08496	155549	982822	687063	43450.7	74.513	95.164
0.0852	156443	988836	714767	43099.6	71.4519	95.3852
0.08544	155216	990277	658825	42748.6	67.7965	95.7868
0.08568	154610	1.0107e+06	708984	42397.6	64.2766	96.3954
0.08592	153430	1.04041e+06	872019	42393.2	64.2333	96.4044
0.08616	153057	1.02779e+06	730386	42446.6	64.7596	96.2979
0.0864	151737	1.03305e+06	723727	42500	65.2889	96.1964
0.08664	151474	1.06782e+06	843131	42634.8	66.6404	95.9613
0.08688	151525	1.08558e+06	920327	42973.4	70.1218	95.506
0.08712	151747	1.07419e+06	754076	43312	73.3633	95.2593
0.08736	151734	1.08684e+06	812055	43650.6	76.1695	94.9838
0.0876	150426	1.11299e+06	1.01623e+06	44103.3	79.9017	94.3905
0.08784	150464	1.10139e+06	873107	44601.6	83.9606	93.4455
0.08808	151552	1.1045e+06	806434	45099.9	88.4433	91.7887
0.08832	152980	1.13321e+06	931374	45569.2	93.3226	89.2798
0.08856	154334	1.16463e+06	1.09087e+06	45864.3	96.3707	87.5049
0.0888	157834	1.1646e+06	844351	46159.3	99.3932	85.5896
0.08904	161609	1.19656e+06	874875	46454.4	102.382	83.5449
0.08928	164353	1.24908e+06	1.09169e+06	46443.3	102.269	83.6244
0.08952	167829	1.25401e+06	1.01739e+06	46202.5	99.8321	85.2987
0.08976	171415	1.26316e+06	863594	45961.6	97.3713	86.8878
0.09	173903	1.29402e+06	973079	45720.8	94.8916	88.3859
0.09024	174644	1.34817e+06	1.22423e+06	45124.3	88.6975	91.6683
0.09048	176231	1.31402e+06	895459	44527.8	83.3636	93.6045
0.09072	177453	1.31894e+06	911145	43931.3	78.4871	94.6461
0.09096	178798	1.35558e+06	1.13443e+06	43394.1	74.0443	95.2058
0.0912	179754	1.35099e+06	1.12679e+06	42936.1	69.7323	95.5467
0.09144	180882	1.3334e+06	942081	42478.2	65.0724	96.2373
0.09168	180834	1.3381e+06	1.03188e+06	42020.2	60.6412	97.2853
0.09192	180515	1.38197e+06	1.26772e+06	41843	58.9872	97.7891
0.09216	180893	1.3543e+06	1.05577e+06	41712.6	57.7914	98.1956
0.0924	180706	1.35473e+06	1.00793e+06	41582.2	56.6135	98.6329
0.09264	181066	1.37984e+06	1.14858e+06	41491.4	55.8045	98.9554
0.09288	180079	1.40749e+06	1.30778e+06	41499.9	55.8794	98.9247
0.09312	180290	1.38967e+06	1.03782e+06	41508.3	55.9544	98.8942
0.09336	180044	1.40264e+06	1.07873e+06	41516.8	56.0295	98.8638
0.0936	180180	1.44832e+06	1.37376e+06	41478.7	55.6916	99.0019
0.09384	180995	1.43568e+06	1.18067e+06	41422	55.2001	99.2246
0.09408	179885	1.44068e+06	1.05834e+06	41365.3	54.7787	99.5478
0.09432	179985	1.46511e+06	1.20469e+06	41303.9	54.3276	99.9075
0.09456	179831	1.51116e+06	1.48742e+06	41213.7	53.6766	100.453
0.0948	179221	1.48782e+06	1.1166e+06	41123.6	53.038	101.019
0.09504	177848	1.49885e+06	1.1508e+06	41033.4	52.4116	101.608
0.09528	178653	1.5458e+06	1.47421e+06	40978.5	52.0361	101.976
0.09552	177015	1.54624e+06	1.37656e+06	40950.1	51.8433	102.171
0.09576	176293	1.54698e+06	1.17687e+06	40921.7	51.6517	102.367
0.096	175431	1.56975e+06	1.33915e+06	40893.2	51.4612	102.566
0.09624	175175	1.63683e+06	1.61797e+06	40869.9	51.3059	102.731
0.09648	173986	1.60745e+06	1.31916e+06	40846.6	51.1513	102.897
0.09672	174213	1.62588e+06	1.29445e+06	40823.3	50.9975	103.065
0.09696	173215	1.6753e+06	1.54717e+06	40774.3	50.6768	103.422
0.0972	171960	1.69204e+06	1.58006e+06	40691.1	50.1396	104.044
0.09744	171185	1.69079e+06	1.3811e+06	40607.9	49.6119	104.687
0.09768	170247	1.71373e+06	1.47e+06	40524.6	49.0933	105.35
0.09792	169974	1.78306e+06	1.77057e+06	40331.8	47.9264	106.965
0.09816	168516	1.75726e+06	1.49557e+06	40120.7	46.7022	108.865
0.0984	166174	1.77552e+06	1.45736e+06	39909.7	45.5311	110.909
0.09864	165696	1.82683e+06	1.62371e+06	39707.4	44.4563	113.009
0.09888	164312	1.85782e+06	1.86454e+06	39527	43.6008	115.001
0.09912	163820	1.84484e+06	1.50362e+06	39346.6	42.7516	117.046
0.09936	163464	1.88553e+06	1.61353e+06	39166.2	41.9029	119.143
0.0996	162098	1.96451e+06	2.05723e+06	39127.5	41.721	119.599
0.09984	162152	1.95469e+06	1.78596e+06	39145.5	41.8057	119.387
0.10008	163388	1.96864e+06	1.61824e+06	39163.5	41.8904	119.174
0.10032	162595	2.02976e+06	1.90456e+06	39222.5	42.1677	118.482
0.10056	163352	2.11104e+06	2.14737e+06	39527.2	43.602	114.998
0.1008	164247	2.08292e+06	1.84155e+06	39832	45.1129	111.699
0.10104	166039	2.11375e+06	1.89224e+06	40136.7	46.7928	108.716
0.10128	168289	2.2049e+06	2.18742e+06	40669.5	50.0022	104.209
0.10152	172290	2.20842e+06	2.18071e+06	41373.5	54.8389	99.5009
0.10176	176489	2.20849e+06	1.95892e+06	42077.4	61.1824	97.1345
0.102	181994	2.2733e+06	2.09984e+06	42781.3	68.1312	95.7407
0.10224	187064	2.3913e+06	2.75723e+06	43285	73.1392	95.275
0.10248	190986	2.34909e+06	2.04516e+06	43788.7	77.3111	94.8299
0.10272	192637	2.4135e+06	2.01732e+06	44292.4	81.4496	94.0675
0.10296	195453	2.54015e+06	2.46615e+06	44749.8	85.1537	93.1066
0.1032	198380	2.57097e+06	2.48091e+06	45145.5	88.9188	91.5625
0.10344	202665	2.56687e+06	2.21444e+06	45541.2	93.0331	89.4402
0.10368	207570	2.61281e+06	2.4731e+06	45936.9	97.1179	87.0457
0.10392	211766	2.74682e+06	2.9391e+06	46591.5	103.755	82.5546
0.10416	212396	2.71858e+06	2.52942e+06	47289.1	108.102	76.9127
0.1044	212496	2.75156e+06	2.3607e+06	47986.7	112.158	71.9134
0.10464	213221	2.85831e+06	2.76548e+06	48568.1	116.264	68.7614
0.10488	215336	2.93175e+06	3.23644e+06	48858.7	119.211	67.8456
0.10512	216774	2.89717e+06	2.50892e+06	49149.3	122.293	67.0203
0.10536	218387	2.95206e+06	2.62884e+06	49439.9	125.518	66.2824
0.1056	216264	3.07614e+06	2.98307e+06	49616.6	127.551	65.8754
0.10584	213229	3.02322e+06	2.74754e+06	49747.7	129.097	65.5934
0.10608	209121	3.01849e+06	2.60216e+06	49878.8	130.675	65.328
0.10632	201009	3.09684e+06	2.88925e+06	50041.6	132.68	65.0215
0.10656	191970	3.21117e+06	3.78078e+06	50394.5	136.521	63.9575
0.1068	180160	3.13647e+06	2.77778e+06	50747.5	140.25	62.8341
0.10704	166548	3.14642e+06	2.86299e+06	51100.4	143.985	61.7433
0.10728	151966	3.2468e+06	3.28787e+06	51342.7	146.55	61.0129
0.10752	134817	3.18955e+06	3.14046e+06	51502	148.235	60.5407
0.10776	118258	3.12528e+06	2.71521e+06	51661.2	149.92	60.0748
0.108	100158	3.15231e+06	2.95107e+06	51820.5	151.603	59.6149
0.10824	83967	3.30724e+06	3.94406e+06	51397.1	147.126	60.8508
0.10848	67744	3.16895e+06	2.88086e+06	50973.7	142.645	62.131
0.10872	52912	3.17443e+06	2.8847e+06	50550.4	138.167	63.4574
0.10896	40139	3.25034e+06	3.14926e+06	49938.8	131.409	65.212
0.1092	29691	3.22403e+06	3.39047e+06	49076.5	121.508	67.2187
0.10944	21641	3.13217e+06	2.78168e+06	48214.2	113.447	70.4195
0.10968	14735	3.15317e+06	3.08774e+06	47351.8	108.473	76.436
0.10992	9663	3.28515e+06	3.58163e+06	46382.4	101.656	84.0554
0.11016	6003	3.14608e+06	2.99613e+06	45395.1	91.5163	90.2568
0.1104	3774	3.11842e+06	2.79124e+06	44407.9	82.3903	93.8488
0.11064	2194	3.18322e+06	3.0029e+06	43323.3	73.4565	95.2525
0.11088	1211	3.20466e+06	3.78076e+06	41995.4	60.4074	97.3526
0.11112	587	3.06291e+06	2.81373e+06	40667.4	49.9887	104.225
0.11136	270	3.04086e+06	2.84865e+06	39339.5	42.7185	117.126
0.1116	153	3.14249e+06	3.16366e+06	37762.8	35.3349	137.422
0.11184	73	3.00545e+06	2.9283e+06	36086.5	26.221	158.336
0.11208	102	2.91174e+06	2.58725e+06	34410.2	16.8846	169.785
0.11232	139	2.9197e+06	2.83635e+06	32624.6	11.459	202.82
0.11256	303	2.97856e+06	3.55377e+06	30183.1	5.87014	266.66
0.1128	598	2.81139e+06	2.59165e+06	27741.5	2.501	360.705
0.11304	1309	2.79607e+06	2.55196e+06	25300	0.877439	492.591
0.11328	2522	2.8604e+06	2.82046e+06	22712.4	0.175272	703.12
0.11352	4358	2.75515e+06	2.70039e+06	20015.2	3.23397e-06	1089.97
0.11376	5603	2.64037e+06	2.36346e+06	17318	0	1775.46
0.114	7579	2.64372e+06	2.4542e+06	14620.8	0	3936.53
0.11424	24822	2.74536e+06	2.95676e+06	15607.6	0	2691.98
0.11448	89167	2.57104e+06	2.34395e+06	16594.4	0	2068.04
0.11472	277688	2.52497e+06	2.17498e+06	17581.1	0	1684.92
0.11496	618850	2.56816e+06	2.335e+06	21385.1	0.302425	865.616
0.1152	1.06535e+06	2.52633e+06	2.19766e+06	28945.4	3.77885	309.636
0.11544	1.42095e+06	2.42702e+06	1.64848e+06	36505.6	28.7019	154.111
0.11568	1.7152e+06	2.44468e+06	1.53101e+06	44065.9	79.5941	94.4493
0.11592	1.92776e+06	2.5335e+06	1.70293e+06	52761.4	162.233	57.6999
0.11616	1.98899e+06	2.38295e+06	1.43005e+06	61646.2	270.462	42.2687
0.1164	1.95297e+06	2.2753e+06	1.19641e+06	70531	389.498	32.9846
0.11664	1.68352e+06	2.19814e+06	1.36125e+06	77300.4	491.73	28.2259
0.11688	1.26697e+06	2.0239e+06	1.51644e+06	78781.1	514.726	26.5454
0.11712	860619	1.73638e+06	1.09933e+06	80261.8	534.834	25.7382
0.11736	514804	1.60403e+06	1.07457e+06	81742.5	557.685	25.7345
0.1176	279023	1.59759e+06	1.41882e+06	77083	487.972	28.4268
0.11784	137617	1.53622e+06	1.02513e+06	69967.2	381.809	33.3617
0.11808	61837	1.58746e+06	869232	62851.5	286.788	40.7665
0.11832	25237	1.73655e+06	1.12371e+06	55838.1	196.863	51.4724
0.11856	9672	1.9215e+06	1.70319e+06	49438.1	125.497	66.2868
0.1188	3413	2.14571e+06	1.51833e+06	43038.1	70.8015	95.4408
0.11904	1124	2.43024e+06	1.98381e+06	36638.2	29.431	152.459
0.11928	339	2.64524e+06	2.72099e+06	37695.5	35.0032	138.365
0.11952	84	2.64721e+06	3.09813e+06	44345.7	81.8845	93.9685
0.11976	0	2.31426e+06	1.89387e+06	50996	142.88	62.0626
