0	0	0	0	56392.8	203.339	50.2563
0.00024	0	0	0	56396.2	203.38	50.2489
0.00048	0	0	0	56399.6	203.42	50.2416
0.00072	0	0	0	56403.1	203.461	50.2343
0.00096	0	0	0	56406.6	203.502	50.2269
0.0012	0	0	0	56410.2	203.545	50.2192
0.00144	0	0	0	56413.8	203.587	50.2116
0.00168	0	0	0	56417.3	203.63	50.204
0.00192	0	0	0	56421.1	203.674	50.196
0.00216	0	0	0	56424.8	203.719	50.1881
0.0024	0	0	0	56428.6	203.763	50.1801
0.00264	0	0	0	56432.4	203.808	50.172
0.00288	0	0	0	56436.3	203.855	50.1637
0.00312	0	0	0	56440.2	203.901	50.1554
0.00336	0	0	0	56444.2	203.948	50.1471
0.0036	0	0	0	56448.2	203.996	50.1385
0.00384	0	0	0	56452.3	204.045	50.1298
0.00408	0	0	0	56456.5	204.094	50.1211
0.00432	0	0	0	56460.6	204.143	50.1123
0.00456	0	0	0	56464.9	204.194	50.1032
0.0048	0	0	0	56469.2	204.245	50.0941
0.00504	0	0	0	56473.5	204.296	50.085
0.00528	0	0	0	56477.9	204.348	50.0757
0.00552	0	0	0	56482.5	204.402	50.0662
0.00576	0	0	0	56487	204.456	50.0566
0.006	0	0	0	56491.5	204.509	50.0471
0.00624	0	0	0	56496.2	204.566	50.0371
0.00648	0	0	0	56501	204.622	50.0272
0.00672	0	0	0	56505.7	204.678	50.0172
0.00696	0	0	0	56510.5	204.736	50.007
0.0072	0	0	0	56515.5	204.795	49.9966
0.00744	0	0	0	56520.5	204.854	49.9861
0.00768	0	0	0	56525.4	204.913	49.9757
0.00792	0	0	0	56530.6	204.975	49.9648
0.00816	0	0	0	56535.8	205.037	49.9539
0.0084	0	0	0	56541.1	205.099	49.9429
0.00864	0	0	0	56546.4	205.162	49.9318
0.00888	0	0	0	56551.8	205.227	49.9203
0.00912	0	0	0	56557.3	205.293	49.9088
0.00936	0	0	0	56562.8	205.358	49.8973
0.0096	0	0	0	56568.5	205.426	49.8855
0.00984	0	1	0	56574.3	205.495	49.8734
0.01008	0	0	0	56580.1	205.564	49.8613
0.01032	0	0	0	56585.9	205.633	49.8492
0.01056	0	0	0	56591.9	205.706	49.8365
0.0108	0	0	0	56598	205.778	49.8239
0.01104	0	1	0	56604.1	205.851	49.8112
0.01128	0	0	0	56610.4	205.925	49.7982
0.01152	0	2	0	56616.8	206.002	49.7848
0.01176	0	0	0	56623.2	206.078	49.7715
0.012	0	0	0	56629.6	206.155	49.7582
0.01224	0	0	0	56636.3	206.236	49.7442
0.01248	0	0	0	56643.1	206.317	49.7302
0.01272	0	3	0	56649.8	206.397	49.7162
0.01296	0	0	2	56656.8	206.48	49.7018
0.0132	0	0	0	56663.9	206.566	49.6871
0.01344	0	0	0	56671	206.651	49.6723
0.01368	0	1	1	56678.2	206.737	49.6575
0.01392	0	1	0	56685.7	206.826	49.6421
0.01416	0	0	0	56693.2	206.917	49.6265
0.0144	0	0	0	56700.7	207.007	49.611
0.01464	0	0	0	56708.4	207.099	49.5952
0.01488	0	3	0	56716.4	207.195	49.5788
0.01512	0	2	0	56724.3	207.291	49.5624
0.01536	0	1	0	56732.3	207.386	49.546
0.0156	0	0	1	56740.6	207.486	49.5289
0.01584	0	0	0	56749.1	207.588	49.5116
0.01608	0	1	0	56757.5	207.689	49.4943
0.01632	0	1	1	56766	207.792	49.4768
0.01656	0	5	1	56775	207.9	49.4585
0.0168	0	1	0	56783.9	208.007	49.4402
0.01704	0	3	0	56792.9	208.115	49.4219
0.01728	0	0	1	56802.2	208.227	49.403
0.01752	0	0	1	56811.7	208.341	49.3836
0.01776	0	5	2	56821.1	208.456	49.3643
0.018	0	4	1	56830.6	208.57	49.345
0.01824	0	3	0	56840.7	208.692	49.3245
0.01848	0	4	0	56850.8	208.814	49.304
0.01872	0	1	3	56860.9	208.936	49.2835
0.01896	0	8	1	56871.3	209.061	49.2625
0.0192	0	4	2	56882	209.191	49.2408
0.01944	0	3	1	56892.8	209.321	49.2191
0.01968	0	2	2	56903.5	209.451	49.1974
0.01992	0	4	3	56914.9	209.589	49.1745
0.02016	0	4	1	56926.3	209.728	49.1514
0.0204	0	3	4	56937.8	209.866	49.1284
0.02064	0	3	0	56949.4	210.008	49.1049
0.02088	0	4	0	56961.6	210.156	49.0805
0.02112	0	6	0	56973.8	210.304	49.056
0.02136	0	7	0	56986	210.452	49.0316
0.0216	0	7	2	56998.8	210.608	49.006
0.02184	0	6	0	57011.8	210.766	48.9801
0.02208	0	8	0	57024.9	210.925	48.9541
0.02232	0	9	4	57038	211.085	48.9279
0.02256	0	7	2	57052	211.262	48.9062
0.0228	0	6	3	57065.9	211.441	48.8859
0.02304	0	7	1	57079.9	211.62	48.8657
0.02328	0	8	1	57094.4	211.807	48.8448
0.02352	0	5	7	57109.3	211.999	48.8232
0.02376	0	19	2	57124.3	212.191	48.8016
0.024	0	13	3	57139.2	212.383	48.7801
0.02424	0	11	5	57155.2	212.589	48.757
0.02448	0	13	3	57171.2	212.795	48.734
0.02472	0	16	4	57187.3	213.002	48.711
0.02496	0	17	2	57203.8	213.215	48.6873
0.0252	0	14	4	57221	213.437	48.6627
0.02544	0	15	6	57238.2	213.659	48.6381
0.02568	0	13	0	57255.5	213.881	48.6135
0.02592	0	17	4	57273.8	214.117	48.5874
0.02616	0	24	3	57292.3	214.356	48.5611
0.0264	0	24	4	57310.8	214.596	48.5348
0.02664	0	25	3	57329.7	214.84	48.5079
0.02688	0	27	4	57349.7	215.098	48.4797
0.02712	0	35	4	57369.6	215.356	48.4515
0.02736	0	30	5	57389.6	215.614	48.4234
0.0276	0	26	5	57410.7	215.888	48.3936
0.02784	0	33	4	57432.3	216.168	48.3633
0.02808	0	36	4	57453.8	216.447	48.333
0.02832	0	27	8	57475.7	216.731	48.3024
0.02856	0	37	9	57499	217.034	48.2697
0.0288	0	44	5	57522.4	217.338	48.2371
0.02904	0	52	9	57545.8	217.641	48.2046
0.02928	0	51	3	57570.2	217.959	48.1706
0.02952	0	42	6	57595.5	218.288	48.1355
0.02976	0	54	9	57620.8	218.617	48.1005
0.03	0	69	5	57646.1	218.947	48.0656
0.03024	0	77	8	57673.5	219.305	48.0277
0.03048	0	65	9	57701	219.664	47.9899
0.03072	0	74	9	57728.5	220.023	47.9522
0.03096	0	80	12	57757.1	220.396	47.9131
0.0312	0	75	11	57787.1	220.788	47.8722
0.03144	0	71	5	57817.1	221.181	47.8314
0.03168	0	102	7	57847.1	221.574	47.7906
0.03192	0	88	7	57879.4	221.997	47.7469
0.03216	0	99	8	57912	222.425	47.7027
0.0324	0	119	11	57944.7	222.854	47.6587
0.03264	0	131	8	57978.2	223.295	47.6137
0.03288	0	139	7	58013.9	223.763	47.566
0.03312	0	145	7	58049.5	224.232	47.5184
0.03336	0	160	6	58085.1	224.701	47.471
0.0336	0	154	11	58123	225.201	47.4207
0.03384	0	193	9	58161.9	225.714	47.3692
0.03408	0	207	11	58200.8	226.228	47.318
0.03432	0	250	7	58240.2	226.749	47.2661
0.03456	0	227	6	58283	227.314	47.2102
0.0348	0	229	10	58325.7	227.88	47.1545
0.03504	0	233	7	58368.4	228.446	47.0989
0.03528	0	279	6	58413.6	229.046	47.0405
0.03552	0	282	12	58460.6	229.67	46.9798
0.03576	0	335	4	58507.6	230.295	46.9194
0.036	0	349	10	58554.6	230.921	46.8593
0.03624	0	355	7	58606.3	231.61	46.7935
0.03648	0	401	6	58658	232.299	46.7279
0.03672	0	445	10	58709.7	232.99	46.6627
0.03696	0	469	6	58763.6	233.711	46.5949
0.0372	0	485	11	58820.5	234.434	46.5015
0.03744	0	519	1	58877.4	235.148	46.4024
0.03768	0	586	4	58934.4	235.862	46.3036
0.03792	0	614	5	58996.2	236.638	46.1965
0.03816	0	656	1	59058.9	237.424	46.0883
0.0384	0	759	2	59121.5	238.21	45.9803
0.03864	0	770	8	59186	239.018	45.8695
0.03888	0	801	4	59255	239.884	45.7512
0.03912	0	924	5	59323.9	240.749	45.6333
0.03936	0	1115	3	59392.9	241.614	45.5157
0.0396	0	999	7	59467.1	242.544	45.3896
0.03984	0	1139	2	59543.3	243.5	45.2603
0.04008	0	1156	13	59619.6	244.456	45.1315
0.04032	0	1438	13	59697.1	245.427	45.0009
0.04056	0	1322	3	59781.9	246.49	44.8585
0.0408	0	1439	4	59866.7	247.552	44.7165
0.04104	0	1604	8	59951.5	248.614	44.5751
0.04128	0	1683	8	60041.5	249.741	44.4255
0.04152	0	1915	5	60135.3	250.915	44.2701
0.04176	0	1918	8	60229.2	252.088	44.1152
0.042	0	2100	8	60323	253.261	43.9609
0.04224	0	2332	5	60426.7	254.556	43.7912
0.04248	0	2548	10	60530.3	255.858	43.6293
0.04272	0	2575	11	60634	257.197	43.4978
0.04296	0	2937	12	60742.2	258.6	43.3616
0.0432	0	3063	9	60856.7	260.086	43.2189
0.04344	0	3211	8	60971.1	261.577	43.0775
0.04368	0	3578	5	61085.5	263.073	42.9373
0.04392	0	3945	7	61210.1	264.706	42.7862
0.04416	0	4016	5	61336.4	266.366	42.6345
0.0444	0	4338	5	61462.6	268.031	42.4844
0.04464	0	4811	5	61592.6	269.75	42.3314
0.04488	0	4856	10	61731.7	271.597	42.1694
0.04512	0	5403	5	61870.8	273.45	42.0091
0.04536	0	6017	2	62010	275.309	41.8507
0.0456	0	6148	6	62158.3	277.297	41.6837
0.04584	0	6692	4	62310.2	279.36	41.4973
0.04608	0	7341	6	62462.2	281.45	41.2899
0.04632	0	7734	6	62616	283.562	41.0816
0.04656	0	8222	7	62781.4	285.828	40.8599
0.0468	0	8766	6	62946.8	288.09	40.6402
0.04704	0	9729	2	63112.2	290.347	40.4226
0.04728	0	10273	4	63283.9	292.685	40.1989
0.04752	0	10993	5	63460.4	295.082	39.9712
0.04776	0	11907	2	63636.9	297.471	39.7459
0.048	0	12528	4	63813.4	299.853	39.5228
0.04824	0	13714	1	64000.7	302.354	39.293
0.04848	0	14630	6	64188	304.704	39.101
0.04872	0	15864	4	64375.4	307.044	38.9117
0.04896	0	16831	4	64566.8	309.426	38.7212
0.0492	0	17698	0	64763.7	311.865	38.5282
0.04944	0	18864	5	64960.6	314.293	38.3381
0.04968	0	20213	5	65157.4	316.708	38.151
0.04992	0	22027	2	65358.1	319.157	37.9632
0.05016	0	23404	4	65559.4	321.599	37.7778
0.0504	0	24646	8	65760.7	324.038	37.5921
0.05064	0	26778	8	65961.6	326.516	37.3953
0.05088	0	28279	4	66161.6	329.006	37.1972
0.05112	0	30159	3	66361.5	331.52	36.9969
0.05136	0	32355	3	66561.4	334.057	36.7943
0.0516	0	34354	2	66752.5	336.505	36.5987
0.05184	0	36456	4	66940	338.93	36.4049
0.05208	0	39191	3	67127.5	341.376	36.2093
0.05232	0	41219	2	67312	343.804	36.0151
0.05256	0	44021	5	67478.5	346.043	35.833
0.0528	0	46541	4	67645	348.426	35.6275
0.05304	0	49216	2	67811.5	350.818	35.4253
0.05328	0	53047	3	67954.1	352.875	35.2549
0.05352	0	55863	0	68078.8	354.678	35.1078
0.05376	0	58695	4	68203.4	356.488	34.9625
0.054	0	62472	1	68328.1	358.302	34.8191
0.05424	0	65554	2	68402.1	359.383	34.7347
0.05448	0	69303	4	68476.2	360.465	34.651
0.05472	0	73421	4	68550.2	361.549	34.5679
0.05496	0	75970	2	68597	362.235	34.5157
0.0552	0	80896	3	68607.3	362.387	34.5042
0.05544	0	84637	6	68617.7	362.539	34.4927
0.05568	0	88976	4	68628.1	362.691	34.4812
0.05592	0	92578	4	68566.5	361.789	34.5496
0.05616	0	96615	3	68493	360.712	34.632
0.0564	0	101507	2	68419.6	359.637	34.715
0.05664	0	105052	4	68320.7	358.195	34.8275
0.05688	0	110401	4	68158.6	355.836	35.0146
0.05712	0	115073	3	67996.4	353.486	35.2048
0.05736	0	118765	5	67834.3	351.145	35.398
0.0576	0	122404	1	67601.3	347.799	35.6811
0.05784	0	126748	0	67340	344.175	35.9855
0.05808	0	132393	4	67078.7	340.737	36.2604
0.05832	0	134526	4	66806.1	337.197	36.5435
0.05856	0	138883	1	66465.7	332.84	36.8915
0.0588	0	143577	5	66125.4	328.554	37.2332
0.05904	0	146907	2	65785	324.336	37.5684
0.05928	0	149950	0	65399.6	319.661	37.9247
0.05952	1	152518	7	64980.5	314.537	38.319
0.05976	0	155568	2	64561.3	309.358	38.7266
0.06	1	158534	2	64142.2	304.13	39.1477
0.06024	4	161595	8	63666.8	297.875	39.7079
0.06048	9	164517	2	63191.4	291.427	40.3191
0.06072	3	167605	3	62716	284.933	40.9473
0.06096	5	169180	2	62225.3	278.197	41.6089
0.0612	32	170862	3	61714.1	271.362	42.1898
0.06144	29	173767	2	61202.8	264.61	42.795
0.06168	51	176161	1	60691.6	257.943	43.4251
0.06192	81	176660	0	60157.9	251.198	44.2327
0.06216	96	176120	2	59620.5	244.468	45.1299
0.0624	168	178467	2	59083.1	237.728	46.0464
0.06264	211	178547	1	58545.5	230.8	46.8709
0.06288	299	179746	1	58007.5	223.679	47.5745
0.06312	382	180474	0	57469.4	216.65	48.3111
0.06336	618	181781	1	56931.4	209.789	49.1412
0.0636	797	180901	1	56382	203.212	50.2792
0.06384	948	181544	0	55828.1	196.748	51.495
0.06408	1179	183556	3	55274.1	190.453	52.7741
0.06432	1514	183450	0	54721.3	184.301	53.9267
0.06456	1949	180969	0	54175.6	178.234	55.0423
0.0648	2358	182827	1	53629.8	172.184	56.1333
0.06504	2968	182846	6	53084	165.925	57.1019
0.06528	3674	181692	0	52546.4	159.783	58.1138
0.06552	4276	180466	1	52014.9	153.773	59.1902
0.06576	5193	180950	3	51483.4	148.039	60.5953
0.066	6030	178901	1	50952	142.414	62.1981
0.06624	7213	177820	1	50468.3	137.299	63.7201
0.06648	8161	179254	1	49984.5	131.972	65.1261
0.06672	9408	175301	85	49500.8	126.213	66.1386
0.06696	10548	174747	183	49051.4	121.239	67.2885
0.0672	11673	172367	521	48647.6	117.058	68.5015
0.06744	12900	173336	972	48243.9	113.614	70.2291
0.06768	14094	170227	2093	47840.1	111.318	72.9108
0.06792	15187	168124	2656	47497.5	109.329	75.3501
0.06816	16701	168583	3339	47165.2	107.368	77.871
0.0684	17951	168658	4023	46832.8	105.378	80.5537
0.06864	19720	168928	5573	46525.7	103.097	83.033
0.06888	21029	166376	8375	46281.6	100.636	84.7572
0.06912	22031	167395	11132	46037.6	98.1499	86.396
0.06936	23351	167415	14297	45793.6	95.6425	87.9432
0.0696	24437	167857	15825	45597.9	93.6201	89.1135
0.06984	26031	167436	19309	45421.6	91.7908	90.1119
0.07008	26378	170732	21728	45245.2	89.9569	91.0548
0.07032	27430	173102	25427	45078.3	88.2179	91.8946
0.07056	28504	173149	31816	44967.7	87.0654	92.4216
0.0708	29758	174512	33125	44857.1	86.0127	92.845
0.07104	30808	177581	37302	44746.6	85.1276	93.1143
0.07128	31502	176820	43882	44667.9	84.4948	93.2973
0.07152	32560	180120	46725	44613	84.0527	93.4203
0.07176	33834	182723	48458	44558.2	83.6096	93.5398
0.072	34156	184008	56692	44503.3	83.1656	93.6557
0.07224	35702	186676	60472	44483.3	83.0031	93.6971
0.07248	36580	190137	64116	44463.3	82.8404	93.7381
0.07272	37319	193859	69026	44443.2	82.6777	93.7786
0.07296	38478	197419	75251	44430.3	82.5724	93.8045
0.0732	39185	201143	80110	44426.8	82.5441	93.8114
0.07344	40994	207406	83802	44423.3	82.5157	93.8184
0.07368	41056	210108	89174	44419.8	82.4873	93.8253
0.07392	42076	213544	98158	44425.5	82.5341	93.8139
0.07416	43107	217863	101828	44432.8	82.5934	93.7993
0.0744	44050	223543	108970	44440.1	82.6527	93.7848
0.07464	45214	229032	115958	44453.4	82.7601	93.7581
0.07488	45857	233002	122299	44481.4	82.9878	93.701
0.07512	46867	239803	129941	44509.5	83.2152	93.6429
0.07536	47814	244370	136241	44537.5	83.4424	93.5839
0.0756	48973	249416	142200	44563.6	83.6537	93.5281
0.07584	49349	254485	149753	44589	83.8586	93.4732
0.07608	50692	261322	154580	44614.3	84.0632	93.4175
0.07632	51582	268197	163101	44640.6	84.2751	93.3589
0.07656	52490	275212	171595	44672.4	84.531	93.287
0.0768	53550	280431	176807	44704.1	84.7866	93.2139
0.07704	54222	287896	185017	44735.9	85.0419	93.1396
0.07728	55034	295173	197905	44799.7	85.5534	92.9867
0.07752	56329	301038	205064	44887.5	86.2552	92.7685
0.07776	56945	308694	211482	44975.4	87.1452	92.3859
0.078	57628	316109	222091	45063.2	88.0608	91.9678
0.07824	58027	324669	240837	45272.2	90.238	90.9141
0.07848	59848	332404	245710	45481.3	92.4108	89.78
0.07872	60195	341013	257208	45690.3	94.5761	88.569
0.07896	61341	351496	274265	45951.7	97.2695	86.9514
0.0792	62710	358512	284517	46283	100.65	84.7478
0.07944	64630	366231	289755	46614.3	103.984	82.3869
0.07968	66303	379259	301015	46945.6	106.056	79.6242
0.07992	67652	390259	320535	47303.7	108.189	76.8013
0.08016	69250	401312	323319	47666.2	110.312	74.1297
0.0804	71782	416316	330705	48028.7	112.397	71.6331
0.08064	73036	430138	349339	48384.3	114.469	69.3886
0.08088	74684	446813	366944	48722.8	117.817	68.2622
0.08112	77114	457561	365630	49061.4	121.345	67.2607
0.08136	79078	472630	380279	49399.9	125.065	66.379
0.0816	82368	493807	411901	49710.4	128.655	65.6718
0.08184	84319	502941	410919	50009.8	132.284	65.0794
0.08208	87295	519372	414447	50309.1	135.62	64.2344
0.08232	90449	542827	442836	50592.3	138.61	63.324
0.08256	93649	566401	476996	50778.1	140.574	62.7381
0.0828	97023	580514	455829	50963.9	142.54	62.1614
0.08304	100398	604477	470955	51149.7	144.507	61.5935
0.08328	103691	638604	521759	51229.9	145.357	61.3509
0.08352	108262	657680	529091	51231	145.368	61.3476
0.08376	111764	680478	520561	51232.1	145.38	61.3443
0.084	115714	718071	561921	51233.2	145.391	61.341
0.08424	118757	761436	647973	51060.4	143.561	61.8654
0.08448	122915	775394	586758	50887.5	141.732	62.3975
0.08472	127199	804321	603258	50714.6	139.903	62.9373
0.08496	131188	840980	684096	50494.4	137.575	63.6363
0.0852	135118	860577	709704	50211	134.585	64.555
0.08544	139226	875806	651828	49927.6	131.271	65.2334
0.08568	143295	909156	698513	49644.3	127.875	65.8145
0.08592	145463	952533	857732	49260.1	123.505	66.7288
0.08616	148548	950657	714957	48859.1	119.215	67.8443
0.0864	150554	966341	706843	48458.1	115.184	69.1321
0.08664	153877	1.01075e+06	824583	48047	112.501	71.5115
0.08688	155447	1.03796e+06	899738	47610.3	109.988	74.5295
0.08712	159282	1.03361e+06	735129	47173.7	107.418	77.8041
0.08736	161591	1.05171e+06	793764	46737.1	104.8	81.3578
0.0876	163914	1.08725e+06	999074	46473.9	102.578	83.4056
0.08784	164860	1.07701e+06	860999	46280.1	100.621	84.7678
0.08808	166672	1.07953e+06	799412	46086.3	98.648	86.0761
0.08832	167782	1.10591e+06	929760	45937.8	97.1265	87.0404
0.08856	169162	1.12832e+06	1.09084e+06	46060.9	98.3877	86.2438
0.0888	171608	1.11099e+06	844351	46183.9	99.6436	85.424
0.08904	173077	1.12326e+06	874875	46307	100.893	84.5819
0.08928	176865	1.15965e+06	1.09169e+06	46480	102.638	83.3622
0.08952	179241	1.15406e+06	1.01739e+06	46690.4	104.517	81.7558
0.08976	182103	1.15499e+06	863594	46900.8	105.786	79.9916
0.09	185526	1.17947e+06	973079	47111.1	107.046	78.2958
0.09024	188537	1.22644e+06	1.22423e+06	47178.4	107.446	77.7677
0.09048	192227	1.20186e+06	895369	47245.6	107.845	77.2463
0.09072	193971	1.21335e+06	908868	47312.9	108.243	76.7314
0.09096	197488	1.25323e+06	1.12925e+06	47335.4	108.376	76.5604
0.0912	199558	1.2572e+06	1.1181e+06	47298.3	108.157	76.8426
0.09144	202531	1.24617e+06	929809	47261.2	107.937	77.1267
0.09168	205698	1.25682e+06	1.01477e+06	47224	107.717	77.4129
0.09192	207779	1.30721e+06	1.24573e+06	47153.6	107.299	77.9617
0.09216	209604	1.28338e+06	1.03095e+06	47077.5	106.846	78.5621
0.0924	211081	1.28666e+06	980823	47001.5	106.391	79.171
0.09264	211147	1.31428e+06	1.11815e+06	46876.1	105.638	80.195
0.09288	211133	1.34494e+06	1.27532e+06	46627.1	104.111	82.2932
0.09312	208733	1.32731e+06	1.00525e+06	46378.1	101.612	84.0859
0.09336	207862	1.34152e+06	1.04424e+06	46129.1	99.0843	85.7924
0.0936	205417	1.38784e+06	1.33932e+06	45656.8	94.2299	88.768
0.09384	205221	1.3778e+06	1.14255e+06	45095.2	88.3947	91.8116
0.09408	208774	1.38625e+06	1.01858e+06	44533.7	83.4113	93.592
0.09432	215453	1.41438e+06	1.16074e+06	43933	78.5013	94.6437
0.09456	221788	1.46356e+06	1.44034e+06	43097.7	71.4309	95.3869
0.0948	227355	1.44606e+06	1.06262e+06	42262.3	62.9558	96.686
0.09504	230517	1.45881e+06	1.091e+06	41427	55.2373	99.1966
0.09528	235575	1.5097e+06	1.40713e+06	40571.9	49.3864	104.971
0.09552	243631	1.51311e+06	1.30184e+06	39701.9	44.428	113.068
0.09576	258428	1.51562e+06	1.0934e+06	38831.9	40.3335	123.173
0.096	275494	1.54012e+06	1.2476e+06	37962	36.2938	134.607
0.09624	292265	1.60822e+06	1.51482e+06	37465.8	33.8454	141.547
0.09648	314254	1.58094e+06	1.20463e+06	36969.6	31.2339	148.205
0.09672	342133	1.59895e+06	1.16515e+06	36473.4	28.5242	154.508
0.09696	375162	1.64859e+06	1.39973e+06	36436.4	28.32	154.962
0.0972	412867	1.66518e+06	1.41903e+06	37011.6	31.4599	147.653
0.09744	455853	1.66456e+06	1.19796e+06	37586.9	34.4606	139.876
0.09768	501569	1.6884e+06	1.26795e+06	38162.1	37.2153	131.849
0.09792	554931	1.75628e+06	1.54533e+06	40124.5	46.7232	108.83
0.09816	611017	1.73494e+06	1.24953e+06	42318	63.4965	96.5627
0.0984	675082	1.75705e+06	1.18875e+06	44511.5	83.2314	93.6388
0.09864	750689	1.80956e+06	1.32654e+06	47103.9	107.003	78.3533
0.09888	781684	1.84389e+06	1.54429e+06	50693.5	139.679	63.0038
0.09912	830779	1.82941e+06	1.17523e+06	54283.1	179.428	54.8244
0.09936	847471	1.85647e+06	1.25961e+06	57872.7	221.909	47.756
0.0996	819664	1.91133e+06	1.66708e+06	61451.7	267.886	42.4973
0.09984	818871	1.86156e+06	1.37618e+06	65026.5	315.103	38.2751
0.10008	807285	1.81705e+06	1.18637e+06	68601.3	362.298	34.511
0.10032	741806	1.8084e+06	1.43013e+06	71916.2	407.519	31.5635
0.10056	611477	1.81253e+06	1.62179e+06	73672.1	434.468	30.4511
0.1008	496607	1.71317e+06	1.31234e+06	75428	461.531	29.7196
0.10104	387771	1.67101e+06	1.32957e+06	77183.9	489.716	28.3344
0.10128	286612	1.69493e+06	1.55955e+06	77904.5	502.076	27.6169
0.10152	205529	1.65049e+06	1.54976e+06	77848.7	501.225	27.6904
0.10176	140756	1.60442e+06	1.35108e+06	77792.8	500.257	27.7468
0.102	93232	1.61578e+06	1.46624e+06	77737	499.29	27.8027
0.10224	59967	1.6793e+06	2.05547e+06	76688.5	481.166	28.7741
0.10248	36790	1.61369e+06	1.40334e+06	75640.1	464.554	29.5794
0.10272	22345	1.62759e+06	1.35161e+06	74591.6	449.602	30.1951
0.10296	13578	1.69391e+06	1.7089e+06	73351.8	429.079	30.5438
0.1032	7335	1.69126e+06	1.66911e+06	71856.9	406.735	31.6286
0.10344	4158	1.67809e+06	1.42444e+06	70362	387.208	33.0979
0.10368	2486	1.69977e+06	1.60095e+06	68867.1	366.212	34.2191
0.10392	1386	1.79748e+06	1.83133e+06	67666.2	348.73	35.6015
0.10416	737	1.77309e+06	1.63682e+06	66514.3	333.458	36.8422
0.1044	358	1.78233e+06	1.50073e+06	65362.5	319.21	37.9592
0.10464	171	1.83847e+06	1.7866e+06	64281.8	305.876	39.0059
0.10488	128	1.88238e+06	2.18283e+06	63379.1	293.979	40.0758
0.10512	68	1.85651e+06	1.66119e+06	62476.5	281.646	41.2704
0.10536	32	1.88422e+06	1.72353e+06	61573.8	269.502	42.3534
0.1056	12	1.95911e+06	1.85166e+06	60678.7	257.776	43.4413
0.10584	5	1.92192e+06	1.75808e+06	59786.6	246.55	44.8505
0.10608	5	1.92302e+06	1.67063e+06	58894.5	235.363	46.3727
0.10632	1	1.9773e+06	1.80743e+06	57990.5	223.455	47.5973
0.10656	0	2.0698e+06	2.46104e+06	57014.5	210.799	48.9747
0.1068	0	2.04678e+06	1.80318e+06	56038.6	199.184	51.0247
0.10704	0	2.07133e+06	1.85974e+06	55062.6	188.099	53.2176
0.10728	0	2.15562e+06	2.04362e+06	54025.3	176.565	55.3453
0.10752	0	2.13743e+06	2.00375e+06	52941.9	164.296	57.362
0.10776	0	2.1148e+06	1.7892e+06	51858.5	152.018	59.5218
0.108	0	2.14895e+06	1.94383e+06	50775.1	140.543	62.7473
0.10824	0	2.27426e+06	2.6693e+06	49644.7	127.881	65.8135
0.10848	0	2.21187e+06	1.98234e+06	48514.3	115.734	68.9409
0.10872	0	2.23826e+06	1.9996e+06	47383.9	108.662	76.1943
0.10896	0	2.29724e+06	2.10073e+06	46265.8	100.475	84.8666
0.1092	0	2.2941e+06	2.32782e+06	45163.9	89.1104	91.4702
0.10944	0	2.25567e+06	1.94366e+06	44062.1	79.5634	94.4551
0.10968	0	2.27333e+06	2.20716e+06	42960.3	69.9843	95.5201
0.10992	0	2.37148e+06	2.47096e+06	41942.7	59.9143	97.4987
0.11016	0	2.30009e+06	2.1574e+06	40939.2	51.77	102.246
0.1104	0	2.29244e+06	2.02039e+06	39935.8	45.673	110.648
0.11064	0	2.33386e+06	2.11428e+06	38830.3	40.3261	123.193
0.11088	0	2.35821e+06	2.79865e+06	37470.1	33.8677	141.487
0.11112	0	2.28478e+06	2.04858e+06	36109.9	26.3764	158.196
0.11136	0	2.26008e+06	2.06525e+06	34749.7	18.4588	166.893
0.1116	0	2.32811e+06	2.20316e+06	33249.3	13.0836	189.375
0.11184	0	2.24024e+06	2.13611e+06	31692.7	9.26918	224.426
0.11208	0	2.17445e+06	1.88999e+06	30136.2	5.77425	268.13
0.11232	0	2.16335e+06	2.06327e+06	28539.8	3.29426	325.821
0.11256	0	2.20733e+06	2.6542e+06	26704.1	1.73357	411.726
0.1128	0	2.08051e+06	1.95249e+06	24868.4	0.671904	520.888
0.11304	0	2.04574e+06	1.91284e+06	23032.7	0.214688	670.596
0.11328	0	2.05664e+06	2.0364e+06	20556.6	0.013935	993.617
0.11352	0	1.96592e+06	1.95376e+06	17600.2	0	1678.65
0.11376	0	1.87122e+06	1.71125e+06	14643.8	0	3898.17
0.114	0	1.84023e+06	1.73728e+06	11687.5	0	14559.1
0.11424	0	1.88943e+06	1.99426e+06	8674.94	0	35265.5
0.11448	0	1.75667e+06	1.66323e+06	5662.43	0	63519.7
0.11472	0	1.7072e+06	1.54691e+06	2649.93	0	72445.5
0.11496	0	1.7099e+06	1.7042e+06	2009.18	0	72445.5
0.1152	0	1.65662e+06	1.77491e+06	4530.8	0	72445.5
0.11544	232	1.55934e+06	1.47989e+06	7052.41	0	48606.7
0.11568	45836	1.5328e+06	1.47319e+06	9574.02	0	28337.2
0.11592	720078	1.56095e+06	1.64768e+06	19416.6	0	1210.25
0.11616	1.74724e+06	1.45839e+06	692959	30479.3	6.50414	257.616
0.1164	2.38007e+06	1.4231e+06	206124	41542.1	56.2551	98.7735
0.11664	2.62524e+06	1.44807e+06	67998	52653	160.996	57.9071
0.11688	2.64545e+06	1.4532e+06	52511	63884.2	300.807	39.4339
0.11712	2.52982e+06	1.32658e+06	63724	75115.5	457.075	29.9118
0.11736	2.05268e+06	1.15293e+06	74661	86346.8	630.728	22.6023
0.1176	1.46946e+06	948060	86571	92260.1	728.32	20.4829
0.11784	1.05392e+06	712709	97900	96046.1	788.984	18.5442
0.11808	721872	512070	111142	99832.2	849.647	16.6055
0.11832	471910	365272	123723	102994	900.304	14.9866
0.11856	288703	265786	136226	102408	890.919	15.2865
0.1188	159428	205884	140964	101822	881.534	15.5864
0.11904	82669	178266	145146	101237	872.149	15.8864
0.11928	43091	166497	149620	102125	886.384	15.4315
0.11952	23308	167846	125964	104119	918.332	14.4104
0.11976	0	162271	75524	106113	950.281	13.3894
