0	0	0	0	56206.1	201.141	50.6577
0.00024	0	0	0	56208.1	201.164	50.6534
0.00048	0	0	0	56210.1	201.188	50.649
0.00072	0	0	0	56212.1	201.211	50.6447
0.00096	0	0	0	56214.1	201.235	50.6402
0.0012	0	0	0	56216.2	201.26	50.6357
0.00144	0	0	0	56218.3	201.284	50.6311
0.00168	0	0	0	56220.4	201.309	50.6266
0.00192	0	0	0	56222.6	201.335	50.6218
0.00216	0	0	0	56224.8	201.361	50.617
0.0024	0	0	0	56227	201.387	50.6122
0.00264	0	0	0	56229.3	201.413	50.6074
0.00288	0	0	0	56231.6	201.44	50.6024
0.00312	0	0	0	56233.9	201.467	50.5973
0.00336	0	0	0	56236.2	201.495	50.5923
0.0036	0	0	0	56238.6	201.523	50.5871
0.00384	0	0	0	56241.1	201.551	50.5818
0.00408	0	0	0	56243.5	201.58	50.5766
0.00432	0	0	0	56246	201.609	50.5713
0.00456	0	0	0	56248.5	201.639	50.5657
0.0048	0	0	0	56251.1	201.669	50.5602
0.00504	0	0	0	56253.7	201.699	50.5546
0.00528	0	0	0	56256.3	201.73	50.5489
0.00552	0	0	0	56259	201.762	50.5431
0.00576	0	0	0	56261.7	201.794	50.5372
0.006	0	0	0	56264.4	201.826	50.5314
0.00624	0	0	0	56267.3	201.859	50.5253
0.00648	0	0	0	56270.1	201.893	50.5191
0.00672	0	0	0	56272.9	201.926	50.513
0.00696	0	0	0	56275.9	201.96	50.5067
0.0072	0	0	0	56278.9	201.996	50.5002
0.00744	0	0	0	56281.9	202.031	50.4938
0.00768	0	0	0	56284.9	202.066	50.4873
0.00792	0	0	0	56288	202.103	50.4805
0.00816	0	0	0	56291.2	202.141	50.4737
0.0084	0	0	0	56294.4	202.178	50.4669
0.00864	0	0	0	56297.6	202.216	50.4599
0.00888	0	0	0	56300.9	202.255	50.4527
0.00912	0	0	0	56304.3	202.295	50.4455
0.00936	0	0	0	56307.6	202.334	50.4383
0.0096	0	0	0	56311.1	202.375	50.4308
0.00984	0	1	0	56314.7	202.417	50.4232
0.01008	0	0	0	56318.2	202.459	50.4156
0.01032	0	0	0	56321.8	202.501	50.408
0.01056	0	0	0	56325.5	202.545	50.3999
0.0108	0	0	0	56329.3	202.589	50.3919
0.01104	0	1	0	56333	202.633	50.3839
0.01128	0	0	0	56336.9	202.679	50.3756
0.01152	0	2	0	56340.9	202.726	50.3671
0.01176	0	0	0	56344.8	202.773	50.3586
0.012	0	0	0	56348.8	202.82	50.3501
0.01224	0	0	0	56353	202.869	50.3411
0.01248	0	0	0	56357.2	202.919	50.3321
0.01272	0	3	0	56361.4	202.969	50.3231
0.01296	0	0	2	56365.8	203.02	50.3138
0.0132	0	0	0	56370.2	203.073	50.3043
0.01344	0	0	0	56374.7	203.126	50.2947
0.01368	0	1	1	56379.2	203.179	50.2852
0.01392	0	1	0	56383.9	203.234	50.2751
0.01416	0	0	0	56388.7	203.291	50.265
0.0144	0	0	0	56393.4	203.347	50.2548
0.01464	0	0	0	56398.3	203.404	50.2445
0.01488	0	3	0	56403.3	203.464	50.2338
0.01512	0	2	0	56408.4	203.524	50.223
0.01536	0	1	0	56413.4	203.584	50.2122
0.0156	0	0	1	56418.7	203.647	50.201
0.01584	0	0	0	56424.1	203.71	50.1895
0.01608	0	1	0	56429.5	203.774	50.1781
0.01632	0	1	1	56435	203.839	50.1666
0.01656	0	5	1	56440.7	203.907	50.1544
0.0168	0	1	0	56446.5	203.975	50.1422
0.01704	0	3	0	56452.2	204.043	50.13
0.01728	0	0	1	56458.2	204.114	50.1174
0.01752	0	0	1	56464.3	204.187	50.1044
0.01776	0	5	2	56470.5	204.26	50.0914
0.018	0	4	1	56476.6	204.333	50.0785
0.01824	0	3	0	56483.2	204.411	50.0646
0.01848	0	4	0	56489.7	204.489	50.0508
0.01872	0	1	3	56496.3	204.566	50.037
0.01896	0	8	1	56503.1	204.647	50.0227
0.0192	0	4	2	56510.1	204.731	50.0079
0.01944	0	3	1	56517.2	204.814	49.9931
0.01968	0	2	2	56524.2	204.898	49.9783
0.01992	0	4	3	56531.7	204.987	49.9626
0.02016	0	4	1	56539.2	205.077	49.9467
0.0204	0	3	4	56546.8	205.167	49.9309
0.02064	0	3	0	56554.5	205.259	49.9147
0.02088	0	4	0	56562.6	205.356	49.8977
0.02112	0	6	0	56570.7	205.453	49.8808
0.02136	0	7	0	56578.8	205.549	49.8639
0.0216	0	7	2	56587.4	205.651	49.8461
0.02184	0	6	0	56596.1	205.755	49.8279
0.02208	0	8	0	56604.8	205.859	49.8097
0.02232	0	9	4	56613.6	205.964	49.7914
0.02256	0	7	2	56623	206.077	49.7718
0.0228	0	6	3	56632.4	206.189	49.7523
0.02304	0	7	1	56641.8	206.302	49.7327
0.02328	0	8	1	56651.7	206.42	49.7123
0.02352	0	5	7	56661.9	206.541	49.6913
0.02376	0	19	2	56672	206.663	49.6702
0.024	0	13	3	56682.2	206.785	49.6492
0.02424	0	11	5	56693.2	206.917	49.6266
0.02448	0	13	3	56704.2	207.048	49.6039
0.02472	0	16	4	56715.1	207.18	49.5813
0.02496	0	17	2	56726.5	207.317	49.5579
0.0252	0	14	4	56738.4	207.46	49.5334
0.02544	0	15	6	56750.3	207.603	49.509
0.02568	0	13	0	56762.2	207.746	49.4846
0.02592	0	17	4	56775	207.899	49.4585
0.02616	0	24	3	56787.9	208.055	49.4322
0.0264	0	24	4	56800.8	208.21	49.4059
0.02664	0	25	3	56814	208.369	49.3789
0.02688	0	27	4	56828	208.538	49.3504
0.02712	0	35	4	56842	208.707	49.3219
0.02736	0	30	5	56856	208.877	49.2935
0.0276	0	26	5	56870.9	209.057	49.2632
0.02784	0	33	4	56886.3	209.242	49.2322
0.02808	0	36	4	56901.6	209.428	49.2013
0.02832	0	27	8	56917.1	209.616	49.17
0.02856	0	37	9	56933.8	209.819	49.1363
0.0288	0	44	5	56950.6	210.022	49.1026
0.02904	0	52	9	56967.3	210.225	49.069
0.02928	0	51	3	56984.9	210.439	49.0338
0.02952	0	42	6	57003.2	210.661	48.9973
0.02976	0	54	9	57021.5	210.884	48.9608
0.03	0	69	5	57039.8	211.106	48.9244
0.03024	0	77	8	57059.8	211.363	48.8947
0.03048	0	65	9	57079.9	211.621	48.8656
0.03072	0	74	9	57100	211.879	48.8366
0.03096	0	80	12	57121	212.149	48.8063
0.0312	0	75	11	57143.2	212.434	48.7744
0.03144	0	71	5	57165.3	212.719	48.7425
0.03168	0	102	7	57187.5	213.005	48.7107
0.03192	0	88	7	57211.6	213.315	48.6762
0.03216	0	99	8	57236	213.63	48.6413
0.0324	0	119	11	57260.4	213.944	48.6065
0.03264	0	131	8	57285.5	214.268	48.5708
0.03288	0	139	7	57312.3	214.615	48.5326
0.03312	0	145	7	57339.2	214.962	48.4946
0.03336	0	160	6	57366	215.31	48.4566
0.0336	0	154	11	57394.8	215.683	48.4159
0.03384	0	193	9	57424.4	216.066	48.3743
0.03408	0	207	11	57454	216.45	48.3327
0.03432	0	250	7	57484.1	216.84	48.2906
0.03456	0	227	6	57517	217.268	48.2446
0.0348	0	229	10	57549.9	217.695	48.1988
0.03504	0	233	7	57582.9	218.124	48.1531
0.03528	0	279	6	57617.9	218.58	48.1045
0.03552	0	282	12	57654.6	219.058	48.0539
0.03576	0	335	4	57691.2	219.536	48.0034
0.036	0	349	10	57727.9	220.015	47.9531
0.03624	0	355	7	57768.7	220.548	47.8973
0.03648	0	401	6	57809.4	221.081	47.8418
0.03672	0	445	10	57850.2	221.615	47.7864
0.03696	0	469	6	57893	222.175	47.7285
0.0372	0	485	11	57938.4	222.771	47.6673
0.03744	0	519	1	57983.8	223.367	47.6063
0.03768	0	586	4	58029.2	223.965	47.5455
0.03792	0	614	5	58079	224.62	47.4792
0.03816	0	656	1	58129.5	225.286	47.4121
0.0384	0	759	2	58180	225.952	47.3454
0.03864	0	770	8	58232.1	226.641	47.2768
0.03888	0	801	4	58288.3	227.385	47.2032
0.03912	0	924	5	58344.5	228.129	47.13
0.03936	0	1115	3	58400.7	228.874	47.0572
0.0396	0	999	7	58461.6	229.683	46.9785
0.03984	0	1139	2	58524.4	230.519	46.8979
0.04008	0	1156	13	58587.2	231.356	46.8177
0.04032	0	1438	13	58651.2	232.209	46.7365
0.04056	0	1322	3	58722.1	233.155	46.647
0.0408	0	1439	4	58792.9	234.088	46.5496
0.04104	0	1604	8	58863.8	234.977	46.4262
0.04128	0	1683	8	58939.4	235.926	46.2948
0.04152	0	1915	5	59018.7	236.92	46.1576
0.04176	0	1918	8	59098	237.915	46.0208
0.042	0	2100	8	59177.3	238.909	45.8844
0.04224	0	2332	5	59265.8	240.019	45.7327
0.04248	0	2548	10	59354.2	241.129	45.5816
0.04272	0	2575	11	59442.7	242.238	45.431
0.04296	0	2937	12	59535.5	243.402	45.2735
0.0432	0	3063	9	59634.2	244.639	45.1068
0.04344	0	3211	8	59732.9	245.876	44.9408
0.04368	0	3578	5	59831.5	247.112	44.7753
0.04392	0	3945	7	59939.9	248.469	44.5945
0.04416	0	4016	5	60049.8	249.845	44.4117
0.0444	0	4338	5	60159.8	251.22	44.2297
0.04464	0	4811	5	60273.2	252.639	44.0427
0.04488	0	4856	10	60395.5	254.167	43.8421
0.04512	0	5403	5	60517.8	255.696	43.6452
0.04536	0	6017	2	60640.1	257.276	43.49
0.0456	0	6148	6	60771.1	258.974	43.3255
0.04584	0	6692	4	60905.5	260.723	43.1583
0.04608	0	7341	6	61040	262.477	42.9929
0.04632	0	7734	6	61176.3	264.262	42.8271
0.04656	0	8222	7	61323.4	266.195	42.65
0.0468	0	8766	6	61470.6	268.136	42.475
0.04704	0	9729	2	61617.7	270.084	42.302
0.04728	0	10273	4	61770.5	272.113	42.1245
0.04752	0	10993	5	61927.5	274.206	41.9444
0.04776	0	11907	2	62084.5	276.307	41.7665
0.048	0	12528	4	62241.5	278.415	41.5909
0.04824	0	13714	1	62407.7	280.702	41.364
0.04848	0	14630	6	62574	282.985	41.1383
0.04872	0	15864	4	62740.3	285.265	40.9148
0.04896	0	16831	4	62909.8	287.584	40.6892
0.0492	0	17698	0	63083.5	289.957	40.4602
0.04944	0	18864	5	63257.3	292.324	40.2334
0.04968	0	20213	5	63431.1	294.684	40.0089
0.04992	0	22027	2	63605.8	297.05	39.7855
0.05016	0	23404	4	63780.6	299.411	39.5641
0.0504	0	24646	8	63955.4	301.765	39.3449
0.05064	0	26778	8	64128.5	303.957	39.1617
0.05088	0	28279	4	64296.9	306.065	38.9907
0.05112	0	30159	3	64465.4	308.165	38.8218
0.05136	0	32355	3	64633.8	310.258	38.6551
0.0516	0	34354	2	64787.7	312.162	38.5048
0.05184	0	36456	4	64935.8	313.989	38.3618
0.05208	0	39191	3	65083.9	315.808	38.2205
0.05232	0	41219	2	65227.5	317.564	38.0851
0.05256	0	44021	5	65343.4	318.978	37.9768
0.0528	0	46541	4	65459.4	320.388	37.8695
0.05304	0	49216	2	65575.4	321.793	37.7632
0.05328	0	53047	3	65657.4	322.784	37.6886
0.05352	0	55863	0	65714	323.466	37.6375
0.05376	1	58695	4	65770.6	324.16	37.5824
0.054	0	62472	1	65827.2	324.856	37.5272
0.05424	0	65554	2	65809.6	324.639	37.5444
0.05448	1	69303	4	65792	324.422	37.5616
0.05472	6	73421	4	65774.4	324.206	37.5788
0.05496	2	75969	2	65715.6	323.485	37.6359
0.0552	7	80895	2	65602	322.115	37.739
0.05544	15	84630	6	65488.4	320.74	37.8429
0.05568	33	88970	4	65374.8	319.36	37.9477
0.05592	65	92565	4	65152.5	316.647	38.1557
0.05616	87	96579	2	64912	313.695	38.3847
0.0564	163	101460	2	64671.5	310.725	38.6181
0.05664	243	104978	3	64391.9	307.25	38.8952
0.05688	322	110258	2	64014.3	302.525	39.279
0.05712	496	114858	3	63636.7	297.469	39.7461
0.05736	735	118466	3	63259.1	292.348	40.231
0.0576	952	121881	0	62777.5	285.774	40.8652
0.05784	1243	126089	0	62254.1	278.589	41.5743
0.05808	1735	131456	1	61730.8	271.585	42.1704
0.05832	2154	133199	1	61192.7	264.477	42.8073
0.05856	2468	137093	1	60565.3	256.309	43.5848
0.0588	3127	141367	5	59937.9	248.444	44.5977
0.05904	4142	144180	1	59310.5	240.58	45.6562
0.05928	5188	146604	0	58646.7	232.149	46.7422
0.05952	6469	148252	4	57955.6	222.997	47.6441
0.05976	7785	150070	1	57264.5	213.997	48.6006
0.06	9273	152150	0	56573.4	205.484	49.8753
0.06024	10324	154034	5	55890.1	197.464	51.3552
0.06048	11908	155605	1	55206.9	189.705	52.9154
0.06072	13984	157157	3	54523.6	182.102	54.3335
0.06096	15896	157493	1	53873.6	174.884	55.649
0.0612	18424	157809	2	53268	168.04	56.7727
0.06144	20795	159236	1	52662.3	161.103	57.8892
0.06168	23150	159865	1	52056.6	154.242	59.1029
0.06192	25522	158360	0	51550	148.744	60.3994
0.06216	28126	156787	2	51060	143.558	61.8665
0.0624	30661	157688	2	50569.9	138.374	63.395
0.06264	33218	156541	1	50118.9	133.615	64.8583
0.06288	36017	156256	1	49765.4	129.309	65.5565
0.06312	38532	155732	0	49411.9	125.201	66.3497
0.06336	41120	156187	1	49058.4	121.314	67.2688
0.0636	43603	154387	1	48773.8	118.336	68.1036
0.06384	45952	154763	0	48516.7	115.757	68.933
0.06408	48413	155819	3	48259.6	113.703	70.1287
0.06432	50955	154922	0	48013.9	112.313	71.7317
0.06456	53250	152808	0	47836.7	111.298	72.9344
0.0648	55420	153364	1	47659.5	110.273	74.1776
0.06504	57932	154114	6	47482.2	109.239	75.4626
0.06528	60148	153178	0	47334.9	108.373	76.5637
0.06552	62090	152269	1	47210.1	107.634	77.5213
0.06576	64744	153049	3	47085.2	106.891	78.5014
0.066	66700	151487	1	46960.3	106.144	79.5048
0.06624	68581	151686	1	46870.4	105.604	80.2418
0.06648	70708	154392	1	46780.5	105.062	80.9913
0.06672	72823	152107	85	46690.6	104.518	81.7536
0.06696	74836	152972	183	46612.8	103.968	82.3983
0.0672	77119	152600	521	46551	103.351	82.8496
0.06744	78596	154121	972	46489.2	102.731	83.2959
0.06768	80780	154100	2093	46427.4	102.11	83.7372
0.06792	83425	153866	2656	46363.9	101.469	84.1853
0.06816	84707	156212	3336	46300.1	100.823	84.6298
0.0684	86145	158891	3846	46236.3	100.176	85.0685
0.06864	88341	160546	5102	46169.1	99.493	85.5237
0.06888	89574	159944	6949	46093.7	98.7231	86.0274
0.06912	91748	163067	7878	46018.2	97.9511	86.5226
0.06936	92892	163982	9331	45942.7	97.1772	87.0089
0.0696	95234	165342	10659	45854.8	96.2738	87.5637
0.06984	96913	165848	12270	45762	95.317	88.1363
0.07008	98217	169519	12701	45669.2	94.3579	88.6946
0.07032	100182	172564	14571	45576.9	93.403	89.235
0.07056	101826	172881	17812	45488.2	92.483	89.7409
0.0708	103555	174374	18243	45399.5	91.5617	90.2329
0.07104	104817	177529	20855	45310.8	90.6392	90.7108
0.07128	106322	176808	24351	45235.2	89.8525	91.1067
0.07152	107874	180085	26727	45169.4	89.1679	91.4424
0.07176	109005	182723	27423	45103.7	88.483	91.77
0.072	110752	184008	32829	45038	87.7978	92.0894
0.07224	111239	186676	36744	44991.2	87.3107	92.3115
0.07248	113012	190137	38764	44944.5	86.8235	92.5293
0.07272	114385	193859	42379	44897.8	86.3368	92.7424
0.07296	115366	197419	47527	44856.5	86.0073	92.8467
0.0732	117418	201143	52034	44822.4	85.7349	92.9312
0.07344	118280	207406	54889	44788.3	85.4621	93.0144
0.07368	119177	210108	59521	44754.2	85.1889	93.0962
0.07392	121284	213544	67328	44737.9	85.0581	93.1348
0.07416	121491	217863	69998	44724.6	84.951	93.1662
0.0744	123607	223543	76515	44711.2	84.8438	93.1974
0.07464	124597	229032	82563	44707.9	84.8174	93.205
0.07488	125751	233002	89007	44729.8	84.9926	93.154
0.07512	127154	239803	94104	44751.6	85.1676	93.1025
0.07536	128799	244370	100364	44773.4	85.3425	93.0504
0.0756	129980	249416	107436	44800	85.5562	92.9859
0.07584	131454	254485	112631	44828.7	85.7852	92.9157
0.07608	132051	261322	117307	44857.3	86.014	92.8446
0.07632	133931	268197	125441	44879.7	86.1931	92.7882
0.07656	135091	275212	132939	44865.1	86.0764	92.825
0.0768	134917	280431	136208	44850.5	85.9597	92.8616
0.07704	135836	287896	143047	44835.9	85.8428	92.8979
0.07728	136628	295173	153475	44790.3	85.4785	93.0094
0.07752	136243	301038	157971	44721.6	84.9273	93.1731
0.07776	137033	308694	164057	44652.9	84.3744	93.3312
0.078	136183	316109	174107	44584.2	83.82	93.4836
0.07824	136568	324669	189765	44520.2	83.3018	93.6206
0.07848	135317	332348	194272	44456.1	82.7825	93.7526
0.07872	135349	341013	207212	44392.1	82.2619	93.8797
0.07896	134744	351174	223945	44347.4	81.8982	93.9653
0.0792	134228	357913	235297	44328.6	81.7449	94.0007
0.07944	132941	364448	242849	44309.8	81.5915	94.0356
0.07968	131431	377175	256360	44291	81.438	94.0701
0.07992	129696	387102	277731	44283.3	81.3748	94.0842
0.08016	128820	396010	282897	44277.4	81.3267	94.0948
0.0804	127098	409051	292398	44271.5	81.2785	94.1055
0.08064	125809	421222	314574	44271	81.2746	94.1063
0.08088	124433	435338	334359	44284	81.3812	94.0827
0.08112	122782	443452	337192	44297.1	81.4878	94.0589
0.08136	121488	455384	355017	44310.2	81.5944	94.0349
0.0816	119618	472622	388735	44374.9	82.1224	93.9128
0.08184	119185	478386	390786	44460.4	82.8172	93.7439
0.08208	118001	490554	399116	44545.9	83.5099	93.5662
0.08232	115925	509772	430354	44641.3	84.2808	93.3573
0.08256	113566	527793	468695	44796.6	85.5289	92.9942
0.0828	111588	535853	451690	44952	86.9012	92.4948
0.08304	109918	551121	470043	45107.3	88.5202	91.7524
0.08328	107748	574291	521503	45301.1	90.5386	90.7621
0.08352	105711	582723	529039	45523.8	92.8522	89.5397
0.08376	102922	592788	520561	45746.5	95.1568	88.2307
0.084	99905	618051	561921	45969.2	97.4487	86.8394
0.08424	96770	649890	647973	46198.3	99.7894	85.3271
0.08448	93929	653730	586758	46427.3	102.109	83.7377
0.08472	89479	673993	603258	46656.4	104.311	82.0469
0.08496	85252	701732	684096	46828.2	105.35	80.5923
0.0852	80449	712062	709704	46923.5	105.923	79.805
0.08544	74319	719071	651828	47018.8	106.495	79.0316
0.08568	69122	742595	698513	47114.1	107.064	78.272
0.08592	61254	776683	857732	46805.4	105.212	80.7827
0.08616	53881	770846	714957	46429.3	102.128	83.724
0.0864	45788	783974	706843	46053.2	98.309	86.2943
0.08664	38094	824018	824583	45431.8	91.897	90.0555
0.08688	30639	851921	899738	44197.2	80.6713	94.2356
0.08712	23274	851320	735129	42962.7	70.0091	95.5175
0.08736	16830	876016	793720	41728.1	57.9328	98.1456
0.0876	11428	917150	998936	39837.4	45.1417	111.643
0.08784	7029	914253	860781	37684.1	34.947	138.523
0.08808	3782	924496	799048	35530.9	22.734	161.758
0.08832	1889	956497	929366	33251.7	13.0906	189.325
0.08856	804	986425	1.09048e+06	30216.7	5.93962	265.612
0.0888	298	967261	844056	27181.6	2.06767	387.423
0.08904	76	979141	874574	24146.6	0.418624	573.057
0.08928	14	1.01589e+06	1.0915e+06	20902.2	0.102111	937.415
0.08952	2	1.0064e+06	1.01725e+06	17500.9	0	1711.74
0.08976	0	1.0014e+06	863428	14099.6	0	4954.91
0.09	0	1.0203e+06	972980	10698.2	0	20501.5
0.09024	2	1.0632e+06	1.22416e+06	10260.3	0	23432.1
0.09048	16	1.03431e+06	895321	9822.45	0	26514.6
0.09072	1240	1.04236e+06	908806	9384.57	0	29758.5
0.09096	30789	1.07931e+06	1.12788e+06	12088.7	0	12402.1
0.0912	448778	1.08254e+06	1.08059e+06	18982.1	0	1307.81
0.09144	1.13844e+06	1.07086e+06	518384	25875.5	1.22131	457.814
0.09168	1.57224e+06	1.08198e+06	223382	32768.9	11.8074	199.723
0.09192	1.83868e+06	1.12984e+06	87212	43221.4	72.6111	95.3084
0.09216	2.02296e+06	1.10318e+06	10635	54267	179.25	54.857
0.0924	2.08603e+06	1.10288e+06	18	65312.7	318.604	38.0054
0.09264	2.00725e+06	1.06099e+06	16	75166.9	457.808	29.8814
0.09288	1.76262e+06	953740	8	82042.5	563.068	25.6172
0.09312	1.33245e+06	760254	6	88918.1	675.108	22.298
0.09336	942709	574480	8	95793.7	784.94	18.6734
0.0936	729163	426612	5	98260.9	824.471	17.4101
0.09384	528448	286032	13	98964.7	835.748	17.0497
0.09408	350261	175857	9	99668.5	847.025	16.6893
0.09432	215148	99923	14	99970	851.856	16.5349
0.09456	122436	53411	6	97857.6	818.01	17.6166
0.0948	63052	25854	11	95745.3	784.163	18.6983
0.09504	29533	12353	10	93632.9	750.317	19.7799
0.09528	13321	6210	14	91383.6	714.276	20.9317
0.09552	5771	3741	13	89031.5	676.943	22.245
0.09576	2529	2732	9	86679.5	636.49	22.4984
0.096	1396	2317	3	84327.5	599.273	24.127
0.09624	774	2128	9	82605	573.192	25.34
0.09648	431	2186	7	80882.6	543.668	25.786
0.09672	225	2361	11	79160.2	519.964	26.1553
0.09696	166	2476	8	77691.4	498.5	27.8481
0.0972	82	2558	13	76561	478.968	28.8815
0.09744	42	2786	10	75430.5	461.567	29.7179
0.09768	50	2984	8	74300.1	445.182	30.3078
0.09792	31	3204	12	73504.5	431.642	30.4979
0.09816	25	3347	9	72764.8	419.332	30.7487
0.0984	12	3705	11	72025.1	408.965	31.4452
0.09864	21	3927	12	71355.1	400.213	32.199
0.09888	17	4257	8	70859.4	393.909	32.7639
0.09912	15	4490	6	70363.7	387.231	33.0968
0.09936	8	4815	13	69868	380.441	33.4279
0.0996	7	5236	7	69484	375.111	33.6831
0.09984	3	5583	17	69144.6	370.323	33.9228
0.10008	4	6124	9	68805.2	365.298	34.2863
0.10032	4	6542	17	68481.1	360.538	34.6454
0.10056	7	7067	8	68248.6	357.144	34.9104
0.1008	4	7258	13	68016	353.769	35.1816
0.10104	1	8159	9	67783.4	350.414	35.4592
0.10128	1	8536	10	67594.1	347.696	35.69
0.10152	1	9187	10	67437.1	345.464	35.8824
0.10176	0	10070	9	67280.2	343.384	36.0487
0.102	0	10465	8	67123.2	341.32	36.2138
0.10224	0	11713	17	67023.8	340.021	36.3176
0.10248	0	12188	14	66924.5	338.729	36.421
0.10272	0	12903	17	66825.1	337.442	36.5238
0.10296	0	13986	15	66744.4	336.402	36.607
0.1032	0	15163	17	66688.7	335.686	36.6642
0.10344	0	16021	17	66632.9	334.971	36.7213
0.10368	0	17337	15	66577.2	334.259	36.7782
0.10392	0	18278	12	66546.1	333.862	36.8099
0.10416	0	19586	9	66519	333.517	36.8374
0.1044	0	21246	20	66492	333.174	36.8649
0.10464	0	23185	15	66469.8	332.892	36.8874
0.10488	0	24421	14	66459.6	332.763	36.8977
0.10512	0	25829	17	66449.5	332.634	36.9079
0.10536	0	27464	6	66439.4	332.505	36.9182
0.1056	0	29870	11	66427.3	332.352	36.9305
0.10584	0	31902	15	66414.4	332.189	36.9435
0.10608	0	33877	15	66401.5	332.025	36.9565
0.10632	0	36966	8	66385.6	331.824	36.9725
0.10656	0	38907	15	66351.8	331.397	37.0066
0.1068	0	41298	12	66317.9	330.97	37.0407
0.10704	0	44087	16	66284.1	330.544	37.0747
0.10728	1	47032	10	66219.2	329.728	37.1397
0.10752	5	50708	11	66130.9	328.623	37.2277
0.10776	4	54135	8	66042.6	327.522	37.3153
0.108	9	56936	6	65954.3	326.426	37.4025
0.10824	8	59916	3	65780.7	324.284	37.5726
0.10848	16	63971	10	65607.2	322.177	37.7343
0.10872	28	68010	5	65433.6	320.074	37.8934
0.10896	41	72466	8	65203.4	317.27	38.1077
0.1092	65	76714	5	64897.7	313.519	38.3985
0.10944	89	80601	19	64592	309.739	38.6963
0.10968	125	85598	14	64286.3	305.932	39.0014
0.10992	207	90683	7	63816.9	299.901	39.5183
0.11016	265	95336	4	63320.3	293.181	40.1517
0.1104	354	100409	9	62823.7	286.408	40.8034
0.11064	534	105903	4	62265.3	278.742	41.5591
0.11088	675	110257	0	61552.1	269.214	42.3789
0.11112	875	115875	5	60838.9	259.855	43.241
0.11136	1101	120761	5	60125.7	250.794	44.286
0.1116	1432	123400	4	59255.9	239.896	45.7496
0.11184	1929	128702	4	58323.5	227.851	47.1573
0.11208	2293	130928	3	57391.1	215.635	48.4212
0.11232	2720	135262	1	56436.3	203.855	50.1637
0.11256	3156	138445	5	55347	191.268	52.6095
0.1128	3843	141146	2	54257.6	179.145	54.8761
0.11304	4488	142163	2	53168.3	166.893	56.95
0.11328	5274	143145	4	52035.3	154.003	59.1474
0.11352	6257	142459	3	50869.6	141.543	62.4528
0.11376	6842	142115	9	49703.9	128.578	65.6857
0.114	7375	140529	4	48538.2	115.97	68.8606
0.11424	8545	137075	4	47411	108.821	75.9915
0.11448	9263	135478	1	46283.7	100.658	84.7428
0.11472	9604	131850	68	45156.5	89.0329	91.5076
0.11496	10599	127642	1117	44078.1	79.6947	94.4303
0.1152	11382	124557	3948	43064.9	71.0837	95.4159
0.11544	11903	123636	6620	42051.6	60.9383	97.2017
0.11568	12289	123344	11596	41038.4	52.4459	101.575
0.11592	12585	121268	16107	40127.8	46.7422	108.799
0.11616	13053	120255	21859	39234.3	42.2234	118.344
0.1164	13418	121133	27922	38340.8	38.0426	129.452
0.11664	13766	121179	35960	37485.6	33.947	141.274
0.11688	13990	120670	45625	36726.1	29.9128	151.346
0.11712	13989	121873	55283	35966.7	25.4359	159.059
0.11736	13721	123532	65123	35207.2	20.8764	163.839
0.1176	13403	123799	75973	34543.9	17.447	168.311
0.11784	13378	125843	86586	33919.1	15.1395	177.217
0.11808	12855	127283	99070	33294.3	13.2114	188.477
0.11832	12614	129949	110953	32774.6	11.8218	199.59
0.11856	12170	132155	122955	32885.5	12.1035	197.074
0.1188	11731	135176	127961	32996.4	12.393	194.639
0.11904	11437	140074	132443	33107.3	12.6905	192.282
0.11928	11204	142874	137532	34957.1	19.5257	165.491
0.11952	10039	149510	116403	38111.2	36.9803	132.543
0.11976	0	146460	70622	41265.3	54.0472	100.138
