0	0	0	0	56079.5	199.661	50.9344
0.00024	0	0	0	56080.3	199.671	50.9326
0.00048	0	0	0	56081.2	199.681	50.9307
0.00072	0	0	0	56082	199.691	50.9288
0.00096	0	0	0	56082.9	199.701	50.9269
0.0012	0	0	0	56083.8	199.711	50.9249
0.00144	0	0	0	56084.7	199.722	50.9229
0.00168	0	0	0	56085.6	199.732	50.9209
0.00192	0	0	0	56086.5	199.743	50.9189
0.00216	0	0	0	56087.5	199.754	50.9168
0.0024	0	0	0	56088.4	199.766	50.9147
0.00264	0	0	0	56089.4	199.777	50.9126
0.00288	0	0	0	56090.4	199.788	50.9104
0.00312	0	0	0	56091.4	199.8	50.9082
0.00336	0	0	0	56092.4	199.812	50.906
0.0036	0	0	0	56093.5	199.824	50.9037
0.00384	0	0	0	56094.5	199.836	50.9013
0.00408	0	0	0	56095.6	199.849	50.899
0.00432	0	0	0	56096.7	199.861	50.8967
0.00456	0	0	0	56097.8	199.874	50.8942
0.0048	0	0	0	56098.9	199.887	50.8917
0.00504	0	0	0	56100	199.901	50.8893
0.00528	0	0	0	56101.2	199.914	50.8867
0.00552	0	0	0	56102.4	199.928	50.8841
0.00576	0	0	0	56103.6	199.942	50.8815
0.006	0	0	0	56104.7	199.956	50.8789
0.00624	0	0	0	56106	199.97	50.8761
0.00648	0	0	0	56107.3	199.985	50.8734
0.00672	0	0	0	56108.5	200	50.8706
0.00696	0	0	0	56109.8	200.015	50.8678
0.0072	0	0	0	56111.2	200.03	50.8648
0.00744	0	0	0	56112.5	200.046	50.8619
0.00768	0	0	0	56113.8	200.062	50.859
0.00792	0	0	0	56115.2	200.078	50.8559
0.00816	0	0	0	56116.7	200.095	50.8528
0.0084	0	0	0	56118.1	200.111	50.8496
0.00864	0	0	0	56119.5	200.128	50.8465
0.00888	0	0	0	56121	200.146	50.8432
0.00912	0	0	0	56122.6	200.164	50.8398
0.00936	0	0	0	56124.1	200.181	50.8365
0.0096	0	0	0	56125.6	200.2	50.8331
0.00984	0	1	0	56127.3	200.218	50.8295
0.01008	0	0	0	56128.9	200.237	50.826
0.01032	0	0	0	56130.5	200.256	50.8225
0.01056	0	0	0	56132.2	200.276	50.8187
0.0108	0	0	0	56133.9	200.296	50.815
0.01104	0	1	0	56135.6	200.316	50.8113
0.01128	0	0	0	56137.4	200.337	50.8074
0.01152	0	2	0	56139.2	200.358	50.8034
0.01176	0	0	0	56141	200.38	50.7994
0.012	0	0	0	56142.9	200.401	50.7954
0.01224	0	0	0	56144.8	200.424	50.7911
0.01248	0	0	0	56146.8	200.447	50.7868
0.01272	0	3	0	56148.7	200.469	50.7826
0.01296	0	0	2	56150.7	200.493	50.7782
0.0132	0	0	0	56152.8	200.518	50.7736
0.01344	0	0	0	56154.9	200.542	50.769
0.01368	0	1	1	56157	200.567	50.7644
0.01392	0	1	0	56159.3	200.593	50.7596
0.01416	0	0	0	56161.5	200.619	50.7547
0.0144	0	0	0	56163.7	200.645	50.7498
0.01464	0	0	0	56166	200.672	50.7448
0.01488	0	3	0	56168.4	200.7	50.7396
0.01512	0	2	0	56170.8	200.728	50.7343
0.01536	0	1	0	56173.2	200.756	50.7291
0.0156	0	0	1	56175.8	200.786	50.7236
0.01584	0	0	0	56178.4	200.816	50.718
0.01608	0	1	0	56180.9	200.846	50.7123
0.01632	0	1	1	56183.5	200.877	50.7067
0.01656	0	5	1	56186.3	200.909	50.7006
0.0168	0	1	0	56189.1	200.942	50.6946
0.01704	0	3	0	56191.9	200.975	50.6885
0.01728	0	0	1	56194.8	201.009	50.6822
0.01752	0	0	1	56197.8	201.044	50.6757
0.01776	0	5	2	56200.8	201.079	50.6692
0.018	0	4	1	56203.8	201.114	50.6627
0.01824	0	3	0	56207	201.151	50.6557
0.01848	0	4	0	56210.2	201.189	50.6487
0.01872	0	1	3	56213.4	201.227	50.6417
0.01896	0	8	1	56216.8	201.266	50.6345
0.0192	0	4	2	56220.3	201.307	50.6269
0.01944	0	3	1	56223.8	201.349	50.6193
0.01968	0	2	2	56227.3	201.39	50.6117
0.01992	0	4	3	56231.1	201.434	50.6035
0.02016	0	4	1	56234.9	201.479	50.5953
0.0204	0	3	4	56238.7	201.523	50.587
0.02064	0	3	0	56242.6	201.569	50.5786
0.02088	0	4	0	56246.7	201.617	50.5697
0.02112	0	6	0	56250.8	201.666	50.5608
0.02136	0	7	0	56254.9	201.714	50.552
0.0216	0	7	2	56259.3	201.765	50.5425
0.02184	0	6	0	56263.7	201.818	50.5329
0.02208	0	8	0	56268.2	201.87	50.5233
0.02232	0	9	4	56272.7	201.923	50.5135
0.02256	0	7	2	56277.6	201.981	50.503
0.0228	0	6	3	56282.5	202.038	50.4924
0.02304	0	7	1	56287.4	202.096	50.4819
0.02328	0	8	1	56292.5	202.156	50.4708
0.02352	0	5	7	56297.9	202.219	50.4593
0.02376	0	19	2	56303.2	202.282	50.4478
0.024	0	13	3	56308.6	202.345	50.4363
0.02424	0	11	5	56314.4	202.414	50.4238
0.02448	0	13	3	56320.2	202.483	50.4112
0.02472	0	16	4	56326.1	202.552	50.3987
0.02496	0	17	2	56332.2	202.624	50.3857
0.0252	0	14	4	56338.6	202.699	50.3719
0.02544	0	15	6	56345	202.775	50.3582
0.02568	0	13	0	56351.4	202.851	50.3445
0.02592	0	17	4	56358.3	202.932	50.3297
0.02616	0	24	3	56365.4	203.015	50.3147
0.0264	0	24	4	56372.4	203.098	50.2997
0.02664	0	25	3	56379.6	203.184	50.2843
0.02688	0	27	4	56387.3	203.275	50.2678
0.02712	0	35	4	56395.1	203.366	50.2513
0.02736	0	30	5	56402.8	203.458	50.2349
0.0276	0	26	5	56411.1	203.557	50.2171
0.02784	0	33	4	56419.7	203.658	50.1989
0.02808	0	36	4	56428.3	203.76	50.1806
0.02832	0	27	8	56437.1	203.864	50.1621
0.02856	0	37	9	56446.6	203.977	50.1419
0.0288	0	44	5	56456.2	204.09	50.1217
0.02904	0	52	9	56465.7	204.203	50.1015
0.02928	0	51	3	56475.8	204.323	50.0802
0.02952	0	42	6	56486.3	204.448	50.058
0.02976	0	54	9	56496.9	204.573	50.0358
0.03	0	69	5	56507.4	204.699	50.0136
0.03024	0	77	8	56519.2	204.839	49.9888
0.03048	0	65	9	56531	204.979	49.9641
0.03072	0	74	9	56542.8	205.119	49.9393
0.03096	0	80	12	56555.2	205.267	49.9133
0.0312	0	75	11	56568.4	205.425	49.8856
0.03144	0	71	5	56581.7	205.583	49.8579
0.03168	0	102	7	56595	205.742	49.8302
0.03192	0	88	7	56609.5	205.916	49.7998
0.03216	0	99	8	56624.4	206.093	49.769
0.0324	0	119	11	56639.2	206.27	49.7383
0.03264	0	131	8	56654.5	206.453	49.7066
0.03288	0	139	7	56671	206.651	49.6724
0.03312	0	145	7	56687.5	206.849	49.6383
0.03336	0	160	6	56704	207.047	49.6042
0.0336	0	154	11	56721.9	207.261	49.5674
0.03384	0	193	9	56740.4	207.483	49.5295
0.03408	0	207	11	56758.8	207.705	49.4916
0.03432	0	250	7	56777.6	207.931	49.4532
0.03456	0	227	6	56798.5	208.183	49.4104
0.0348	0	229	10	56819.4	208.435	49.3678
0.03504	0	233	7	56840.3	208.687	49.3253
0.03528	0	279	6	56862.8	208.959	49.2796
0.03552	0	282	12	56886.5	209.246	49.2316
0.03576	0	335	4	56910.3	209.533	49.1838
0.036	0	349	10	56934	209.82	49.136
0.03624	0	355	7	56960.7	210.145	49.0822
0.03648	0	401	6	56987.5	210.47	49.0286
0.03672	0	445	10	57014.3	210.796	48.9752
0.03696	0	469	6	57042.6	211.141	48.9198
0.0372	0	485	11	57072.8	211.53	48.8759
0.03744	0	519	1	57103.1	211.919	48.8322
0.03768	0	586	4	57133.3	212.308	48.7885
0.03792	0	614	5	57166.9	212.74	48.7402
0.03816	0	656	1	57201	213.179	48.6913
0.0384	0	759	2	57235.1	213.618	48.6425
0.03864	0	770	8	57270.4	214.074	48.5922
0.03888	0	801	4	57308.8	214.57	48.5376
0.03912	0	924	5	57347.1	215.065	48.4833
0.03936	0	1115	3	57385.5	215.562	48.4291
0.0396	0	999	7	57427.5	216.106	48.3699
0.03984	0	1139	2	57471	216.67	48.3089
0.04008	0	1156	13	57514.5	217.235	48.2482
0.04032	0	1438	13	57558.9	217.812	48.1864
0.04056	0	1322	3	57608.8	218.461	48.1172
0.0408	0	1439	4	57658.7	219.111	48.0482
0.04104	0	1604	8	57708.5	219.762	47.9796
0.04128	0	1683	8	57762.2	220.463	47.9062
0.04152	0	1915	5	57818.6	221.201	47.8292
0.04176	0	1918	8	57875.1	221.941	47.7527
0.042	0	2100	8	57931.5	222.681	47.6765
0.04224	0	2332	5	57995	223.516	47.5912
0.04248	0	2548	10	58058.5	224.351	47.5063
0.04272	0	2575	11	58122	225.188	47.422
0.04296	0	2937	12	58188.9	226.07	47.3337
0.0432	0	3063	9	58260.1	227.011	47.2401
0.04344	0	3211	8	58331.4	227.955	47.1471
0.04368	0	3578	5	58402.6	228.9	47.0547
0.04392	0	3945	7	58481.1	229.943	46.9535
0.04416	0	4016	5	58560.8	231.003	46.8514
0.0444	0	4338	5	58640.5	232.066	46.75
0.04464	0	4811	5	58722.8	233.165	46.6461
0.04488	0	4856	10	58811.5	234.322	46.5172
0.04512	0	5403	5	58900.2	235.434	46.3629
0.04536	0	6017	2	58988.9	236.547	46.2091
0.0456	0	6148	6	59083.3	237.731	46.0461
0.04584	0	6692	4	59180	238.943	45.8798
0.04608	0	7341	6	59276.6	240.155	45.7141
0.04632	0	7734	6	59374.3	241.381	45.5473
0.04656	0	8222	7	59478.4	242.686	45.3704
0.0468	0	8766	6	59582.5	243.991	45.1941
0.04704	0	9729	2	59686.5	245.295	45.0186
0.04728	0	10273	4	59792	246.617	44.8414
0.04752	0	10993	5	59898.7	247.953	44.6632
0.04776	0	11907	2	60005.3	249.288	44.4856
0.048	0	12528	4	60111.9	250.622	44.3088
0.04824	0	13714	1	60218	251.949	44.1335
0.04848	0	14630	6	60324.2	253.276	43.959
0.04872	0	15864	4	60430.4	254.602	43.7851
0.04896	0	16831	4	60534	255.905	43.6246
0.0492	1	17698	0	60634.2	257.2	43.4974
0.04944	0	18864	5	60734.5	258.499	43.3713
0.04968	2	20213	4	60834.7	259.801	43.2462
0.04992	3	22026	2	60919.1	260.899	43.1416
0.05016	3	23403	4	61000.8	261.965	43.041
0.0504	10	24646	8	61082.6	263.034	42.941
0.05064	10	26776	5	61154.5	263.976	42.8535
0.05088	16	28278	4	61202	264.599	42.796
0.05112	35	30154	1	61249.5	265.223	42.7387
0.05136	59	32344	2	61297	265.847	42.6817
0.0516	94	34325	2	61301.9	265.912	42.6757
0.05184	114	36421	3	61289.9	265.754	42.6902
0.05208	144	39142	0	61277.8	265.595	42.7047
0.05232	226	41130	2	61254	265.282	42.7333
0.05256	288	43875	3	61159.7	264.044	42.8472
0.0528	396	46392	4	61065.4	262.809	42.9619
0.05304	545	48964	2	60971	261.577	43.0775
0.05328	683	52627	1	60811.1	259.493	43.2756
0.05352	889	55306	0	60601.8	256.781	43.5385
0.05376	1179	57988	4	60392.5	254.13	43.847
0.054	1488	61526	1	60183.3	251.515	44.1908
0.05424	1989	64251	0	59860.4	247.474	44.727
0.05448	2518	67629	4	59537.5	243.427	45.2702
0.05472	3304	71257	2	59214.6	239.378	45.8203
0.05496	4209	73191	2	58853.2	234.844	46.4446
0.0552	5352	77404	1	58440.3	229.4	47.006
0.05544	6723	80202	6	58027.4	223.941	47.5479
0.05568	8118	83337	3	57614.5	218.535	48.1092
0.05592	9899	85433	3	57146.3	212.474	48.7699
0.05616	11487	88079	2	56668.9	206.625	49.6768
0.0564	13061	91050	2	56191.5	200.969	50.6895
0.05664	14405	92766	3	55708.7	195.377	51.7663
0.05688	16227	96125	2	55212.7	189.769	52.9033
0.05712	18049	98045	3	54716.6	184.249	53.9364
0.05736	20101	99331	3	54220.6	178.733	54.9512
0.0576	22591	100723	0	53740.8	173.413	55.9135
0.05784	25180	102839	0	53267.5	168.034	56.7736
0.05808	27293	104655	1	52794.2	162.608	57.6379
0.05832	29934	104114	1	52331.1	157.341	58.5404
0.05856	31743	105532	1	51929.3	152.811	59.3709
0.0588	34700	107119	5	51527.4	148.505	60.4658
0.05904	37282	107711	1	51125.6	144.252	61.6667
0.05928	39480	107743	0	50770	140.489	62.7633
0.05952	42184	107715	4	50449.2	137.098	63.7812
0.05976	44285	108166	1	50128.4	133.716	64.8269
0.06	47026	108397	0	49807.6	129.815	65.47
0.06024	49498	109167	5	49557.6	126.867	66.0078
0.06048	51641	109192	1	49307.6	124.032	66.6076
0.06072	53845	110532	3	49057.6	121.306	67.271
0.06096	56252	110287	1	48830.7	118.921	67.9297
0.0612	58522	110422	2	48634.6	116.927	68.5437
0.06144	60354	111736	1	48438.4	114.993	69.1999
0.06168	62711	111627	1	48242.3	113.606	70.2391
0.06192	65209	111741	0	48078.9	112.683	71.2999
0.06216	67540	111343	2	47921.1	111.783	72.3566
0.0624	69059	111576	2	47763.2	110.874	73.4448
0.06264	71734	111468	1	47614.5	110.012	74.4993
0.06288	73435	111663	1	47488.9	109.278	75.4136
0.06312	75719	112903	0	47363.3	108.54	76.3497
0.06336	77627	113453	1	47237.6	107.798	77.308
0.0636	80059	112277	1	47122.6	107.114	78.2052
0.06384	81987	113612	0	47011.9	106.453	79.0877
0.06408	84378	114606	3	46901.1	105.789	79.9886
0.06432	86366	114933	0	46792.3	105.133	80.8922
0.06456	89055	113771	0	46695.2	104.546	81.7146
0.0648	91079	115945	1	46598.1	103.821	82.5063
0.06504	93320	115874	6	46500.9	102.849	83.2117
0.06528	94942	115694	0	46406.4	101.898	83.8858
0.06552	97525	115482	1	46313.9	100.964	84.5338
0.06576	99233	116138	3	46221.5	100.025	85.1696
0.066	101880	117356	1	46129	99.0834	85.793
0.06624	103679	116825	1	46024.3	98.0134	86.483
0.06648	106357	119202	1	45919.6	96.9397	87.1561
0.06672	108155	119381	85	45814.9	95.8625	87.8117
0.06696	110949	120535	183	45702.2	94.6989	88.498
0.0672	112990	121003	521	45578.6	93.4206	89.2252
0.06744	115406	122192	972	45455.1	92.1392	89.9262
0.06768	118049	122455	2093	45331.6	90.8554	90.6001
0.06792	119969	123631	2656	45183.4	89.3128	91.372
0.06816	122151	126505	3097	45031.1	87.7257	92.1225
0.0684	124727	129505	3625	44878.7	86.1851	92.7907
0.06864	129262	131024	4608	44717.5	84.8939	93.1828
0.06888	131947	131759	6057	44533.8	83.4124	93.5918
0.06912	135319	135704	6469	44350.1	81.9204	93.9602
0.06936	138328	136884	7755	44166.5	80.4196	94.2875
0.0696	142970	138755	8161	43956.8	78.6969	94.6105
0.06984	147117	141276	8895	43736.6	76.8805	94.8908
0.07008	151738	145301	9007	43516.4	75.0583	95.1103
0.07032	156735	148922	9286	43291.8	73.1955	95.2711
0.07056	161120	151189	11233	43040.1	70.8227	95.4389
0.0708	166651	155295	10110	42788.5	68.2047	95.7308
0.07104	173488	158365	11152	42536.8	65.6565	96.129
0.07128	178973	160529	11880	42320.4	63.5201	96.5575
0.07152	185667	164555	11712	42130.3	61.6862	97.0001
0.07176	194269	167747	10460	41940.3	59.8912	97.5056
0.072	202917	171645	11432	41750.2	58.1348	98.0751
0.07224	213222	175101	11981	41798.7	58.5795	97.9236
0.07248	224860	179243	9829	41847.2	59.0267	97.7763
0.07272	237081	184337	8285	41895.8	59.4763	97.6333
0.07296	251845	188918	8027	42157.1	61.9422	96.9339
0.0732	267769	192909	6256	42702.2	67.3232	95.8553
0.07344	284351	200108	4146	43247.3	72.8264	95.2954
0.07368	299661	203190	2615	43792.4	77.3416	94.8255
0.07392	320307	207407	1891	44911.5	86.4799	92.6803
0.07416	341238	211971	513	46126.3	99.0566	85.8105
0.0744	353248	218478	1	47341.1	108.41	76.5168
0.07464	372569	222871	2	48714.2	117.73	68.2893
0.07488	386102	225457	3	50483.1	137.456	63.6724
0.07512	385432	226502	1	52252	156.446	58.7004
0.07536	388502	224341	1	54020.9	176.517	55.3541
0.0756	408160	221280	3	55880.9	197.358	51.3759
0.07584	401664	212213	2	57777.5	220.663	47.8853
0.07608	369463	202085	3	59674	245.138	45.0398
0.07632	358762	191440	2	61512.4	268.689	42.4256
0.07656	339407	178122	2	63002.1	288.846	40.5672
0.0768	312851	160277	3	64491.9	308.495	38.7954
0.07704	293414	142782	3	65981.6	326.764	37.3756
0.07728	263855	125408	2	67045.6	340.305	36.2949
0.07752	228423	105825	0	67790.4	350.514	35.4508
0.07776	192072	88515	2	68535.1	361.328	34.5848
0.078	161272	72158	2	69279.9	372.255	33.8182
0.07824	132891	58803	5	69269.8	372.114	33.8248
0.07848	108133	45802	1	69259.8	371.973	33.8315
0.07872	86360	35524	2	69249.7	371.832	33.8381
0.07896	68391	27325	2	69044.1	368.831	34.0291
0.0792	53075	20522	3	68577.8	361.954	34.537
0.07944	41050	15394	4	68111.6	355.154	35.0694
0.07968	31363	11628	6	67645.3	348.429	35.6272
0.07992	23602	8544	8	67076.9	340.714	36.2623
0.08016	17981	6285	2	66491.5	333.167	36.8654
0.0804	13246	4541	4	65906.1	325.829	37.45
0.08064	9962	3354	4	65338	318.912	37.9819
0.08088	7535	2418	5	64813.2	312.477	38.4801
0.08112	5378	1615	6	64288.4	305.959	38.9992
0.08136	4069	1152	7	63763.7	299.183	39.5854
0.0816	2960	847	3	63321	293.19	40.1509
0.08184	2125	643	7	62911.2	287.604	40.6873
0.08208	1553	470	8	62501.4	281.989	41.2366
0.08232	1121	313	3	62106.8	276.606	41.7414
0.08256	772	247	10	61803.5	272.552	42.0865
0.0828	573	170	7	61500.2	268.527	42.44
0.08304	362	119	6	61196.9	264.532	42.8022
0.08328	238	105	6	60940.3	261.175	43.1154
0.08352	170	98	10	60718.7	258.294	43.3911
0.08376	109	73	8	60497.1	255.435	43.6763
0.084	79	71	9	60275.5	252.668	44.0389
0.08424	56	56	6	60112.6	250.63	44.3077
0.08448	35	61	8	59949.6	248.591	44.5782
0.08472	14	59	10	59786.6	246.549	44.8505
0.08496	13	93	9	59641.3	244.729	45.0948
0.0852	11	74	6	59519.6	243.203	45.3005
0.08544	11	84	12	59397.9	241.676	45.5072
0.08568	8	88	11	59276.1	240.149	45.715
0.08592	2	89	8	59179.6	238.939	45.8804
0.08616	3	85	16	59087.3	237.781	46.0392
0.0864	1	100	9	58995	236.623	46.1986
0.08664	0	118	11	58908.9	235.543	46.3478
0.08688	1	137	11	58838.3	234.658	46.4704
0.08712	2	133	11	58767.8	233.767	46.5896
0.08736	0	121	10	58697.2	232.823	46.6784
0.0876	0	144	9	58638.6	232.04	46.7525
0.08784	0	152	11	58584.7	231.322	46.821
0.08808	2	163	8	58530.8	230.604	46.8897
0.08832	0	204	12	58478.9	229.913	46.9564
0.08856	2	176	5	58438.3	229.374	47.0085
0.0888	1	206	12	58397.8	228.836	47.0609
0.08904	0	226	7	58357.2	228.298	47.1135
0.08928	1	255	4	58323.1	227.846	47.1578
0.08952	0	306	6	58293.8	227.458	47.196
0.08976	0	280	8	58264.6	227.07	47.2343
0.09	0	273	8	58235.3	226.683	47.2727
0.09024	0	311	9	58216	226.429	47.298
0.09048	0	319	11	58196.8	226.174	47.3233
0.09072	0	408	7	58177.5	225.92	47.3487
0.09096	0	405	5	58162.2	225.718	47.3688
0.0912	0	404	9	58152.2	225.586	47.3821
0.09144	0	399	11	58142.2	225.454	47.3953
0.09168	0	463	3	58132.2	225.322	47.4085
0.09192	0	501	9	58129.4	225.285	47.4123
0.09216	0	526	11	58127.8	225.264	47.4144
0.0924	0	573	18	58126.2	225.242	47.4165
0.09264	0	624	14	58126.8	225.25	47.4157
0.09288	0	733	8	58132.8	225.33	47.4077
0.09312	0	773	6	58138.9	225.41	47.3997
0.09336	0	842	8	58144.9	225.489	47.3917
0.0936	0	868	5	58156.6	225.644	47.3762
0.09384	0	953	13	58170.6	225.828	47.3578
0.09408	0	1000	7	58184.6	226.013	47.3394
0.09432	0	1062	14	58199.8	226.214	47.3193
0.09456	0	1160	5	58222.5	226.514	47.2895
0.0948	0	1144	10	58245.2	226.814	47.2597
0.09504	0	1307	9	58267.9	227.114	47.2299
0.09528	0	1386	14	58295.3	227.478	47.1941
0.09552	0	1498	13	58326.3	227.888	47.1536
0.09576	0	1705	9	58357.3	228.299	47.1133
0.096	0	1778	3	58388.3	228.71	47.0731
0.09624	0	1799	9	58427.7	229.233	47.0223
0.09648	0	2028	7	58467	229.755	46.9716
0.09672	0	2258	11	58506.3	230.278	46.9211
0.09696	0	2407	8	58549.4	230.852	46.8659
0.0972	0	2519	13	58597.6	231.494	46.8045
0.09744	0	2762	8	58645.8	232.136	46.7434
0.09768	0	2967	8	58693.9	232.779	46.6825
0.09792	0	3183	11	58750.1	233.53	46.6118
0.09816	0	3337	8	58807.7	234.273	46.5239
0.0984	0	3697	11	58865.2	234.995	46.4237
0.09864	0	3925	12	58925.6	235.752	46.3189
0.09888	0	4244	8	58993	236.598	46.202
0.09912	0	4488	6	59060.5	237.445	46.0854
0.09936	0	4807	13	59128	238.291	45.9691
0.0996	0	5228	7	59201.9	239.218	45.8422
0.09984	0	5582	17	59278.3	240.176	45.7113
0.10008	0	6120	9	59354.7	241.134	45.5809
0.10032	0	6541	17	59432.3	242.108	45.4486
0.10056	0	7066	8	59517.6	243.178	45.3038
0.1008	0	7257	12	59602.9	244.247	45.1596
0.10104	0	8159	9	59688.3	245.317	45.0157
0.10128	0	8536	10	59777	246.429	44.8666
0.10152	0	9187	10	59868.4	247.574	44.7137
0.10176	0	10070	9	59959.8	248.718	44.5613
0.102	0	10465	8	60051.2	249.862	44.4094
0.10224	1	11713	17	60147.2	251.063	44.2504
0.10248	0	12188	14	60243.2	252.264	44.0921
0.10272	0	12902	17	60339.3	253.464	43.9343
0.10296	2	13985	15	60435.1	254.661	43.7774
0.1032	4	15162	17	60530.7	255.862	43.6288
0.10344	7	16020	17	60626.2	257.097	43.5076
0.10368	15	17333	15	60721.8	258.335	43.3872
0.10392	10	18273	11	60806.9	259.439	43.2808
0.10416	15	19580	9	60890.3	260.524	43.1772
0.1044	39	21239	17	60973.6	261.61	43.0744
0.10464	46	23164	15	61050	262.608	42.9807
0.10488	57	24391	13	61108.9	263.379	42.9089
0.10512	84	25797	16	61167.8	264.151	42.8373
0.10536	108	27424	6	61226.7	264.924	42.7661
0.1056	143	29785	10	61251.8	265.254	42.7359
0.10584	184	31806	15	61263.4	265.406	42.7219
0.10608	267	33743	14	61275	265.559	42.708
0.10632	408	36749	8	61276.9	265.584	42.7057
0.10656	506	38641	12	61220.7	264.845	42.7733
0.1068	642	40894	9	61164.6	264.108	42.8413
0.10704	811	43565	14	61108.4	263.372	42.9095
0.10728	1019	46313	10	60995.7	261.898	43.0473
0.10752	1327	49764	11	60840.6	259.877	43.2389
0.10776	1520	52981	7	60685.5	257.864	43.4329
0.108	1884	55388	5	60530.4	255.858	43.6292
0.10824	2349	58001	3	60266.7	252.558	44.0534
0.10848	2814	61642	10	60003.1	249.26	44.4893
0.10872	3554	64927	5	59739.4	245.958	44.9298
0.10896	4369	68643	8	59431.7	242.1	45.4497
0.1092	5288	71977	4	59065.2	237.504	46.0773
0.10944	6356	74745	19	58698.7	232.844	46.6764
0.10968	7847	78296	14	58332.3	227.967	47.1459
0.10992	9344	82249	7	57887.9	222.109	47.7353
0.11016	10986	85134	4	57430.5	216.145	48.3657
0.1104	12787	88342	9	56973.1	210.296	49.0574
0.11064	14579	91689	4	56499.7	204.607	50.0297
0.11088	16044	93806	0	55986.3	198.577	51.1405
0.11112	17656	97443	5	55472.8	192.69	52.3125
0.11136	19395	100393	5	54959.4	186.95	53.433
0.1116	22245	101283	4	54428.3	181.042	54.5285
0.11184	24678	105107	4	53890.3	175.069	55.6157
0.11208	26745	105997	3	53352.3	169.011	56.6247
0.11232	29238	108261	1	52816.9	162.867	57.5952
0.11256	31231	110307	5	52297.1	156.956	58.6091
0.1128	34085	111949	2	51777.3	151.145	59.7393
0.11304	36484	113274	2	51257.4	145.648	61.2682
0.11328	39125	114466	4	50750.9	140.287	62.8232
0.11352	42210	114907	3	50254.4	135.042	64.4131
0.11376	44180	116820	9	49757.8	129.218	65.5723
0.114	46594	117744	4	49261.2	123.518	66.7259
0.11424	48616	118036	4	48779	118.39	68.0875
0.11448	51612	119114	1	48296.8	113.912	69.8922
0.11472	53963	120430	5	47814.6	111.171	73.0872
0.11496	56263	120644	6	47324	108.309	76.6465
0.1152	58951	120506	5	46822.4	105.315	80.6406
0.11544	60898	121378	3	46320.7	101.033	84.4865
0.11568	62865	122452	6	45819.1	95.9058	87.7858
0.11592	63671	121063	4	45241.9	89.9226	91.0719
0.11616	64902	120255	87	44652.1	84.3681	93.3329
0.1164	66185	121133	481	44062.3	79.5653	94.4547
0.11664	68024	121179	1443	43426.2	74.3098	95.1826
0.11688	69693	120670	2576	42673.9	67.0361	95.8989
0.11712	70775	121873	4543	41921.7	59.718	97.5584
0.11736	71202	123532	6616	41169.5	53.3617	100.728
0.1176	70857	123799	9434	40270.1	47.5629	107.506
0.11784	70384	125843	13147	39311.9	42.5884	117.444
0.11808	72100	127283	18212	38353.7	38.1022	129.282
0.11832	71257	129949	23734	37453.5	33.7823	141.716
0.11856	71579	132155	29874	36901.3	30.8653	149.095
0.1188	70984	135176	34092	36349.1	27.8377	156.023
0.11904	72845	140074	38951	35796.9	24.3555	160.097
0.11928	72461	142874	44083	36787.8	30.2491	150.559
0.11952	63757	149510	36813	38935.9	40.8209	121.899
0.11976	0	146460	20151	41084	52.7612	101.275
