0	0	0	0	56399.2	203.416	50.2424
0.00024	0	0	0	56402.7	203.457	50.235
0.00048	0	0	0	56406.2	203.498	50.2276
0.00072	0	0	0	56409.7	203.54	50.2202
0.00096	0	0	0	56413.3	203.582	50.2127
0.0012	0	0	0	56416.9	203.625	50.2049
0.00144	0	0	0	56420.5	203.668	50.1972
0.00168	0	0	0	56424.2	203.711	50.1895
0.00192	0	0	0	56428	203.756	50.1814
0.00216	0	0	0	56431.8	203.801	50.1734
0.0024	0	0	0	56435.6	203.846	50.1653
0.00264	0	0	0	56439.4	203.891	50.1571
0.00288	0	0	0	56443.4	203.939	50.1487
0.00312	0	0	0	56447.4	203.986	50.1403
0.00336	0	0	0	56451.4	204.033	50.1319
0.0036	0	0	0	56455.5	204.082	50.1232
0.00384	0	0	0	56459.6	204.131	50.1143
0.00408	0	0	0	56463.8	204.181	50.1055
0.00432	0	0	0	56468	204.23	50.0967
0.00456	0	0	0	56472.4	204.282	50.0875
0.0048	0	0	0	56476.7	204.334	50.0783
0.00504	0	0	0	56481.1	204.386	50.0691
0.00528	0	0	0	56485.6	204.439	50.0596
0.00552	0	0	0	56490.1	204.493	50.05
0.00576	0	0	0	56494.7	204.548	50.0403
0.006	0	0	0	56499.3	204.602	50.0307
0.00624	0	0	0	56504.1	204.659	50.0206
0.00648	0	0	0	56508.9	204.716	50.0105
0.00672	0	0	0	56513.7	204.773	50.0004
0.00696	0	0	0	56518.6	204.831	49.9901
0.0072	0	0	0	56523.6	204.891	49.9796
0.00744	0	0	0	56528.6	204.951	49.969
0.00768	0	0	0	56533.7	205.011	49.9585
0.00792	0	0	0	56538.9	205.073	49.9474
0.00816	0	0	0	56544.2	205.136	49.9364
0.0084	0	0	0	56549.5	205.199	49.9253
0.00864	0	0	0	56554.8	205.263	49.9141
0.00888	0	0	0	56560.4	205.329	49.9024
0.00912	0	0	0	56565.9	205.395	49.8908
0.00936	0	0	0	56571.5	205.462	49.8792
0.0096	0	0	0	56577.3	205.53	49.8672
0.00984	0	1	0	56583.1	205.6	49.855
0.01008	0	0	0	56588.9	205.67	49.8428
0.01032	0	0	0	56594.8	205.74	49.8305
0.01056	0	0	0	56601	205.813	49.8177
0.0108	0	0	0	56607.1	205.887	49.8049
0.01104	0	1	0	56613.3	205.96	49.7921
0.01128	0	0	0	56619.6	206.036	49.7789
0.01152	0	2	0	56626.1	206.113	49.7655
0.01176	0	0	0	56632.6	206.191	49.752
0.012	0	0	0	56639	206.268	49.7386
0.01224	0	0	0	56645.9	206.35	49.7244
0.01248	0	0	0	56652.7	206.432	49.7102
0.01272	0	3	0	56659.5	206.514	49.6961
0.01296	0	0	2	56666.5	206.598	49.6816
0.0132	0	0	0	56673.8	206.684	49.6666
0.01344	0	0	0	56681	206.771	49.6517
0.01368	0	1	1	56688.2	206.857	49.6368
0.01392	0	1	0	56695.8	206.948	49.6212
0.01416	0	0	0	56703.4	207.039	49.6055
0.0144	0	0	0	56711	207.131	49.5898
0.01464	0	0	0	56718.8	207.224	49.5738
0.01488	0	3	0	56726.8	207.321	49.5572
0.01512	0	2	0	56734.9	207.418	49.5407
0.01536	0	1	0	56743	207.514	49.5241
0.0156	0	0	1	56751.4	207.615	49.5069
0.01584	0	0	0	56759.9	207.718	49.4894
0.01608	0	1	0	56768.4	207.821	49.4719
0.01632	0	1	1	56777	207.924	49.4543
0.01656	0	5	1	56786.1	208.033	49.4358
0.0168	0	1	0	56795.1	208.142	49.4173
0.01704	0	3	0	56804.2	208.251	49.3988
0.01728	0	0	1	56813.6	208.364	49.3798
0.01752	0	0	1	56823.2	208.48	49.3602
0.01776	0	5	2	56832.8	208.596	49.3407
0.018	0	4	1	56842.4	208.712	49.3212
0.01824	0	3	0	56852.5	208.835	49.3005
0.01848	0	4	0	56862.7	208.958	49.2798
0.01872	0	1	3	56872.9	209.081	49.2592
0.01896	0	8	1	56883.4	209.208	49.238
0.0192	0	4	2	56894.3	209.339	49.216
0.01944	0	3	1	56905.1	209.471	49.1941
0.01968	0	2	2	56916	209.602	49.1722
0.01992	0	4	3	56927.4	209.741	49.1491
0.02016	0	4	1	56939	209.881	49.1259
0.0204	0	3	4	56950.6	210.022	49.1026
0.02064	0	3	0	56962.4	210.165	49.079
0.02088	0	4	0	56974.7	210.314	49.0543
0.02112	0	6	0	56987	210.464	49.0297
0.02136	0	7	0	56999.3	210.614	49.005
0.0216	0	7	2	57012.2	210.771	48.9793
0.02184	0	6	0	57025.4	210.931	48.9531
0.02208	0	8	0	57038.5	211.091	48.9269
0.02232	0	9	4	57051.8	211.26	48.9064
0.02256	0	7	2	57065.9	211.441	48.886
0.0228	0	6	3	57080	211.622	48.8656
0.02304	0	7	1	57094	211.802	48.8452
0.02328	0	8	1	57108.7	211.991	48.8241
0.02352	0	5	7	57123.8	212.185	48.8023
0.02376	0	19	2	57138.9	212.379	48.7806
0.024	0	13	3	57153.9	212.573	48.7589
0.02424	0	11	5	57170.1	212.781	48.7356
0.02448	0	13	3	57186.3	212.989	48.7124
0.02472	0	16	4	57202.4	213.197	48.6893
0.02496	0	17	2	57219.1	213.412	48.6654
0.0252	0	14	4	57236.5	213.636	48.6406
0.02544	0	15	6	57253.9	213.86	48.6158
0.02568	0	13	0	57271.2	214.084	48.591
0.02592	0	17	4	57289.7	214.323	48.5647
0.02616	0	24	3	57308.4	214.564	48.5382
0.0264	0	24	4	57327.1	214.806	48.5117
0.02664	0	25	3	57346.1	215.052	48.4847
0.02688	0	27	4	57366.2	215.313	48.4563
0.02712	0	35	4	57386.4	215.573	48.4279
0.02736	0	30	5	57406.5	215.833	48.3995
0.0276	0	26	5	57427.8	216.109	48.3696
0.02784	0	33	4	57449.5	216.391	48.339
0.02808	0	36	4	57471.3	216.674	48.3086
0.02832	0	27	8	57493.3	216.959	48.2778
0.02856	0	37	9	57516.8	217.265	48.2449
0.0288	0	44	5	57540.4	217.571	48.2121
0.02904	0	52	9	57563.9	217.877	48.1793
0.02928	0	51	3	57588.6	218.198	48.1451
0.02952	0	42	6	57614	218.53	48.1098
0.02976	0	54	9	57639.5	218.862	48.0746
0.03	0	69	5	57665	219.194	48.0395
0.03024	0	77	8	57692.7	219.555	48.0014
0.03048	0	65	9	57720.4	219.916	47.9634
0.03072	0	74	9	57748.1	220.278	47.9255
0.03096	0	80	12	57776.8	220.654	47.8862
0.0312	0	75	11	57807	221.049	47.845
0.03144	0	71	5	57837.2	221.445	47.804
0.03168	0	102	7	57867.4	221.841	47.763
0.03192	0	88	7	57900	222.267	47.7191
0.03216	0	99	8	57932.9	222.699	47.6747
0.0324	0	119	11	57965.8	223.131	47.6305
0.03264	0	131	8	57999.5	223.574	47.5852
0.03288	0	139	7	58035.3	224.046	47.5373
0.03312	0	145	7	58071.2	224.518	47.4895
0.03336	0	160	6	58107	224.99	47.4419
0.0336	0	154	11	58145.2	225.494	47.3913
0.03384	0	193	9	58184.4	226.01	47.3396
0.03408	0	207	11	58223.5	226.527	47.2881
0.03432	0	250	7	58263.2	227.052	47.2361
0.03456	0	227	6	58306.2	227.621	47.1799
0.0348	0	229	10	58349.1	228.191	47.124
0.03504	0	233	7	58392.1	228.761	47.0682
0.03528	0	279	6	58437.6	229.364	47.0095
0.03552	0	282	12	58484.8	229.992	46.9487
0.03576	0	335	4	58532.1	230.621	46.8881
0.036	0	349	10	58579.4	231.251	46.8277
0.03624	0	355	7	58631.3	231.943	46.7617
0.03648	0	401	6	58683.3	232.637	46.6959
0.03672	0	445	10	58735.3	233.331	46.6305
0.03696	0	469	6	58789.5	234.045	46.5556
0.0372	0	485	11	58846.7	234.762	46.456
0.03744	0	519	1	58903.9	235.48	46.3565
0.03768	0	586	4	58961.1	236.197	46.2573
0.03792	0	614	5	59023.2	236.977	46.1498
0.03816	0	656	1	59086.2	237.766	46.0412
0.0384	0	759	2	59149.1	238.556	45.9328
0.03864	0	770	8	59213.9	239.368	45.8216
0.03888	0	801	4	59283.2	240.237	45.7029
0.03912	0	924	5	59352.5	241.106	45.5846
0.03936	0	1115	3	59421.7	241.975	45.4666
0.0396	0	999	7	59496.2	242.909	45.3401
0.03984	0	1139	2	59572.8	243.869	45.2105
0.04008	0	1156	13	59649.3	244.829	45.0813
0.04032	0	1438	13	59727.1	245.804	44.9504
0.04056	0	1322	3	59812.3	246.871	44.8076
0.0408	0	1439	4	59897.4	247.937	44.6652
0.04104	0	1604	8	59982.5	249.003	44.5234
0.04128	0	1683	8	60072.8	250.133	44.3735
0.04152	0	1915	5	60167	251.311	44.2177
0.04176	0	1918	8	60261.2	252.489	44.0625
0.042	0	2100	8	60355.4	253.665	43.9079
0.04224	0	2332	5	60459.3	254.963	43.7379
0.04248	0	2548	10	60563.3	256.284	43.5873
0.04272	0	2575	11	60667.3	257.628	43.4558
0.04296	0	2937	12	60775.9	259.036	43.3195
0.0432	0	3063	9	60890.6	260.528	43.1768
0.04344	0	3211	8	61005.4	262.025	43.0353
0.04368	0	3578	5	61120.1	263.526	42.8952
0.04392	0	3945	7	61245	265.164	42.7441
0.04416	0	4016	5	61371.6	266.83	42.5924
0.0444	0	4338	5	61498.2	268.501	42.4423
0.04464	0	4811	5	61628.5	270.226	42.2894
0.04488	0	4856	10	61767.9	272.078	42.1275
0.04512	0	5403	5	61907.3	273.937	41.9674
0.04536	0	6017	2	62046.8	275.801	41.809
0.0456	0	6148	6	62195.4	277.795	41.6422
0.04584	0	6692	4	62347.6	279.875	41.4461
0.04608	0	7341	6	62499.9	281.968	41.2387
0.04632	0	7734	6	62654	284.083	41.0305
0.04656	0	8222	7	62819.7	286.352	40.8088
0.0468	0	8766	6	62985.4	288.617	40.5893
0.04704	0	9729	2	63151	290.877	40.3718
0.04728	0	10273	4	63323	293.217	40.1482
0.04752	0	10993	5	63499.8	295.616	39.9207
0.04776	0	11907	2	63676.6	298.008	39.6955
0.048	0	12528	4	63853.4	300.392	39.4726
0.04824	0	13714	1	64041	302.86	39.2515
0.04848	0	14630	6	64228.6	305.211	39.0598
0.04872	0	15864	4	64416.1	307.553	38.8709
0.04896	0	16831	4	64607.8	309.936	38.6807
0.0492	0	17698	0	64805	312.376	38.488
0.04944	0	18864	5	65002.1	314.804	38.2983
0.04968	0	20213	5	65199.3	317.22	38.1116
0.04992	0	22027	2	65400.2	319.669	37.9242
0.05016	0	23404	4	65601.8	322.112	37.7392
0.0504	0	24646	8	65803.4	324.563	37.5505
0.05064	0	26778	8	66004.6	327.05	37.3529
0.05088	0	28279	4	66204.8	329.548	37.154
0.05112	0	30159	3	66405.1	332.071	36.9529
0.05136	0	32355	3	66605.3	334.618	36.7495
0.0516	0	34354	2	66796.8	337.076	36.5531
0.05184	0	36456	4	66984.7	339.511	36.3585
0.05208	0	39191	3	67172.6	341.967	36.162
0.05232	0	41219	2	67357.5	344.407	35.9669
0.05256	0	44021	5	67524.5	346.701	35.7759
0.0528	0	46541	4	67691.6	349.094	35.5706
0.05304	0	49216	2	67858.6	351.496	35.3688
0.05328	0	53047	3	68001.9	353.565	35.1983
0.05352	0	55863	0	68127.3	355.381	35.0511
0.05376	0	58695	4	68252.7	357.204	34.9057
0.054	0	62472	1	68378.1	359.031	34.7621
0.05424	0	65554	2	68453.1	360.128	34.677
0.05448	0	69303	4	68528.2	361.227	34.5925
0.05472	0	73421	4	68603.3	362.328	34.5087
0.05496	0	75970	2	68651.2	363.031	34.4555
0.0552	0	80896	3	68662.9	363.204	34.4425
0.05544	0	84637	6	68674.7	363.376	34.4296
0.05568	0	88976	4	68686.4	363.549	34.4166
0.05592	0	92578	4	68626.7	362.671	34.4827
0.05616	0	96615	3	68555.1	361.62	34.5625
0.0564	0	101507	2	68483.4	360.571	34.6428
0.05664	0	105052	4	68386.6	359.156	34.7524
0.05688	0	110401	4	68226.8	356.828	34.9355
0.05712	0	115073	3	68067.1	354.509	35.1215
0.05736	0	118765	5	67907.3	352.199	35.3105
0.0576	0	122404	1	67677.2	348.888	35.5881
0.05784	0	126748	0	67419	345.223	35.9016
0.05808	0	132393	4	67160.8	341.813	36.1743
0.05832	0	134526	4	66891.4	338.3	36.4553
0.05856	0	138883	1	66554.8	333.973	36.801
0.0588	0	143577	5	66218.2	329.716	37.1406
0.05904	0	146907	2	65881.7	325.527	37.4739
0.05928	0	149950	0	65500.6	320.887	37.8317
0.05952	1	152518	7	65086.1	315.834	38.2184
0.05976	1	155569	3	64671.6	310.726	38.618
0.06	1	158535	2	64257.2	305.569	39.0308
0.06024	2	161595	8	63787.5	299.504	39.5554
0.06048	2	164517	2	63317.8	293.145	40.1551
0.06072	5	167605	3	62848	286.74	40.7711
0.06096	14	169183	2	62363.5	280.093	41.4244
0.0612	8	170863	3	61859	273.292	42.0227
0.06144	19	173770	3	61354.6	266.606	42.6127
0.06168	40	176164	1	60850.2	260.002	43.227
0.06192	52	176665	0	60324.2	253.276	43.959
0.06216	65	176132	2	59794.6	246.65	44.8371
0.0624	95	178478	2	59265.1	240.011	45.7339
0.06264	177	178570	1	58735.5	233.334	46.6302
0.06288	221	179765	1	58205.7	226.292	47.3115
0.06312	314	180496	2	57676	219.337	48.0244
0.06336	462	181832	1	57146.2	212.474	48.77
0.0636	615	180976	1	56604.6	205.857	49.8102
0.06384	763	181646	0	56058.2	199.413	50.9813
0.06408	1025	183659	3	55511.8	193.132	52.2213
0.06432	1175	183576	0	54966.2	187.026	53.4189
0.06456	1577	181129	0	54425.1	181.007	54.5351
0.0648	1915	182985	1	53884.1	175	55.6281
0.06504	2441	183059	6	53343.1	168.904	56.6408
0.06528	3031	181902	0	52807.5	162.759	57.6128
0.06552	3533	180717	1	52276.1	156.718	58.6516
0.06576	4300	181233	3	51744.6	150.8	59.8334
0.066	5095	179206	1	51213.1	145.179	61.4016
0.06624	5974	178179	1	50724.8	140.011	62.9051
0.06648	7084	179645	1	50236.5	134.854	64.4714
0.06672	8192	175665	85	49748.2	129.104	65.5923
0.06696	9289	175190	183	49292.9	123.868	66.645
0.0672	10320	172735	521	48881.5	119.448	67.7775
0.06744	11478	173788	972	48470.2	115.302	69.0908
0.06768	12846	170604	2093	48058.8	112.569	71.433
0.06792	13683	168552	2656	47707.5	110.552	73.8362
0.06816	15141	169007	3339	47366.3	108.558	76.3269
0.0684	16202	168920	4023	47025	106.532	78.9818
0.06864	17779	169191	5573	46709.5	104.632	81.5927
0.06888	19173	166647	8375	46458.2	102.419	83.5183
0.06912	20546	167707	11132	46206.8	99.8767	85.2689
0.06936	21612	167636	14297	45955.5	97.3087	86.9269
0.0696	22827	167920	15825	45755.4	95.2484	88.1767
0.06984	24110	167576	19309	45575.7	93.39	89.2423
0.07008	25055	170838	21728	45396	91.525	90.2522
0.07032	25889	173130	25467	45226.1	89.7579	91.1536
0.07056	26906	173170	31949	45115.3	88.6035	91.713
0.0708	28234	174512	33192	45004.4	87.4484	92.2491
0.07104	29147	177581	37487	44893.6	86.3037	92.753
0.07128	29686	176820	44142	44815.2	85.6778	92.9488
0.07152	31048	180120	46971	44761.2	85.2448	93.0796
0.07176	31880	182723	48679	44707.1	84.8108	93.2069
0.072	32679	184008	56921	44653.1	84.3758	93.3308
0.07224	33647	186676	60677	44634.7	84.2274	93.3722
0.07248	34924	190137	64308	44616.3	84.0789	93.4132
0.07272	35529	193859	69298	44597.9	83.9303	93.4537
0.07296	36748	197419	75591	44587.1	83.8432	93.4773
0.0732	37984	201143	80271	44586.5	83.8383	93.4787
0.07344	38758	207406	84171	44585.8	83.8333	93.48
0.07368	39340	210108	89518	44585.2	83.8283	93.4813
0.07392	40719	213544	98527	44593.9	83.8984	93.4624
0.07416	41343	217863	102130	44604.1	83.9809	93.44
0.0744	42305	223543	109198	44614.3	84.0634	93.4174
0.07464	43307	229032	116235	44630.8	84.1964	93.3808
0.07488	43967	233002	122670	44663	84.4554	93.3084
0.07512	45249	239803	130199	44695.1	84.7141	93.2348
0.07536	46713	244370	136543	44727.2	84.9724	93.1599
0.0756	47178	249416	142554	44758.9	85.2268	93.0849
0.07584	47720	254485	149965	44790.5	85.4795	93.0092
0.07608	48948	261322	154895	44822	85.7317	92.9322
0.07632	49861	268197	163394	44854.6	85.9924	92.8514
0.07656	50948	275212	171715	44893.8	86.3051	92.7525
0.0768	51664	280431	177143	44933	86.7036	92.5822
0.07704	52665	287896	185318	44972.2	87.1123	92.4007
0.07728	53419	295188	198057	45045.4	87.8753	92.0537
0.07752	54630	301038	205278	45144.1	88.9037	91.5697
0.07776	55338	308710	211509	45242.8	89.9316	91.0674
0.078	56548	316109	222189	45341.5	90.9585	90.5471
0.07824	56919	324784	240837	45563.3	93.2613	89.3139
0.07848	58353	332458	245848	45785	95.5545	87.9956
0.07872	59484	341207	257208	46006.8	97.8346	86.5964
0.07896	60533	352037	274265	46279.3	100.612	84.7736
0.0792	61800	359076	284517	46619.3	104.033	82.3505
0.07944	62729	367032	289755	46959.3	106.138	79.5131
0.07968	65104	380416	301015	47299.3	108.163	76.8348
0.07992	66852	391554	320535	47661.8	110.287	74.1606
0.08016	68470	403066	323319	48028.2	112.394	71.6365
0.0804	70442	418379	330705	48394.5	114.567	69.353
0.08064	72636	432381	349339	48752.9	118.122	68.1684
0.08088	74758	449446	366944	49091.5	121.668	67.1775
0.08112	76936	460505	365630	49430.1	125.406	66.306
0.08136	79808	475856	380279	49768.7	129.348	65.5498
0.0816	81749	497609	411901	50074	133.085	64.9636
0.08184	84901	506922	410919	50366	136.22	64.0498
0.08208	88152	523851	414447	50658	139.304	63.1157
0.08232	90509	547622	442836	50932.3	142.206	62.2587
0.08256	94454	571632	476996	51100.7	143.988	61.7425
0.0828	97359	585951	455829	51269	145.77	61.2335
0.08304	100837	610381	470955	51437.3	147.551	60.7316
0.08328	104807	644864	521759	51495.7	148.169	60.5593
0.08352	109406	664188	529091	51471.5	147.913	60.6306
0.08376	112713	687175	520561	51447.3	147.657	60.7019
0.084	117125	725162	561921	51423.2	147.402	60.7735
0.08424	120532	768647	647973	51222.9	145.282	61.3721
0.08448	124461	782789	586758	51022.6	143.162	61.9808
0.08472	128534	811504	603258	50822.4	141.043	62.5998
0.08496	132442	848272	684096	50575.9	138.436	63.3762
0.0852	137240	867651	709704	50267.7	135.183	64.3696
0.08544	140679	883118	651828	49959.5	131.662	65.1729
0.08568	144285	915751	698513	49651.3	127.958	65.7991
0.08592	146672	958638	857732	49250.3	123.397	66.7541
0.08616	149495	956402	714957	48833.8	118.953	67.9204
0.0864	150728	972017	706843	48417.3	114.788	69.2731
0.08664	154243	1.0159e+06	824583	47995.7	112.209	71.8532
0.08688	155903	1.04259e+06	899738	47561.3	109.702	74.8843
0.08712	159406	1.03726e+06	735129	47126.8	107.139	78.172
0.08736	161575	1.0551e+06	793764	46692.4	104.529	81.7385
0.0876	163391	1.08972e+06	999074	46442.6	102.262	83.6296
0.08784	164419	1.07914e+06	860999	46266.6	100.483	84.861
0.08808	165699	1.0814e+06	799412	46090.6	98.6916	86.0479
0.08832	166627	1.10735e+06	929760	45960	97.3541	86.8986
0.08856	168431	1.1295e+06	1.09084e+06	46101.6	98.8036	85.9752
0.0888	170299	1.11252e+06	844351	46243.1	100.246	85.0216
0.08904	173291	1.12534e+06	874875	46384.7	101.679	84.0389
0.08928	175767	1.1618e+06	1.09169e+06	46568.1	103.522	82.7253
0.08952	178067	1.15662e+06	1.01739e+06	46782.7	105.075	80.9727
0.08976	180709	1.15812e+06	863594	46997.4	106.366	79.2045
0.09	184166	1.18308e+06	973079	47212	107.646	77.506
0.09024	187625	1.23043e+06	1.22423e+06	47276.3	108.027	77.0104
0.09048	191714	1.20616e+06	895369	47340.6	108.407	76.5207
0.09072	193835	1.21779e+06	908868	47404.9	108.785	76.0369
0.09096	197656	1.25787e+06	1.12925e+06	47431	108.939	75.8421
0.0912	200443	1.26168e+06	1.1181e+06	47406.2	108.793	76.0271
0.09144	202964	1.25089e+06	929809	47381.4	108.647	76.213
0.09168	205201	1.26134e+06	1.01477e+06	47356.6	108.501	76.3998
0.09192	208917	1.31219e+06	1.24573e+06	47339.1	108.398	76.5323
0.09216	210739	1.28802e+06	1.03095e+06	47322.8	108.301	76.656
0.0924	212919	1.29122e+06	980823	47306.5	108.205	76.7801
0.09264	213851	1.31878e+06	1.11815e+06	47257.8	107.917	77.1526
0.09288	215091	1.34925e+06	1.27532e+06	47128.2	107.148	78.1608
0.09312	215129	1.33136e+06	1.00525e+06	46998.7	106.374	79.1938
0.09336	215128	1.34515e+06	1.04424e+06	46869.1	105.596	80.2522
0.0936	211856	1.39095e+06	1.33932e+06	46511.1	102.951	83.1381
0.09384	208899	1.38007e+06	1.14255e+06	46061.7	98.3968	86.238
0.09408	206223	1.38749e+06	1.01858e+06	45612.3	93.7698	89.0293
0.09432	206556	1.41469e+06	1.16109e+06	45114.9	88.5998	91.7147
0.09456	210610	1.46356e+06	1.44143e+06	44329.4	81.7513	93.9992
0.0948	216082	1.44606e+06	1.06514e+06	43543.9	75.2854	95.0863
0.09504	221216	1.45881e+06	1.09482e+06	42758.3	67.8955	95.773
0.09528	223963	1.5097e+06	1.41275e+06	41873.7	59.2718	97.6977
0.09552	224017	1.51311e+06	1.30913e+06	40914.8	51.6059	102.415
0.09576	228006	1.51562e+06	1.10314e+06	39956	45.7835	110.448
0.096	239550	1.54012e+06	1.26036e+06	38997.1	41.1082	121.158
0.09624	253730	1.60822e+06	1.53146e+06	38111.1	36.9798	132.544
0.09648	268621	1.58094e+06	1.22462e+06	37225.1	32.5951	144.815
0.09672	282562	1.59895e+06	1.18956e+06	36339.1	27.7824	156.144
0.09696	303210	1.64859e+06	1.4294e+06	35723.1	23.8968	160.553
0.0972	326936	1.66518e+06	1.45228e+06	35467.1	22.358	162.163
0.09744	359636	1.66456e+06	1.23486e+06	35211.1	20.8981	163.814
0.09768	399617	1.6884e+06	1.30807e+06	34955.1	19.5147	165.505
0.09792	449277	1.75628e+06	1.58957e+06	35793.7	24.3352	160.117
0.09816	500013	1.73494e+06	1.29133e+06	36814.8	30.3962	150.212
0.0984	550223	1.75705e+06	1.22543e+06	37835.9	35.6911	136.392
0.09864	614216	1.80956e+06	1.35714e+06	39371.2	42.8676	116.763
0.09888	678697	1.84389e+06	1.56517e+06	42192.1	62.2778	96.8494
0.09912	750207	1.8365e+06	1.18231e+06	45012.9	87.5369	92.2089
0.09936	833446	1.88084e+06	1.2605e+06	47833.8	111.282	72.9541
0.0996	869534	1.96258e+06	1.66708e+06	51546.1	148.702	60.4111
0.09984	913244	1.94574e+06	1.37618e+06	55614.9	194.305	51.9819
0.10008	937064	1.9366e+06	1.18637e+06	59683.7	245.26	45.0234
0.10032	928117	1.9617e+06	1.43013e+06	63651.3	297.666	39.7275
0.10056	913628	1.99557e+06	1.62179e+06	67011.6	339.862	36.3304
0.1008	857118	1.8994e+06	1.31234e+06	70371.9	387.342	33.0913
0.10104	747106	1.84786e+06	1.32957e+06	73732.2	435.484	30.4352
0.10128	602322	1.85486e+06	1.55955e+06	75987.6	469.506	29.333
0.10152	471126	1.78215e+06	1.54976e+06	77414.5	493.704	28.1178
0.10176	359238	1.70668e+06	1.35108e+06	78841.3	515.568	26.4805
0.102	263942	1.69095e+06	1.46624e+06	80268.2	534.922	25.7384
0.10224	179489	1.73256e+06	2.05547e+06	79764	528.039	25.7482
0.10248	117871	1.64796e+06	1.40334e+06	79259.7	521.316	26.0597
0.10272	76521	1.64909e+06	1.35161e+06	78755.5	514.368	26.5732
0.10296	47912	1.70691e+06	1.7089e+06	77790.2	500.211	27.7495
0.1032	28575	1.69886e+06	1.66911e+06	76209.9	472.928	29.1644
0.10344	16797	1.68214e+06	1.42444e+06	74629.7	450.144	30.1762
0.10368	9608	1.70199e+06	1.60095e+06	73049.4	424.036	30.6437
0.10392	5062	1.79861e+06	1.83133e+06	71637.3	403.856	31.874
0.10416	2917	1.77369e+06	1.63682e+06	70253.1	385.726	33.1708
0.1044	1678	1.78266e+06	1.50073e+06	68869	366.24	34.217
0.10464	917	1.83864e+06	1.7866e+06	67570.8	347.363	35.7187
0.10488	448	1.88246e+06	2.18283e+06	66487.4	333.115	36.8696
0.10512	231	1.85654e+06	1.66119e+06	65403.9	319.714	37.9208
0.10536	125	1.88424e+06	1.72353e+06	64320.5	306.359	38.9669
0.1056	78	1.95912e+06	1.85166e+06	63299.1	292.892	40.1792
0.10584	46	1.92192e+06	1.75808e+06	62302.5	279.254	41.5079
0.10608	18	1.92302e+06	1.67063e+06	61305.9	265.965	42.6709
0.10632	5	1.9773e+06	1.80743e+06	60305.6	253.044	43.9894
0.10656	4	2.0698e+06	2.46104e+06	59283.1	240.236	45.7031
0.1068	0	2.04678e+06	1.80318e+06	58260.5	227.017	47.2396
0.10704	0	2.07133e+06	1.85974e+06	57237.9	213.655	48.6385
0.10728	0	2.15562e+06	2.04362e+06	56177.8	200.81	50.7191
0.10752	0	2.13743e+06	2.00375e+06	55089.5	188.399	53.1613
0.10776	0	2.1148e+06	1.7892e+06	54001.2	176.299	55.3936
0.108	0	2.14895e+06	1.94383e+06	52912.9	163.965	57.4156
0.10824	0	2.27426e+06	2.6693e+06	51812.7	151.52	59.6374
0.10848	0	2.21187e+06	1.98234e+06	50712.5	139.88	62.944
0.10872	0	2.23826e+06	1.9996e+06	49612.2	127.501	65.8851
0.10896	0	2.29724e+06	2.10073e+06	48540.7	115.993	68.8526
0.1092	0	2.2941e+06	2.32782e+06	47507.3	109.386	75.2786
0.10944	0	2.25567e+06	1.94366e+06	46473.9	102.577	83.4059
0.10968	0	2.27333e+06	2.20716e+06	45440.5	91.9875	90.0073
0.10992	0	2.37148e+06	2.47096e+06	44536.9	83.4377	93.5851
0.11016	0	2.30009e+06	2.1574e+06	43655	76.2059	94.9792
0.1104	0	2.29244e+06	2.02039e+06	42773.1	68.0472	95.7521
0.11064	0	2.33386e+06	2.11428e+06	41814.6	58.7255	97.875
0.11088	0	2.35821e+06	2.79865e+06	40664.6	49.9704	104.247
0.11112	0	2.28478e+06	2.04858e+06	39514.5	43.5421	115.14
0.11136	0	2.26008e+06	2.06525e+06	38364.4	38.1522	129.14
0.1116	0	2.32811e+06	2.20316e+06	37182.1	32.3683	145.392
0.11184	0	2.24024e+06	2.13611e+06	35986.9	25.5671	158.936
0.11208	0	2.17445e+06	1.88999e+06	34791.6	18.6706	166.607
0.11232	0	2.16335e+06	2.06327e+06	33591.9	14.0918	182.847
0.11256	0	2.20733e+06	2.6542e+06	32364.9	10.8375	208.525
0.1128	0	2.08051e+06	1.95249e+06	31137.9	8.04107	238.909
0.11304	0	2.04574e+06	1.91284e+06	29910.9	5.32985	275.349
0.11328	0	2.05664e+06	2.0364e+06	28176.6	2.90879	341.171
0.11352	0	1.96592e+06	1.95376e+06	26062	1.32802	446.982
0.11376	0	1.87122e+06	1.71125e+06	23947.3	0.371071	588.832
0.114	0	1.84023e+06	1.73728e+06	21832.7	0.342099	805.431
0.11424	0	1.88943e+06	1.99426e+06	18750.6	0	1361.32
0.11448	0	1.75667e+06	1.66323e+06	15668.4	0	2643.33
0.11472	0	1.7072e+06	1.54691e+06	12586.3	0	9970.2
0.11496	0	1.7099e+06	1.7042e+06	9923.12	0	25790.6
0.1152	0	1.65662e+06	1.77491e+06	7818.59	0	42042.6
0.11544	0	1.55934e+06	1.47989e+06	5714.07	0	62875.3
0.11568	13	1.5328e+06	1.47343e+06	3609.55	0	72445.5
0.11592	263	1.56095e+06	1.69607e+06	6888.87	0	50074.6
0.11616	14870	1.45839e+06	1.42979e+06	11065.5	0	18173.5
0.1164	296733	1.4231e+06	1.18141e+06	15242.1	0	3053.09
0.11664	1.0882e+06	1.44807e+06	1.05469e+06	21580.8	0.354346	838.586
0.11688	1.84334e+06	1.4532e+06	574380	33324.7	13.2982	187.879
0.11712	2.33279e+06	1.39633e+06	176253	45068.5	88.1165	91.9419
0.11736	2.65483e+06	1.41656e+06	77143	56812.4	208.35	49.3821
0.1176	2.69822e+06	1.49489e+06	86571	67542.6	346.959	35.7535
0.11784	2.57495e+06	1.37402e+06	97900	77867.3	501.524	27.6678
0.11808	2.00906e+06	1.17478e+06	111142	88192	663.029	22.5242
0.11832	1.36337e+06	947589	123723	97588.6	813.699	17.7544
0.11856	1.03366e+06	748716	136226	101416	875.026	15.7944
0.1188	737050	555479	140964	105244	936.353	13.8345
0.11904	494170	410709	145146	109071	997.68	11.8746
0.11928	306936	310169	149620	112510	1052.79	10.1135
0.11952	170620	250855	125964	115658	1103.23	8.50147
0.11976	0	206982	75524	118806	1153.67	6.88943
