0	0	0	0	56000.1	198.738	51.1098
0.00024	0	0	0	56000.1	198.738	51.1098
0.00048	0	0	0	56000.1	198.738	51.1098
0.00072	0	0	0	56000.1	198.738	51.1098
0.00096	0	0	0	56000.1	198.738	51.1098
0.0012	0	0	0	56000.1	198.738	51.1098
0.00144	0	0	0	56000.1	198.738	51.1098
0.00168	0	0	0	56000.1	198.738	51.1098
0.00192	0	0	0	56000.1	198.738	51.1098
0.00216	0	0	0	56000.1	198.738	51.1098
0.0024	0	0	0	56000.1	198.738	51.1098
0.00264	0	0	0	56000.1	198.738	51.1097
0.00288	0	0	0	56000.1	198.738	51.1097
0.00312	0	0	0	56000.1	198.738	51.1097
0.00336	0	0	0	56000.1	198.738	51.1097
0.0036	0	0	0	56000.1	198.738	51.1097
0.00384	0	0	0	56000.2	198.738	51.1097
0.00408	0	0	0	56000.2	198.738	51.1097
0.00432	0	0	0	56000.2	198.738	51.1097
0.00456	0	0	0	56000.2	198.738	51.1097
0.0048	0	0	0	56000.2	198.738	51.1097
0.00504	0	0	0	56000.2	198.738	51.1096
0.00528	0	0	0	56000.2	198.739	51.1096
0.00552	0	0	0	56000.2	198.739	51.1096
0.00576	0	0	0	56000.2	198.739	51.1096
0.006	0	0	0	56000.2	198.739	51.1096
0.00624	0	0	0	56000.2	198.739	51.1096
0.00648	0	0	0	56000.2	198.739	51.1095
0.00672	0	0	0	56000.2	198.739	51.1095
0.00696	0	0	0	56000.2	198.739	51.1095
0.0072	0	0	0	56000.2	198.739	51.1095
0.00744	0	0	0	56000.3	198.739	51.1095
0.00768	0	0	0	56000.3	198.74	51.1094
0.00792	0	0	0	56000.3	198.74	51.1094
0.00816	0	0	0	56000.3	198.74	51.1094
0.0084	0	0	0	56000.3	198.74	51.1094
0.00864	0	0	0	56000.3	198.74	51.1093
0.00888	0	0	0	56000.3	198.74	51.1093
0.00912	0	0	0	56000.3	198.74	51.1093
0.00936	0	0	0	56000.4	198.741	51.1092
0.0096	0	0	0	56000.4	198.741	51.1092
0.00984	0	1	0	56000.4	198.741	51.1092
0.01008	0	0	0	56000.4	198.741	51.1092
0.01032	0	0	0	56000.4	198.741	51.1091
0.01056	0	0	0	56000.4	198.741	51.1091
0.0108	0	0	0	56000.4	198.741	51.1091
0.01104	0	1	0	56000.4	198.741	51.1091
0.01128	0	0	0	56000.4	198.741	51.1091
0.01152	0	2	0	56000.4	198.742	51.1091
0.01176	0	0	0	56000.5	198.742	51.109
0.012	0	0	0	56000.5	198.742	51.109
0.01224	0	0	0	56000.5	198.742	51.109
0.01248	0	0	0	56000.5	198.742	51.1089
0.01272	0	3	0	56000.5	198.742	51.1089
0.01296	0	0	2	56000.6	198.743	51.1088
0.0132	0	0	0	56000.6	198.743	51.1087
0.01344	0	0	0	56000.6	198.744	51.1087
0.01368	0	1	1	56000.7	198.744	51.1086
0.01392	0	1	0	56000.7	198.744	51.1085
0.01416	0	0	0	56000.7	198.745	51.1084
0.0144	0	0	0	56000.7	198.745	51.1084
0.01464	0	0	0	56000.8	198.745	51.1083
0.01488	0	3	0	56000.8	198.746	51.1082
0.01512	0	2	0	56000.8	198.746	51.1082
0.01536	0	1	0	56000.9	198.746	51.1081
0.0156	0	0	1	56000.9	198.747	51.108
0.01584	0	0	0	56000.9	198.747	51.108
0.01608	0	1	0	56001	198.748	51.1079
0.01632	0	1	1	56001	198.748	51.1078
0.01656	0	5	1	56001.1	198.749	51.1077
0.0168	0	1	0	56001.1	198.749	51.1076
0.01704	0	3	0	56001.1	198.75	51.1075
0.01728	0	0	1	56001.2	198.75	51.1074
0.01752	0	0	1	56001.2	198.75	51.1073
0.01776	0	5	2	56001.2	198.751	51.1073
0.018	0	4	1	56001.3	198.751	51.1072
0.01824	0	3	0	56001.3	198.752	51.1071
0.01848	0	4	0	56001.4	198.752	51.107
0.01872	0	1	3	56001.4	198.753	51.1069
0.01896	0	8	1	56001.5	198.753	51.1068
0.0192	0	4	2	56001.5	198.754	51.1066
0.01944	0	3	1	56001.6	198.755	51.1064
0.01968	0	2	2	56001.7	198.756	51.1063
0.01992	0	4	3	56001.8	198.757	51.106
0.02016	0	4	1	56001.9	198.759	51.1058
0.0204	0	3	4	56002	198.76	51.1055
0.02064	0	3	0	56002.1	198.761	51.1053
0.02088	0	4	0	56002.2	198.762	51.1051
0.02112	0	6	0	56002.3	198.763	51.105
0.02136	0	7	0	56002.4	198.764	51.1048
0.0216	0	7	2	56002.4	198.764	51.1047
0.02184	0	6	0	56002.5	198.765	51.1045
0.02208	0	8	0	56002.5	198.766	51.1044
0.02232	0	9	4	56002.6	198.767	51.1042
0.02256	0	7	2	56002.8	198.768	51.1039
0.0228	0	6	3	56002.9	198.77	51.1036
0.02304	0	7	1	56003	198.771	51.1033
0.02328	0	8	1	56003.2	198.773	51.103
0.02352	0	5	7	56003.3	198.775	51.1027
0.02376	0	19	2	56003.4	198.776	51.1024
0.024	0	13	3	56003.6	198.778	51.1021
0.02424	0	11	5	56003.7	198.779	51.1018
0.02448	0	13	3	56003.8	198.781	51.1016
0.02472	0	16	4	56003.9	198.782	51.1013
0.02496	0	17	2	56004	198.783	51.1011
0.0252	0	14	4	56004.2	198.785	51.1008
0.02544	0	15	6	56004.3	198.786	51.1006
0.02568	0	13	0	56004.4	198.787	51.1004
0.02592	0	17	4	56004.3	198.787	51.1004
0.02616	0	24	3	56004.3	198.787	51.1004
0.0264	0	24	4	56004.3	198.786	51.1005
0.02664	0	25	3	56004.2	198.786	51.1006
0.02688	0	27	4	56004.1	198.784	51.101
0.02712	0	35	4	56003.9	198.782	51.1014
0.02736	0	30	5	56003.7	198.78	51.1018
0.0276	0	26	5	56003.5	198.777	51.1023
0.02784	0	33	4	56003.2	198.774	51.1029
0.02808	0	36	4	56003	198.771	51.1035
0.02832	0	27	8	56002.6	198.767	51.1042
0.02856	0	37	9	56002.1	198.76	51.1054
0.0288	0	44	5	56001.5	198.754	51.1067
0.02904	0	52	9	56000.9	198.747	51.108
0.02928	0	51	3	56000.1	198.737	51.1099
0.02952	3	42	6	55999	198.724	51.1124
0.02976	4	53	9	55997.9	198.711	51.1148
0.03	7	69	5	55996.7	198.699	51.1173
0.03024	2	77	8	55995.3	198.682	51.1204
0.03048	12	65	9	55993.9	198.666	51.1235
0.03072	5	74	8	55992.5	198.649	51.1266
0.03096	18	79	10	55991.2	198.634	51.1296
0.0312	19	71	7	55990	198.62	51.1323
0.03144	35	68	4	55988.8	198.606	51.135
0.03168	33	95	6	55987.5	198.592	51.1377
0.03192	36	74	3	55986.8	198.583	51.1393
0.03216	51	77	7	55986.2	198.576	51.1408
0.0324	55	85	8	55985.5	198.568	51.1422
0.03264	74	98	6	55985	198.562	51.1434
0.03288	86	99	6	55984.7	198.559	51.1439
0.03312	79	94	5	55984.5	198.557	51.1444
0.03336	85	104	4	55984.3	198.554	51.1449
0.0336	96	92	8	55984.1	198.552	51.1453
0.03384	80	101	6	55984	198.55	51.1456
0.03408	120	104	6	55983.8	198.549	51.146
0.03432	97	124	4	55983.7	198.547	51.1462
0.03456	104	94	4	55983.9	198.55	51.1457
0.0348	106	80	8	55984.1	198.552	51.1453
0.03504	115	100	3	55984.3	198.554	51.1449
0.03528	105	104	1	55985	198.562	51.1434
0.03552	131	105	5	55986	198.574	51.1411
0.03576	141	99	2	55987	198.586	51.1388
0.036	128	77	4	55988.1	198.598	51.1365
0.03624	143	84	2	55989.8	198.618	51.1326
0.03648	141	74	4	55991.6	198.638	51.1288
0.03672	116	76	8	55993.3	198.658	51.1249
0.03696	138	55	3	55995	198.678	51.1212
0.0372	136	49	3	55996.5	198.696	51.1177
0.03744	103	56	0	55998.1	198.715	51.1142
0.03768	105	48	1	55999.7	198.733	51.1107
0.03792	96	53	3	56000.7	198.745	51.1085
0.03816	73	53	1	56001.6	198.755	51.1065
0.0384	97	38	1	56002.5	198.765	51.1046
0.03864	76	33	2	56003.3	198.774	51.1028
0.03888	67	34	2	56003.9	198.781	51.1015
0.03912	58	37	3	56004.4	198.788	51.1002
0.03936	70	39	1	56005	198.795	51.0989
0.0396	74	25	5	56005.6	198.801	51.0977
0.03984	65	20	1	56006	198.807	51.0966
0.04008	61	24	3	56006.5	198.812	51.0955
0.04032	44	13	5	56007	198.818	51.0945
0.04056	35	12	0	56007.1	198.819	51.0942
0.0408	26	5	0	56007.3	198.821	51.0939
0.04104	18	7	1	56007.4	198.822	51.0936
0.04128	21	5	3	56007.3	198.822	51.0938
0.04152	21	3	0	56007.1	198.819	51.0942
0.04176	12	2	1	56006.9	198.816	51.0947
0.042	6	4	0	56006.7	198.814	51.0952
0.04224	8	1	1	56006.3	198.81	51.096
0.04248	6	4	0	56006	198.806	51.0968
0.04272	6	5	0	56005.6	198.802	51.0976
0.04296	4	0	0	56005.3	198.798	51.0983
0.0432	10	1	0	56005	198.794	51.099
0.04344	4	2	0	56004.6	198.79	51.0998
0.04368	4	1	0	56004.3	198.786	51.1005
0.04392	1	0	0	56004	198.783	51.1011
0.04416	0	0	0	56003.7	198.78	51.1018
0.0444	0	0	0	56003.4	198.776	51.1024
0.04464	0	0	0	56003.2	198.773	51.103
0.04488	0	0	0	56003	198.771	51.1035
0.04512	0	0	0	56002.7	198.768	51.104
0.04536	0	0	0	56002.5	198.765	51.1045
0.0456	0	0	1	56002.3	198.763	51.1049
0.04584	0	0	0	56002.2	198.762	51.1052
0.04608	0	0	0	56002	198.76	51.1056
0.04632	0	0	0	56001.9	198.758	51.1059
0.04656	0	0	0	56001.8	198.757	51.1061
0.0468	0	0	0	56001.6	198.755	51.1064
0.04704	0	0	0	56001.5	198.754	51.1066
0.04728	0	0	0	56001.4	198.753	51.1068
0.04752	0	0	0	56001.4	198.752	51.107
0.04776	0	0	0	56001.3	198.751	51.1072
0.048	0	0	0	56001.2	198.75	51.1074
0.04824	0	0	0	56001.1	198.75	51.1075
0.04848	0	0	0	56001.1	198.749	51.1076
0.04872	0	0	0	56001	198.748	51.1078
0.04896	0	0	0	56001	198.748	51.1079
0.0492	0	0	0	56000.9	198.747	51.108
0.04944	0	0	0	56000.9	198.747	51.1081
0.04968	0	0	0	56000.8	198.746	51.1082
0.04992	0	0	0	56000.8	198.746	51.1083
0.05016	0	0	0	56000.8	198.745	51.1083
0.0504	0	0	0	56000.7	198.745	51.1084
0.05064	0	0	0	56000.7	198.744	51.1085
0.05088	0	0	0	56000.7	198.744	51.1085
0.05112	0	0	0	56000.6	198.744	51.1086
0.05136	0	0	0	56000.6	198.744	51.1087
0.0516	0	0	0	56000.6	198.743	51.1087
0.05184	0	0	0	56000.6	198.743	51.1088
0.05208	0	0	0	56000.6	198.743	51.1088
0.05232	0	0	0	56000.5	198.743	51.1088
0.05256	0	0	0	56000.5	198.742	51.1089
0.0528	0	0	0	56000.5	198.742	51.1089
0.05304	0	0	0	56000.5	198.742	51.109
0.05328	0	0	0	56000.5	198.742	51.109
0.05352	0	0	0	56000.5	198.742	51.109
0.05376	0	0	0	56000.4	198.742	51.109
0.054	0	0	0	56000.4	198.741	51.1091
0.05424	0	0	0	56000.4	198.741	51.1091
0.05448	0	0	0	56000.4	198.741	51.1091
0.05472	0	0	0	56000.4	198.741	51.1091
0.05496	0	0	0	56000.4	198.741	51.1092
0.0552	0	0	0	56000.4	198.741	51.1092
0.05544	0	0	0	56000.4	198.741	51.1092
0.05568	0	0	0	56000.4	198.741	51.1092
0.05592	0	0	0	56000.4	198.741	51.1092
0.05616	0	0	0	56000.4	198.741	51.1092
0.0564	0	0	0	56000.4	198.74	51.1093
0.05664	0	0	0	56000.3	198.74	51.1093
0.05688	0	0	0	56000.3	198.74	51.1093
0.05712	0	0	0	56000.3	198.74	51.1093
0.05736	0	0	0	56000.3	198.74	51.1093
0.0576	0	0	0	56000.3	198.74	51.1093
0.05784	0	0	0	56000.3	198.74	51.1093
0.05808	0	0	0	56000.3	198.74	51.1093
0.05832	0	0	0	56000.3	198.74	51.1093
0.05856	0	0	0	56000.3	198.74	51.1093
0.0588	0	0	0	56000.3	198.74	51.1093
0.05904	0	0	0	56000.3	198.74	51.1093
0.05928	0	0	0	56000.3	198.74	51.1093
0.05952	0	0	0	56000.3	198.74	51.1093
0.05976	0	0	0	56000.3	198.74	51.1093
0.06	0	0	0	56000.3	198.74	51.1094
0.06024	0	0	0	56000.3	198.74	51.1094
0.06048	0	0	0	56000.3	198.74	51.1093
0.06072	0	0	0	56000.3	198.74	51.1093
0.06096	0	0	0	56000.3	198.74	51.1093
0.0612	0	0	0	56000.3	198.74	51.1093
0.06144	0	0	0	56000.3	198.74	51.1093
0.06168	0	0	0	56000.3	198.74	51.1093
0.06192	0	0	0	56000.3	198.74	51.1093
0.06216	0	0	0	56000.3	198.74	51.1093
0.0624	0	0	0	56000.3	198.74	51.1093
0.06264	0	0	0	56000.3	198.74	51.1093
0.06288	0	0	0	56000.3	198.74	51.1093
0.06312	0	0	0	56000.3	198.74	51.1093
0.06336	0	0	0	56000.3	198.74	51.1093
0.0636	0	0	0	56000.3	198.74	51.1093
0.06384	0	0	0	56000.4	198.741	51.1092
0.06408	0	0	0	56000.4	198.741	51.1092
0.06432	0	0	0	56000.4	198.741	51.1092
0.06456	0	0	0	56000.4	198.741	51.1092
0.0648	0	0	0	56000.4	198.741	51.1092
0.06504	0	0	0	56000.4	198.741	51.1092
0.06528	0	0	0	56000.4	198.741	51.1091
0.06552	0	0	0	56000.4	198.741	51.1091
0.06576	0	0	0	56000.4	198.741	51.1091
0.066	0	0	0	56000.4	198.742	51.1091
0.06624	0	0	0	56000.5	198.742	51.109
0.06648	0	0	0	56000.5	198.742	51.109
0.06672	0	0	0	56000.5	198.742	51.1089
0.06696	0	0	0	56000.5	198.742	51.1089
0.0672	0	0	0	56000.5	198.743	51.1089
0.06744	0	0	0	56000.6	198.743	51.1088
0.06768	0	0	0	56000.6	198.743	51.1088
0.06792	0	0	0	56000.6	198.743	51.1087
0.06816	0	0	0	56000.6	198.744	51.1087
0.0684	0	0	0	56000.6	198.744	51.1086
0.06864	0	0	0	56000.7	198.744	51.1086
0.06888	0	0	0	56000.7	198.744	51.1085
0.06912	0	0	0	56000.7	198.744	51.1085
0.06936	0	3	0	56000.7	198.745	51.1084
0.0696	0	0	0	56000.7	198.745	51.1084
0.06984	0	0	0	56000.8	198.745	51.1083
0.07008	0	0	0	56000.8	198.746	51.1082
0.07032	0	0	0	56000.8	198.746	51.1082
0.07056	0	0	0	56000.9	198.747	51.108
0.0708	0	0	0	56001	198.747	51.1079
0.07104	0	0	0	56001	198.748	51.1078
0.07128	0	0	0	56001.1	198.749	51.1076
0.07152	0	0	0	56001.1	198.75	51.1075
0.07176	0	0	0	56001.2	198.75	51.1074
0.072	0	1	0	56001.3	198.751	51.1072
0.07224	0	1	0	56001.3	198.752	51.1071
0.07248	0	1	0	56001.4	198.752	51.107
0.07272	0	2	1	56001.4	198.753	51.1069
0.07296	0	3	0	56001.4	198.753	51.1068
0.0732	0	1	0	56001.5	198.754	51.1068
0.07344	0	2	0	56001.5	198.754	51.1067
0.07368	0	4	0	56001.5	198.754	51.1066
0.07392	0	2	0	56001.6	198.755	51.1064
0.07416	0	4	0	56001.7	198.756	51.1063
0.0744	0	0	1	56001.8	198.757	51.1061
0.07464	0	1	0	56001.9	198.758	51.1059
0.07488	0	2	1	56002	198.759	51.1057
0.07512	0	4	1	56002.1	198.761	51.1054
0.07536	0	1	0	56002.2	198.762	51.1052
0.0756	0	3	1	56002.3	198.763	51.105
0.07584	0	4	0	56002.4	198.764	51.1048
0.07608	0	7	2	56002.5	198.765	51.1046
0.07632	0	10	0	56002.6	198.766	51.1044
0.07656	0	1	0	56002.6	198.767	51.1042
0.0768	0	7	1	56002.7	198.768	51.104
0.07704	0	4	1	56002.8	198.769	51.1038
0.07728	0	3	1	56002.9	198.77	51.1037
0.07752	0	7	0	56002.9	198.77	51.1035
0.07776	0	14	1	56003	198.771	51.1034
0.078	0	6	1	56003	198.772	51.1033
0.07824	0	10	3	56003.1	198.772	51.1032
0.07848	0	17	1	56003.1	198.773	51.1031
0.07872	0	13	2	56003.1	198.773	51.103
0.07896	0	14	2	56003.2	198.774	51.1029
0.0792	0	10	3	56003.4	198.775	51.1026
0.07944	0	14	3	56003.5	198.777	51.1023
0.07968	0	13	6	56003.6	198.779	51.1019
0.07992	0	8	7	56003.8	198.781	51.1016
0.08016	0	13	1	56004	198.782	51.1012
0.0804	0	11	4	56004.1	198.784	51.1009
0.08064	0	23	4	56004.3	198.786	51.1006
0.08088	0	25	3	56004.3	198.786	51.1006
0.08112	0	23	6	56004.3	198.786	51.1006
0.08136	0	18	5	56004.3	198.786	51.1006
0.0816	0	32	3	56004.1	198.784	51.1009
0.08184	0	22	5	56003.9	198.782	51.1014
0.08208	0	34	6	56003.7	198.779	51.1019
0.08232	0	30	3	56003.4	198.776	51.1025
0.08256	0	35	6	56002.9	198.77	51.1036
0.0828	1	29	6	56002.4	198.764	51.1048
0.08304	2	46	6	56001.8	198.758	51.106
0.08328	0	52	6	56001.2	198.75	51.1075
0.08352	1	54	7	56000.4	198.741	51.1092
0.08376	4	49	7	55999.6	198.732	51.1109
0.084	5	56	6	55998.8	198.723	51.1127
0.08424	9	39	5	55997.8	198.711	51.1148
0.08448	9	52	5	55996.9	198.7	51.117
0.08472	12	51	9	55995.9	198.689	51.1191
0.08496	14	82	6	55994.8	198.676	51.1216
0.0852	16	65	6	55993.5	198.661	51.1244
0.08544	18	75	11	55992.3	198.647	51.1272
0.08568	27	77	7	55991	198.632	51.1299
0.08592	28	71	6	55989.5	198.615	51.1332
0.08616	23	73	15	55988	198.597	51.1366
0.0864	32	83	5	55986.5	198.579	51.14
0.08664	28	90	7	55985.1	198.563	51.1432
0.08688	38	113	7	55984	198.551	51.1456
0.08712	48	90	6	55982.9	198.538	51.148
0.08736	73	84	5	55981.8	198.525	51.1504
0.0876	85	86	4	55981.4	198.521	51.1513
0.08784	96	95	4	55981.3	198.52	51.1515
0.08808	97	96	2	55981.2	198.519	51.1517
0.08832	96	108	7	55981.3	198.519	51.1516
0.08856	102	75	3	55982.1	198.529	51.1498
0.0888	114	80	3	55983	198.539	51.1479
0.08904	115	89	5	55983.8	198.548	51.146
0.08928	134	91	2	55985.3	198.565	51.1428
0.08952	116	86	4	55987.2	198.588	51.1385
0.08976	139	62	5	55989.1	198.61	51.1342
0.09	129	70	3	55991	198.632	51.13
0.09024	136	62	7	55993.3	198.659	51.1249
0.09048	141	52	2	55995.6	198.685	51.1198
0.09072	126	57	4	55997.9	198.712	51.1147
0.09096	109	52	2	56000	198.736	51.1101
0.0912	96	36	6	56001.7	198.756	51.1063
0.09144	97	35	3	56003.4	198.776	51.1025
0.09168	87	35	0	56005.1	198.796	51.0986
0.09192	79	34	2	56006.2	198.808	51.0963
0.09216	53	22	3	56007.1	198.819	51.0943
0.0924	64	19	5	56008	198.829	51.0923
0.09264	41	18	4	56008.7	198.837	51.0907
0.09288	44	19	2	56008.9	198.84	51.0903
0.09312	37	18	0	56009.1	198.842	51.0899
0.09336	27	14	3	56009.3	198.844	51.0894
0.0936	24	14	3	56009.2	198.843	51.0897
0.09384	24	11	5	56009	198.841	51.0901
0.09408	12	6	2	56008.8	198.838	51.0906
0.09432	10	11	4	56008.5	198.835	51.0911
0.09456	13	12	2	56008.2	198.832	51.0919
0.0948	10	11	2	56007.9	198.828	51.0926
0.09504	7	12	0	56007.5	198.824	51.0933
0.09528	8	12	4	56007.2	198.82	51.094
0.09552	13	16	4	56006.9	198.816	51.0947
0.09576	10	4	4	56006.6	198.813	51.0955
0.096	2	9	1	56006.2	198.809	51.0962
0.09624	3	15	1	56005.9	198.805	51.0969
0.09648	3	19	2	56005.6	198.801	51.0976
0.09672	3	7	2	56005.3	198.798	51.0983
0.09696	3	14	1	56004.9	198.794	51.0991
0.0972	2	18	4	56004.6	198.79	51.0998
0.09744	4	10	3	56004.2	198.786	51.1006
0.09768	1	12	5	56003.9	198.782	51.1014
0.09792	0	23	4	56003.4	198.776	51.1024
0.09816	1	14	2	56003	198.771	51.1035
0.0984	2	21	1	56002.5	198.765	51.1045
0.09864	0	23	6	56002	198.76	51.1056
0.09888	1	28	2	56001.5	198.753	51.1068
0.09912	0	25	1	56000.9	198.747	51.1079
0.09936	0	21	6	56000.4	198.741	51.1091
0.0996	5	16	5	55999.9	198.735	51.1102
0.09984	2	29	11	55999.4	198.73	51.1113
0.10008	8	28	5	55998.9	198.724	51.1124
0.10032	9	28	8	55998.5	198.718	51.1135
0.10056	6	33	3	55998	198.713	51.1146
0.1008	8	30	8	55997.4	198.707	51.1157
0.10104	10	39	1	55996.9	198.701	51.1168
0.10128	15	31	5	55996.5	198.695	51.1179
0.10152	14	31	5	55996.1	198.691	51.1188
0.10176	17	38	3	55995.6	198.686	51.1197
0.102	26	27	1	55995.2	198.681	51.1207
0.10224	15	31	9	55995	198.678	51.1211
0.10248	25	43	6	55994.8	198.676	51.1216
0.10272	28	30	5	55994.6	198.674	51.122
0.10296	32	39	5	55994.5	198.672	51.1223
0.1032	29	34	6	55994.4	198.672	51.1224
0.10344	32	34	5	55994.4	198.671	51.1224
0.10368	42	41	6	55994.4	198.671	51.1225
0.10392	32	44	6	55994.5	198.673	51.1222
0.10416	39	48	4	55994.7	198.674	51.1219
0.1044	47	41	2	55994.8	198.676	51.1215
0.10464	49	32	5	55995.1	198.679	51.121
0.10488	38	32	3	55995.4	198.684	51.1201
0.10512	47	26	7	55995.8	198.688	51.1193
0.10536	44	37	2	55996.2	198.693	51.1184
0.1056	42	34	3	55996.7	198.698	51.1174
0.10584	59	25	3	55997.2	198.704	51.1163
0.10608	44	27	5	55997.7	198.709	51.1152
0.10632	49	30	3	55998.2	198.715	51.1141
0.10656	33	31	4	55998.7	198.721	51.1129
0.1068	34	19	1	55999.2	198.727	51.1118
0.10704	47	18	7	55999.7	198.733	51.1107
0.10728	46	24	2	56000.2	198.739	51.1095
0.10752	34	18	3	56000.7	198.745	51.1085
0.10776	27	12	1	56001.2	198.75	51.1074
0.108	29	22	1	56001.7	198.756	51.1063
0.10824	28	16	0	56002.1	198.761	51.1054
0.10848	37	9	1	56002.5	198.765	51.1045
0.10872	32	9	0	56002.9	198.77	51.1036
0.10896	24	4	2	56003.3	198.774	51.1028
0.1092	24	8	1	56003.6	198.778	51.1021
0.10944	15	5	1	56003.9	198.781	51.1015
0.10968	19	4	1	56004.2	198.785	51.1008
0.10992	14	5	0	56004.2	198.786	51.1006
0.11016	8	3	2	56004.3	198.786	51.1005
0.1104	3	0	1	56004.4	198.787	51.1004
0.11064	9	2	0	56004.4	198.787	51.1004
0.11088	2	2	0	56004.3	198.786	51.1006
0.11112	0	1	0	56004.2	198.785	51.1008
0.11136	2	1	0	56004.1	198.783	51.101
0.1116	1	0	0	56003.9	198.782	51.1013
0.11184	0	1	0	56003.8	198.78	51.1017
0.11208	0	1	0	56003.6	198.778	51.102
0.11232	0	6	0	56003.5	198.777	51.1023
0.11256	0	5	1	56003.3	198.775	51.1027
0.1128	0	2	0	56003.2	198.773	51.103
0.11304	0	2	1	56003	198.772	51.1033
0.11328	0	2	1	56002.9	198.77	51.1036
0.11352	0	14	1	56002.7	198.768	51.104
0.11376	0	2	1	56002.6	198.766	51.1043
0.114	0	8	0	56002.4	198.764	51.1047
0.11424	0	10	2	56002.3	198.763	51.105
0.11448	0	12	0	56002.1	198.761	51.1054
0.11472	0	6	0	56001.9	198.759	51.1058
0.11496	0	7	2	56001.8	198.757	51.1061
0.1152	0	8	4	56001.6	198.755	51.1065
0.11544	0	8	0	56001.4	198.753	51.1069
0.11568	0	15	1	56001.2	198.75	51.1073
0.11592	0	7	3	56000.9	198.747	51.108
0.11616	0	13	1	56000.6	198.743	51.1087
0.1164	0	16	1	56000.3	198.74	51.1094
0.11664	0	10	1	55999.9	198.735	51.1102
0.11688	0	15	1	55999.3	198.729	51.1115
0.11712	0	17	4	55998.8	198.722	51.1127
0.11736	0	25	2	55998.2	198.716	51.114
0.1176	0	24	3	55997.5	198.708	51.1155
0.11784	0	17	3	55996.8	198.699	51.1172
0.11808	0	25	8	55996	198.69	51.1189
0.11832	0	16	5	55995.2	198.681	51.1206
0.11856	0	13	1	55994.5	198.673	51.1222
0.1188	0	18	6	55993.8	198.664	51.1238
0.11904	0	39	2	55993.1	198.656	51.1254
0.11928	0	18	4	55993	198.655	51.1256
0.11952	0	35	9	55993.4	198.66	51.1247
0.11976	0	35	4	55993.8	198.664	51.1238
