0	0	0	0	56561.4	205.341	49.9003
0.00024	0	0	0	56565.8	205.394	49.8911
0.00048	0	0	0	56570.2	205.446	49.8819
0.00072	0	0	0	56574.6	205.499	49.8727
0.00096	0	0	0	56579.1	205.552	49.8633
0.0012	0	0	0	56583.7	205.607	49.8538
0.00144	0	0	0	56588.3	205.662	49.8442
0.00168	0	0	0	56592.8	205.716	49.8347
0.00192	0	0	0	56597.6	205.773	49.8248
0.00216	0	0	0	56602.3	205.83	49.8148
0.0024	0	0	0	56607.1	205.887	49.8049
0.00264	0	0	0	56611.9	205.944	49.7949
0.00288	0	0	0	56616.9	206.004	49.7846
0.00312	0	0	0	56621.9	206.063	49.7742
0.00336	0	0	0	56626.8	206.122	49.7639
0.0036	0	0	0	56631.9	206.183	49.7533
0.00384	0	0	0	56637.1	206.245	49.7426
0.00408	0	0	0	56642.3	206.307	49.7319
0.00432	0	0	0	56647.5	206.369	49.7211
0.00456	0	0	0	56652.9	206.434	49.7099
0.0048	0	0	0	56658.2	206.498	49.6988
0.00504	0	0	0	56663.6	206.563	49.6876
0.00528	0	0	0	56669.1	206.629	49.6762
0.00552	0	0	0	56674.8	206.696	49.6646
0.00576	0	0	0	56680.4	206.763	49.653
0.006	0	0	0	56686	206.83	49.6414
0.00624	0	0	0	56691.8	206.901	49.6293
0.00648	0	0	0	56697.7	206.971	49.6172
0.00672	0	0	0	56703.5	207.041	49.6052
0.00696	0	0	0	56709.5	207.113	49.5929
0.0072	0	0	0	56715.6	207.186	49.5803
0.00744	0	0	0	56721.7	207.259	49.5677
0.00768	0	0	0	56727.9	207.333	49.5551
0.00792	0	0	0	56734.2	207.409	49.5421
0.00816	0	0	0	56740.6	207.486	49.529
0.0084	0	0	0	56747	207.563	49.5159
0.00864	0	0	0	56753.4	207.64	49.5026
0.00888	0	0	0	56760.1	207.72	49.489
0.00912	0	0	0	56766.8	207.801	49.4753
0.00936	0	0	0	56773.4	207.881	49.4617
0.0096	0	0	0	56780.3	207.964	49.4476
0.00984	0	1	0	56787.3	208.048	49.4333
0.01008	0	0	0	56794.3	208.132	49.4191
0.01032	0	0	0	56801.3	208.216	49.4048
0.01056	0	0	0	56808.6	208.304	49.3899
0.0108	0	0	0	56815.9	208.392	49.375
0.01104	0	0	0	56823.2	208.48	49.3602
0.01128	0	0	0	56830.7	208.571	49.3449
0.01152	0	0	0	56838.3	208.663	49.3294
0.01176	0	0	0	56846	208.755	49.3139
0.012	0	0	0	56853.6	208.848	49.2984
0.01224	0	0	0	56861.6	208.944	49.2821
0.01248	0	0	0	56869.6	209.041	49.2659
0.01272	0	4	0	56877.6	209.138	49.2497
0.01296	0	0	0	56885.8	209.237	49.2332
0.0132	0	0	0	56894.2	209.338	49.2162
0.01344	0	0	0	56902.6	209.44	49.1993
0.01368	0	0	0	56911	209.541	49.1824
0.01392	0	0	0	56919.7	209.647	49.1647
0.01416	0	0	0	56928.5	209.754	49.147
0.0144	0	0	0	56937.3	209.861	49.1293
0.01464	0	0	0	56946.3	209.969	49.1113
0.01488	0	0	0	56955.5	210.082	49.0928
0.01512	0	1	0	56964.8	210.194	49.0742
0.01536	0	0	0	56974	210.306	49.0557
0.0156	0	0	1	56983.6	210.423	49.0365
0.01584	0	1	0	56993.3	210.541	49.017
0.01608	0	1	0	57003	210.659	48.9976
0.01632	0	0	1	57012.8	210.778	48.9781
0.01656	0	0	0	57023.1	210.903	48.9577
0.0168	0	0	0	57033.3	211.027	48.9373
0.01704	0	1	0	57043.5	211.154	48.9184
0.01728	0	0	0	57054	211.289	48.9031
0.01752	0	2	0	57064.8	211.427	48.8875
0.01776	0	1	1	57075.6	211.565	48.872
0.018	0	3	0	57086.3	211.703	48.8564
0.01824	0	1	0	57097.7	211.849	48.84
0.01848	0	2	0	57109	211.995	48.8236
0.01872	0	2	0	57120.3	212.14	48.8073
0.01896	0	1	0	57131.9	212.289	48.7906
0.0192	0	1	0	57143.9	212.443	48.7734
0.01944	0	3	0	57155.8	212.597	48.7562
0.01968	0	2	1	57167.8	212.751	48.739
0.01992	0	2	0	57180.3	212.912	48.721
0.02016	0	1	1	57192.9	213.075	48.7029
0.0204	0	1	0	57205.6	213.238	48.6848
0.02064	0	3	1	57218.4	213.403	48.6664
0.02088	0	6	1	57231.7	213.575	48.6474
0.02112	0	1	2	57245.1	213.747	48.6283
0.02136	0	4	1	57258.4	213.919	48.6093
0.0216	0	2	1	57272.3	214.098	48.5895
0.02184	0	2	0	57286.4	214.281	48.5694
0.02208	0	6	2	57300.5	214.463	48.5494
0.02232	0	4	1	57314.7	214.647	48.5292
0.02256	0	5	1	57329.7	214.84	48.508
0.0228	0	5	1	57344.6	215.033	48.4869
0.02304	0	5	0	57359.5	215.226	48.4658
0.02328	0	10	2	57375	215.426	48.4439
0.02352	0	7	2	57390.8	215.631	48.4216
0.02376	0	8	1	57406.6	215.836	48.3993
0.024	0	9	1	57422.5	216.041	48.377
0.02424	0	3	3	57439.3	216.259	48.3534
0.02448	0	4	1	57456.1	216.477	48.3298
0.02472	0	6	2	57472.9	216.695	48.3063
0.02496	0	7	4	57490.2	216.919	48.2821
0.0252	0	8	5	57508	217.151	48.2572
0.02544	0	11	2	57525.9	217.383	48.2322
0.02568	0	9	1	57543.8	217.615	48.2074
0.02592	0	11	2	57562.6	217.86	48.1812
0.02616	0	8	5	57581.6	218.107	48.1548
0.0264	0	11	1	57600.6	218.354	48.1285
0.02664	0	22	1	57619.9	218.606	48.1017
0.02688	0	18	3	57640.1	218.87	48.0738
0.02712	0	14	6	57660.4	219.133	48.0459
0.02736	0	17	3	57680.6	219.397	48.0181
0.0276	0	14	2	57701.8	219.673	47.9889
0.02784	0	22	1	57723.3	219.955	47.9594
0.02808	0	21	2	57744.9	220.237	47.9298
0.02832	0	18	1	57766.7	220.521	47.9001
0.02856	0	23	8	57789.7	220.822	47.8686
0.0288	0	26	5	57812.7	221.124	47.8373
0.02904	0	21	5	57835.7	221.425	47.806
0.02928	0	38	1	57859.7	221.739	47.7736
0.02952	0	42	7	57884.3	222.061	47.7403
0.02976	0	31	5	57908.9	222.384	47.707
0.03	0	36	6	57933.5	222.707	47.6739
0.03024	0	30	3	57959.8	223.052	47.6384
0.03048	0	53	4	57986.1	223.398	47.6031
0.03072	0	52	3	58012.5	223.745	47.5679
0.03096	0	34	9	58039.6	224.102	47.5316
0.0312	0	59	3	58067.8	224.473	47.494
0.03144	0	68	5	58096	224.845	47.4565
0.03168	0	55	4	58124.2	225.217	47.4191
0.03192	0	69	5	58154.2	225.612	47.3794
0.03216	0	76	11	58184.5	226.012	47.3394
0.0324	0	62	8	58214.8	226.412	47.2996
0.03264	0	75	8	58245.7	226.821	47.259
0.03288	0	93	9	58278.3	227.252	47.2163
0.03312	0	102	1	58310.9	227.684	47.1738
0.03336	0	93	12	58343.5	228.115	47.1314
0.0336	0	100	9	58377.8	228.571	47.0868
0.03384	0	114	14	58412.9	229.036	47.0414
0.03408	0	94	6	58447.9	229.502	46.9961
0.03432	0	128	12	58483.4	229.973	46.9505
0.03456	0	147	6	58521.2	230.475	46.9021
0.0348	0	120	12	58558.9	230.978	46.8538
0.03504	0	182	6	58596.7	231.481	46.8057
0.03528	0	179	7	58636.1	232.007	46.7556
0.03552	0	187	13	58676.8	232.551	46.7041
0.03576	0	183	6	58717.5	233.094	46.6528
0.036	0	205	9	58758.2	233.639	46.6016
0.03624	0	220	6	58802.2	234.204	46.5335
0.03648	0	224	4	58846.1	234.755	46.4569
0.03672	0	262	2	58890.1	235.307	46.3805
0.03696	0	298	5	58935.5	235.877	46.3016
0.0372	0	296	5	58983	236.473	46.2193
0.03744	0	287	7	59030.6	237.069	46.1371
0.03768	0	354	3	59078.1	237.665	46.0551
0.03792	0	343	11	59128.9	238.302	45.9676
0.03816	0	364	5	59180.3	238.947	45.8793
0.0384	0	451	1	59231.6	239.591	45.7912
0.03864	0	474	6	59284.2	240.251	45.7011
0.03888	0	488	2	59339.8	240.948	45.6061
0.03912	0	522	8	59395.5	241.646	45.5113
0.03936	0	567	5	59451.1	242.343	45.4167
0.0396	0	611	5	59510.1	243.083	45.3167
0.03984	0	608	8	59570.4	243.839	45.2146
0.04008	0	687	4	59630.7	244.595	45.1127
0.04032	0	734	5	59691.7	245.36	45.0099
0.04056	0	786	4	59757.1	246.18	44.9
0.0408	0	852	12	59822.5	246.999	44.7904
0.04104	0	897	6	59887.9	247.819	44.681
0.04128	0	974	6	59956.4	248.676	44.5669
0.04152	0	1111	3	60027.1	249.561	44.4493
0.04176	0	1103	6	60097.9	250.447	44.332
0.042	0	1314	3	60168.6	251.332	44.215
0.04224	0	1300	6	60245.4	252.291	44.0885
0.04248	0	1418	3	60322.1	253.25	43.9624
0.04272	0	1520	8	60398.8	254.208	43.8367
0.04296	0	1548	4	60478.3	255.201	43.7068
0.0432	0	1760	3	60561.5	256.261	43.5896
0.04344	0	1838	6	60644.7	257.336	43.4842
0.04368	0	2020	5	60727.9	258.414	43.3796
0.04392	0	2223	7	60816.7	259.567	43.2686
0.04416	0	2339	2	60906.5	260.734	43.1572
0.0444	0	2478	11	60996.2	261.905	43.0466
0.04464	0	2681	7	61087.9	263.104	42.9344
0.04488	0	2971	2	61184.5	264.369	42.8171
0.04512	0	3261	3	61281.1	265.638	42.7007
0.04536	0	3375	6	61377.7	266.91	42.5852
0.0456	0	3667	5	61479.2	268.249	42.4648
0.04584	0	3784	3	61582.6	269.619	42.343
0.04608	0	4346	6	61686.1	270.991	42.2223
0.04632	0	4589	6	61790.6	272.381	42.1013
0.04656	0	4908	2	61901.5	273.858	41.9741
0.0468	0	5231	5	62012.3	275.34	41.848
0.04704	0	5595	5	62123.1	276.825	41.7231
0.04728	0	6105	9	62238	278.369	41.5947
0.04752	0	6450	5	62356	279.99	41.4347
0.04776	0	6919	2	62473.9	281.611	41.2739
0.048	0	7298	0	62591.9	283.231	41.1142
0.04824	0	7984	3	62716.6	284.941	40.9465
0.04848	0	8338	2	62841.3	286.648	40.7801
0.04872	0	9192	4	62966	288.353	40.6148
0.04896	0	9980	8	63093.2	290.089	40.4475
0.0492	0	10531	12	63223.8	291.868	40.277
0.04944	0	11488	5	63354.4	293.643	40.1078
0.04968	0	11801	1	63484.9	295.414	39.9398
0.04992	0	12801	2	63619	297.229	39.7687
0.05016	0	13858	4	63753.6	299.048	39.5981
0.0504	0	14714	4	63888.3	300.862	39.4288
0.05064	0	15876	3	64023.6	302.642	39.2694
0.05088	0	17071	7	64160.6	304.36	39.1289
0.05112	0	18127	2	64297.6	306.073	38.99
0.05136	0	19452	2	64434.5	307.782	38.8525
0.0516	0	20605	5	64571	309.478	38.7171
0.05184	0	21732	2	64707.2	311.167	38.5832
0.05208	0	23324	4	64843.5	312.85	38.4508
0.05232	0	25077	2	64979.3	314.523	38.3202
0.05256	0	26757	2	65112.6	316.158	38.1934
0.0528	0	28220	4	65245.8	317.788	38.0679
0.05304	0	29555	7	65379.1	319.412	37.9437
0.05328	0	32342	5	65506.6	320.96	37.8261
0.05352	0	33748	9	65629.8	322.45	37.7137
0.05376	0	35725	0	65753	323.943	37.5996
0.054	0	38111	4	65876.1	325.459	37.4793
0.05424	0	40685	2	65984.1	326.796	37.3731
0.05448	0	43032	3	66092.1	328.139	37.2662
0.05472	0	45399	2	66200.1	329.489	37.1587
0.05496	0	48160	5	66299	330.732	37.0597
0.0552	0	50894	3	66385.7	331.826	36.9725
0.05544	0	53805	1	66472.4	332.924	36.8848
0.05568	0	56558	3	66559	334.027	36.7967
0.05592	0	59131	3	66620.2	334.809	36.7343
0.05616	0	62640	2	66677.2	335.538	36.676
0.0564	0	66481	3	66734.1	336.269	36.6176
0.05664	0	69332	0	66781.4	336.878	36.5689
0.05688	0	72527	0	66804.4	337.175	36.5452
0.05712	0	75330	3	66827.4	337.472	36.5214
0.05736	0	79555	1	66850.5	337.77	36.4976
0.0576	0	83053	7	66844.1	337.688	36.5042
0.05784	0	86710	3	66826	337.454	36.5229
0.05808	0	90455	3	66807.9	337.22	36.5416
0.05832	0	93702	5	66784.5	336.918	36.5658
0.05856	0	96926	4	66728.9	336.202	36.6229
0.0588	0	100870	3	66673.4	335.489	36.6799
0.05904	0	104338	2	66617.8	334.778	36.7368
0.05928	0	107082	2	66538.5	333.766	36.8176
0.05952	0	110177	4	66441.4	332.532	36.9161
0.05976	0	114178	2	66344.4	331.304	37.0141
0.06	0	118361	2	66247.3	330.081	37.1115
0.06024	0	120274	4	66116.3	328.441	37.2422
0.06048	0	123337	1	65985.4	326.811	37.3719
0.06072	0	126330	1	65854.4	325.191	37.5006
0.06096	0	128915	3	65711.4	323.434	37.6399
0.0612	0	132640	5	65552.3	321.513	37.7844
0.06144	0	135901	2	65393.2	319.583	37.9307
0.06168	0	138350	5	65234.1	317.644	38.0789
0.06192	0	140716	5	65051.8	315.414	38.251
0.06216	0	143612	5	64865.8	313.125	38.4292
0.0624	0	145286	3	64679.7	310.826	38.6101
0.06264	0	146091	2	64490.1	308.473	38.7972
0.06288	0	149386	1	64291.8	306.001	38.9958
0.06312	0	151899	5	64093.5	303.519	39.1975
0.06336	0	153475	7	63895.2	300.954	39.4202
0.0636	0	153537	5	63689.2	298.178	39.6796
0.06384	0	156709	4	63480.1	295.349	39.9459
0.06408	0	157539	4	63271.1	292.511	40.2155
0.06432	0	158622	5	63062.3	289.667	40.4881
0.06456	0	158863	7	62854.8	286.832	40.7622
0.0648	0	161447	8	62647.3	283.991	41.0395
0.06504	0	161697	1	62439.8	281.143	41.3202
0.06528	0	163231	5	62229.6	278.256	41.604
0.06552	0	162762	2	62017.4	275.408	41.8422
0.06576	0	165261	4	61805.2	272.575	42.0845
0.066	0	164405	2	61593	269.755	42.331
0.06624	0	165823	2	61380.7	266.95	42.5816
0.06648	0	167760	7	61168.5	264.159	42.8365
0.06672	0	166257	4	60956.2	261.384	43.0958
0.06696	0	168976	122	60746.1	258.649	43.3568
0.0672	0	167087	379	60538.6	255.965	43.6187
0.06744	0	168440	249	60331.2	253.363	43.9475
0.06768	0	169803	1481	60123.8	250.77	44.2892
0.06792	0	171636	1489	59916.3	248.174	44.6337
0.06816	0	170662	2246	59708.8	245.575	44.9811
0.0684	0	172449	3860	59501.4	242.974	45.3314
0.06864	0	172532	4680	59297.7	240.42	45.6781
0.06888	0	173570	5363	59103.5	237.983	46.0114
0.06912	0	173415	6883	58909.2	235.547	46.3472
0.06936	0	174675	7942	58715	233.061	46.6559
0.0696	0	174976	8900	58537	230.686	46.8818
0.06984	0	175776	10032	58365.4	228.406	47.1028
0.07008	0	176052	11389	58193.9	226.136	47.3271
0.07032	0	174290	13150	58029.9	223.974	47.5445
0.07056	0	172378	14569	57911.8	222.422	47.7031
0.0708	0	171739	16913	57793.6	220.874	47.8633
0.07104	0	173334	19290	57675.5	219.331	48.025
0.07128	0	173134	22614	57589.5	218.21	48.1439
0.07152	0	172795	25870	57527.5	217.404	48.23
0.07176	0	176248	28990	57465.6	216.6	48.3165
0.072	0	176999	32490	57403.6	215.797	48.4035
0.07224	0	178112	36822	57395.4	215.691	48.4151
0.07248	0	179788	40993	57387.3	215.585	48.4266
0.07272	0	183809	45682	57379.1	215.479	48.4381
0.07296	0	185723	51819	57392.9	215.658	48.4187
0.0732	0	189485	55886	57436	216.216	48.3581
0.07344	0	192259	59091	57479	216.775	48.2977
0.07368	0	195433	64779	57522.1	217.334	48.2375
0.07392	0	198654	72148	57598.6	218.329	48.1312
0.07416	0	202394	76425	57680.6	219.398	48.018
0.0744	0	206548	82313	57762.6	220.469	47.9055
0.07464	0	210639	87971	57856.6	221.698	47.7777
0.07488	0	217885	95343	57980.3	223.322	47.6109
0.07512	0	222151	99197	58104	224.951	47.4459
0.07536	0	225970	107169	58227.8	226.584	47.2825
0.0756	0	232110	115400	58375.3	228.538	47.09
0.07584	0	235846	120609	58532.4	230.626	46.8877
0.07608	0	242900	124901	58689.5	232.72	46.6881
0.07632	0	250091	132425	58852.2	234.831	46.4464
0.07656	0	254370	142060	59048	237.287	46.107
0.0768	0	261596	145679	59243.8	239.744	45.7703
0.07704	0	267307	152632	59439.6	242.2	45.4362
0.07728	0	275038	162427	59657.6	244.932	45.0674
0.07752	0	282138	169096	59892.1	247.87	44.6741
0.07776	0	288379	173906	60126.6	250.806	44.2845
0.078	0	298041	181518	60361.1	253.737	43.8985
0.07824	0	307790	193119	60657.8	257.505	43.4677
0.07848	0	313974	198193	60954.5	261.36	43.098
0.07872	0	322661	206891	61251.1	265.245	42.7367
0.07896	0	334712	220085	61582.1	269.611	42.3437
0.0792	0	345132	231709	61958.6	274.622	41.909
0.07944	0	356798	238592	62335.2	279.703	41.4631
0.07968	0	370409	252080	62711.7	284.874	40.9531
0.07992	0	388212	271099	63098.3	290.159	40.4408
0.08016	0	399153	272369	63486.6	295.438	39.9376
0.0804	0	417781	282396	63875	300.682	39.4455
0.08064	0	439662	297406	64217.8	305.076	39.0707
0.08088	0	460859	311891	64446.9	307.936	38.8402
0.08112	0	479322	313225	64676	310.781	38.6137
0.08136	0	508620	326386	64905.2	313.611	38.3913
0.0816	0	541122	343643	64824.8	312.621	38.4688
0.08184	0	568704	347202	64620.7	310.096	38.668
0.08208	0	602816	352498	64416.6	307.559	38.8704
0.08232	0	645085	372351	64118.3	303.83	39.1721
0.08256	0	689683	393621	63254.6	292.286	40.237
0.0828	0	724525	390357	62390.8	280.469	41.3871
0.08304	0	767300	405605	61527.1	268.883	42.4083
0.08328	0	810349	436111	60254.1	252.4	44.0742
0.08352	0	846841	442070	58674.1	232.515	46.7075
0.08376	0	887356	439852	57094.2	211.804	48.845
0.084	0	924711	462043	55514.2	193.159	52.2157
0.08424	0	956400	508892	53583.9	171.677	56.2238
0.08448	0	962162	481664	51653.6	149.839	60.0971
0.08472	0	977199	494296	49723.2	128.806	65.6447
0.08496	0	990839	539174	47918.9	111.77	72.3713
0.0852	0	984958	559111	46282.5	100.645	84.7511
0.08544	0	973064	546120	44646.2	84.3201	93.3464
0.08568	0	983329	589288	43009.8	70.5033	95.4685
0.08592	0	1.00176e+06	686230	42020	60.6395	97.2858
0.08616	0	991067	661225	41138	53.1391	100.927
0.0864	0	995010	681370	40255.9	47.4799	107.632
0.08664	0	1.01417e+06	772681	39610.9	43.9957	114.067
0.08688	0	1.0249e+06	851263	39558.2	43.7477	114.652
0.08712	0	1.01937e+06	789463	39505.5	43.4998	115.241
0.08736	0	1.02974e+06	834617	39452.8	43.2518	115.835
0.0876	0	1.04829e+06	977313	39735.5	44.6032	112.709
0.08784	0	1.04026e+06	910333	40152.3	46.8819	108.572
0.08808	0	1.03756e+06	867019	40569.1	49.3695	104.993
0.08832	0	1.06303e+06	947379	40983.4	52.0693	101.943
0.08856	0	1.09113e+06	1.07282e+06	41382.3	54.9046	99.45
0.0888	0	1.06857e+06	865914	41781.3	58.419	97.9777
0.08904	0	1.08269e+06	889389	42180.2	62.1634	96.8779
0.08928	0	1.11989e+06	1.04715e+06	42445	64.7443	96.3009
0.08952	0	1.11218e+06	979332	42609.4	66.384	96.0033
0.08976	0	1.10603e+06	874099	42773.7	68.0533	95.7513
0.09	0	1.11882e+06	955252	42938.1	69.7523	95.5446
0.09024	0	1.14857e+06	1.17494e+06	42828	68.6111	95.678
0.09048	0	1.12807e+06	893973	42717.9	67.4833	95.8317
0.09072	0	1.14534e+06	904237	42607.9	66.3688	96.0058
0.09096	0	1.18869e+06	1.06362e+06	42367.9	63.9848	96.4565
0.0912	0	1.20157e+06	1.08676e+06	41954.7	60.0262	97.465
0.09144	0	1.19946e+06	901070	41541.5	56.25	98.7755
0.09168	0	1.23182e+06	983639	41128.3	53.0713	100.989
0.09192	0	1.28745e+06	1.24953e+06	40633.1	49.7711	104.49
0.09216	0	1.25797e+06	1.00789e+06	40124.3	46.7222	108.832
0.0924	0	1.26464e+06	965699	39615.4	44.0172	114.017
0.09264	0	1.30804e+06	1.16411e+06	39178.8	41.9624	118.994
0.09288	0	1.32303e+06	1.28086e+06	38922.9	40.7599	122.058
0.09312	0	1.28804e+06	1.05348e+06	38666.9	39.5612	125.234
0.09336	0	1.30557e+06	1.12521e+06	38410.9	38.3681	128.529
0.0936	0	1.35418e+06	1.3707e+06	38404.1	38.3362	128.619
0.09384	0	1.32782e+06	1.23584e+06	38496.8	38.7678	127.41
0.09408	0	1.32175e+06	1.14246e+06	38589.6	39.2003	126.216
0.09432	0	1.34743e+06	1.2763e+06	38705.8	39.743	124.744
0.09456	0	1.38174e+06	1.45981e+06	38962.4	40.9454	121.577
0.0948	0	1.3465e+06	1.19406e+06	39219	42.1513	118.523
0.09504	0	1.35464e+06	1.21527e+06	39475.6	43.359	115.578
0.09528	0	1.39728e+06	1.41003e+06	39728.6	44.5673	112.782
0.09552	0	1.38288e+06	1.36379e+06	39979	45.9102	110.221
0.09576	0	1.36801e+06	1.2188e+06	40229.4	47.3255	107.869
0.096	0	1.39014e+06	1.29771e+06	40479.8	48.8175	105.715
0.09624	0	1.43982e+06	1.61223e+06	40611.3	49.6334	104.66
0.09648	0	1.40274e+06	1.21378e+06	40742.8	50.4723	103.655
0.09672	0	1.40505e+06	1.22125e+06	40874.3	51.335	102.7
0.09696	0	1.44184e+06	1.40812e+06	40975.2	52.0133	101.999
0.0972	0	1.44337e+06	1.4773e+06	41035.2	52.4238	101.596
0.09744	0	1.42543e+06	1.25406e+06	41095.2	52.8396	101.202
0.09768	0	1.43662e+06	1.32688e+06	41155.2	53.2607	100.818
0.09792	0	1.4868e+06	1.67535e+06	41164.5	53.3265	100.759
0.09816	0	1.47109e+06	1.32627e+06	41165.4	53.3326	100.754
0.0984	0	1.47166e+06	1.26707e+06	41166.2	53.3387	100.749
0.09864	0	1.50478e+06	1.44833e+06	41149.9	53.2234	100.852
0.09888	0	1.53382e+06	1.6392e+06	41090.6	52.8077	101.232
0.09912	0	1.51721e+06	1.30135e+06	41031.3	52.3973	101.621
0.09936	0	1.53114e+06	1.37663e+06	40972.1	51.9921	102.021
0.0996	0	1.58859e+06	1.73174e+06	40972.7	51.9965	102.016
0.09984	0	1.57792e+06	1.51188e+06	40997.3	52.1643	101.849
0.10008	0	1.5779e+06	1.38208e+06	41022	52.333	101.684
0.10032	0	1.60539e+06	1.56111e+06	41058.1	52.5817	101.445
0.10056	0	1.65748e+06	1.8648e+06	41162.9	53.3154	100.769
0.1008	0	1.63576e+06	1.46242e+06	41267.8	54.0657	100.123
0.10104	0	1.65055e+06	1.49729e+06	41372.7	54.8331	99.5054
0.10128	0	1.71043e+06	1.84563e+06	41456	55.4914	99.0853
0.10152	0	1.71563e+06	1.73652e+06	41523.3	56.0875	98.8405
0.10176	0	1.71527e+06	1.51618e+06	41590.5	56.6883	98.604
0.102	0	1.74701e+06	1.67193e+06	41657.7	57.2939	98.3757
0.10224	0	1.82649e+06	2.00716e+06	41645.7	57.1851	98.416
0.10248	0	1.79934e+06	1.66399e+06	41633.6	57.0764	98.4566
0.10272	0	1.81343e+06	1.62973e+06	41621.6	56.9678	98.4974
0.10296	0	1.8757e+06	1.93993e+06	41591.5	56.6974	98.6005
0.1032	0	1.89752e+06	1.95859e+06	41537.4	56.2134	98.7901
0.10344	0	1.89276e+06	1.72186e+06	41483.3	55.7323	98.9851
0.10368	0	1.92337e+06	1.8547e+06	41429.2	55.2544	99.1855
0.10392	0	2.0044e+06	2.14408e+06	41293.9	54.2547	99.967
0.10416	0	1.9826e+06	1.88985e+06	41145	53.1889	100.883
0.1044	0	1.99811e+06	1.81977e+06	40996.2	52.1565	101.857
0.10464	0	2.05317e+06	2.02517e+06	40821.4	50.9847	103.079
0.10488	0	2.0987e+06	2.20668e+06	40581.5	49.4464	104.895
0.10512	0	2.08706e+06	1.91328e+06	40341.6	47.9842	106.88
0.10536	0	2.12363e+06	1.97664e+06	40101.7	46.5942	109.043
0.1056	0	2.20831e+06	2.35629e+06	39866	45.2953	111.35
0.10584	0	2.1966e+06	2.14972e+06	39632	44.0953	113.834
0.10608	0	2.22003e+06	2.00854e+06	39398	42.9939	116.457
0.10632	0	2.28972e+06	2.23187e+06	39167.9	41.911	119.122
0.10656	0	2.36593e+06	2.67033e+06	38960.9	40.9383	121.595
0.1068	0	2.34365e+06	2.11569e+06	38753.9	39.9679	124.142
0.10704	0	2.39912e+06	2.19784e+06	38546.8	39.0008	126.765
0.10728	0	2.50704e+06	2.70039e+06	38363.4	38.1475	129.154
0.10752	0	2.52251e+06	2.55763e+06	38197.8	37.3799	131.366
0.10776	0	2.52524e+06	2.32389e+06	38032.1	36.6159	133.632
0.108	0	2.58309e+06	2.55247e+06	37866.4	35.8383	135.962
0.10824	0	2.71272e+06	3.01694e+06	37718.4	35.1167	138.044
0.10848	0	2.65696e+06	2.50255e+06	37570.4	34.3776	140.104
0.10872	0	2.68314e+06	2.46336e+06	37422.4	33.6228	142.141
0.10896	0	2.78868e+06	2.88564e+06	37247.4	32.7122	144.516
0.1092	0	2.80543e+06	3.14513e+06	37036.3	31.5919	147.329
0.10944	0	2.76549e+06	2.53658e+06	36825.1	30.4523	150.079
0.10968	0	2.83798e+06	2.69936e+06	36614	29.2984	152.762
0.10992	0	2.98576e+06	3.32027e+06	36464.8	28.4766	154.614
0.11016	0	2.90342e+06	2.78111e+06	36325.8	27.7088	156.304
0.1104	0	2.91393e+06	2.6881e+06	36186.9	26.8928	157.737
0.11064	0	2.9983e+06	3.15344e+06	36142.2	26.5918	158.003
0.11088	0	3.06677e+06	3.38938e+06	36332.9	27.7482	156.218
0.11112	0	2.99802e+06	2.89018e+06	36523.7	28.8018	153.887
0.11136	0	3.02861e+06	2.91471e+06	36714.5	29.8493	151.493
0.1116	0	3.1416e+06	3.694e+06	36904.1	30.8805	149.058
0.11184	0	3.07557e+06	3.2833e+06	37093.2	31.896	146.577
0.11208	0	3.05105e+06	2.83677e+06	37282.2	32.8949	144.046
0.11232	0	3.11326e+06	3.23633e+06	37417.7	33.5986	142.205
0.11256	0	3.18242e+06	3.45842e+06	37231.7	32.6299	144.727
0.1128	0	3.04762e+06	2.88649e+06	37045.7	31.6427	147.204
0.11304	0	3.05888e+06	2.9395e+06	36859.7	30.6403	149.633
0.11328	0	3.17009e+06	3.40695e+06	36673.1	29.6224	152.019
0.11352	0	3.1296e+06	3.36977e+06	36485.9	28.5931	154.355
0.11376	0	3.08073e+06	2.87791e+06	36298.7	27.5585	156.63
0.114	0	3.11283e+06	3.19121e+06	36111.5	26.3868	158.187
0.11424	0	3.24921e+06	3.99245e+06	35882.5	24.8957	159.571
0.11448	0	3.10355e+06	3.01848e+06	35653.6	23.4707	160.987
0.11472	0	3.09335e+06	2.94771e+06	35424.6	22.1102	162.434
0.11496	0	3.19257e+06	3.33412e+06	35177.6	20.7131	164.032
0.1152	0	3.16302e+06	3.43827e+06	34906.7	19.2617	165.83
0.11544	0	3.06831e+06	3.03969e+06	34635.7	17.8927	167.675
0.11568	0	3.0945e+06	3.13945e+06	34364.7	16.7136	170.425
0.11592	0	3.22122e+06	3.91481e+06	34287.3	16.427	171.537
0.11616	0	3.0821e+06	3.16758e+06	34242.1	16.2624	172.198
0.1164	0	3.01453e+06	2.94861e+06	34196.9	16.0997	172.87
0.11664	0	3.06028e+06	3.30978e+06	34129.3	15.8597	173.893
0.11688	1	3.02681e+06	3.77389e+06	34005.6	15.4314	175.822
0.11712	0	2.7709e+06	2.8606e+06	33882	15.0162	177.828
0.11736	0	2.67578e+06	2.86791e+06	33758.3	14.6139	179.912
0.1176	0	2.72118e+06	3.32442e+06	33243.1	13.0664	189.498
0.11784	0	2.50758e+06	2.85967e+06	32571.3	11.331	203.972
0.11808	0	2.43173e+06	2.41146e+06	31899.5	9.7438	219.352
0.11832	0	2.55384e+06	2.7757e+06	31499.1	8.83254	229.333
0.11856	0	2.78372e+06	3.41506e+06	32727.4	11.7063	200.627
0.1188	1	2.95539e+06	2.92452e+06	33955.7	15.2622	176.622
0.11904	0	3.19571e+06	3.0205e+06	35184	20.7483	163.991
0.11928	0	3.42065e+06	4.02855e+06	41897.9	59.4962	97.627
0.11952	0	3.34835e+06	4.39633e+06	52725.9	161.828	57.7674
0.11976	0	3.02828e+06	2.30759e+06	63554	296.35	39.8514
