0	0	0	0	56662.3	206.547	49.6903
0.00024	0	0	0	56667.7	206.611	49.6792
0.00048	0	0	0	56673	206.675	49.6682
0.00072	0	0	0	56678.4	206.739	49.6571
0.00096	0	0	0	56683.8	206.804	49.6459
0.0012	0	0	0	56689.4	206.871	49.6344
0.00144	0	0	0	56694.9	206.938	49.623
0.00168	0	0	0	56700.5	207.004	49.6115
0.00192	0	0	0	56706.2	207.073	49.5996
0.00216	0	0	0	56712	207.143	49.5877
0.0024	0	0	0	56717.8	207.212	49.5758
0.00264	0	0	0	56723.7	207.283	49.5637
0.00288	0	0	0	56729.7	207.355	49.5513
0.00312	0	0	0	56735.7	207.428	49.5389
0.00336	0	0	0	56741.8	207.5	49.5265
0.0036	0	0	0	56748	207.575	49.5138
0.00384	0	0	0	56754.3	207.651	49.5009
0.00408	0	0	0	56760.6	207.726	49.488
0.00432	0	0	0	56766.9	207.803	49.475
0.00456	0	0	0	56773.5	207.882	49.4616
0.0048	0	0	0	56780.1	207.961	49.4481
0.00504	0	0	0	56786.6	208.04	49.4347
0.00528	0	0	0	56793.4	208.121	49.421
0.00552	0	0	0	56800.2	208.203	49.407
0.00576	0	0	0	56807.1	208.286	49.393
0.006	0	0	0	56813.9	208.369	49.379
0.00624	0	0	0	56821.1	208.455	49.3644
0.00648	0	0	0	56828.2	208.542	49.3499
0.00672	0	0	0	56835.4	208.628	49.3353
0.00696	0	0	0	56842.7	208.716	49.3205
0.0072	0	0	0	56850.2	208.807	49.3053
0.00744	0	0	0	56857.7	208.897	49.2901
0.00768	0	0	0	56865.2	208.988	49.2749
0.00792	0	0	0	56873	209.082	49.2591
0.00816	0	0	0	56880.8	209.176	49.2433
0.0084	0	0	0	56888.6	209.271	49.2274
0.00864	0	0	0	56896.6	209.367	49.2114
0.00888	0	0	0	56904.8	209.466	49.1949
0.00912	0	0	0	56913	209.566	49.1783
0.00936	0	0	0	56921.2	209.665	49.1618
0.0096	0	0	0	56929.6	209.768	49.1447
0.00984	0	1	0	56938.2	209.872	49.1275
0.01008	0	0	0	56946.8	209.976	49.1102
0.01032	0	0	0	56955.5	210.081	49.0929
0.01056	0	0	0	56964.4	210.19	49.0748
0.0108	0	0	0	56973.4	210.299	49.0568
0.01104	0	1	0	56982.4	210.409	49.0388
0.01128	0	0	0	56991.7	210.521	49.0203
0.01152	0	2	0	57001.1	210.636	49.0014
0.01176	0	0	0	57010.6	210.751	48.9826
0.012	0	0	0	57020	210.866	48.9637
0.01224	0	0	0	57029.9	210.986	48.944
0.01248	0	0	0	57039.8	211.107	48.9243
0.01272	0	3	0	57049.7	211.234	48.9094
0.01296	0	0	2	57059.9	211.364	48.8947
0.0132	0	0	0	57070.3	211.497	48.8796
0.01344	0	0	0	57080.7	211.631	48.8645
0.01368	0	1	1	57091.1	211.765	48.8495
0.01392	0	1	0	57102	211.905	48.8337
0.01416	0	0	0	57112.9	212.045	48.8179
0.0144	0	0	0	57123.9	212.186	48.8022
0.01464	0	0	0	57135	212.329	48.7861
0.01488	0	3	0	57146.5	212.477	48.7696
0.01512	0	2	0	57158	212.625	48.753
0.01536	0	1	0	57169.6	212.774	48.7364
0.0156	0	0	1	57181.5	212.928	48.7193
0.01584	0	0	0	57193.6	213.084	48.7019
0.01608	0	1	0	57205.8	213.24	48.6845
0.01632	0	1	1	57218	213.398	48.667
0.01656	0	5	1	57230.8	213.563	48.6487
0.0168	0	1	0	57243.6	213.728	48.6304
0.01704	0	3	0	57256.4	213.893	48.6122
0.01728	0	0	1	57269.6	214.063	48.5934
0.01752	0	0	1	57283.1	214.237	48.5742
0.01776	0	5	2	57296.6	214.412	48.555
0.018	0	4	1	57310.1	214.586	48.5358
0.01824	0	3	0	57324.3	214.77	48.5156
0.01848	0	4	0	57338.6	214.955	48.4954
0.01872	0	1	3	57352.8	215.139	48.4752
0.01896	0	8	1	57367.4	215.328	48.4546
0.0192	0	4	2	57382.5	215.523	48.4333
0.01944	0	3	1	57397.6	215.718	48.4121
0.01968	0	2	2	57412.7	215.914	48.3908
0.01992	0	4	3	57428.5	216.119	48.3686
0.02016	0	4	1	57444.5	216.326	48.3461
0.0204	0	3	4	57460.4	216.533	48.3237
0.02064	0	3	0	57476.7	216.744	48.301
0.02088	0	4	0	57493.6	216.963	48.2774
0.02112	0	6	0	57510.5	217.183	48.2538
0.02136	0	7	0	57527.4	217.402	48.2302
0.0216	0	7	2	57545	217.631	48.2056
0.02184	0	6	0	57562.9	217.865	48.1807
0.02208	0	8	0	57580.9	218.098	48.1558
0.02232	0	9	4	57599	218.333	48.1307
0.02256	0	7	2	57618	218.581	48.1044
0.0228	0	6	3	57637.1	218.83	48.078
0.02304	0	7	1	57656.1	219.078	48.0517
0.02328	0	8	1	57675.9	219.336	48.0245
0.02352	0	5	7	57696.1	219.6	47.9967
0.02376	0	19	2	57716.4	219.865	47.9689
0.024	0	13	3	57736.7	220.129	47.9411
0.02424	0	11	5	57758.2	220.411	47.9116
0.02448	0	13	3	57779.8	220.693	47.8821
0.02472	0	16	4	57801.4	220.975	47.8527
0.02496	0	17	2	57823.5	221.266	47.8226
0.0252	0	14	4	57846.5	221.567	47.7913
0.02544	0	15	6	57869.5	221.868	47.7602
0.02568	0	13	0	57892.5	222.17	47.7291
0.02592	0	17	4	57916.8	222.488	47.6963
0.02616	0	24	3	57941.4	222.81	47.6632
0.0264	0	24	4	57965.9	223.133	47.6303
0.02664	0	25	3	57990.9	223.461	47.5967
0.02688	0	27	4	58017.1	223.806	47.5616
0.02712	0	35	4	58043.3	224.151	47.5266
0.02736	0	30	5	58069.6	224.496	47.4917
0.0276	0	26	5	58097.1	224.859	47.455
0.02784	0	33	4	58125.2	225.23	47.4178
0.02808	0	36	4	58153.3	225.6	47.3806
0.02832	0	27	8	58181.7	225.975	47.3432
0.02856	0	37	9	58211.8	226.373	47.3035
0.0288	0	44	5	58241.9	226.771	47.264
0.02904	0	52	9	58272	227.169	47.2245
0.02928	0	51	3	58303.4	227.584	47.1835
0.02952	0	42	6	58335.7	228.012	47.1415
0.02976	0	54	9	58368	228.441	47.0995
0.03	0	69	5	58400.3	228.869	47.0577
0.03024	0	77	8	58435	229.331	47.0128
0.03048	0	65	9	58469.8	229.792	46.968
0.03072	0	74	9	58504.5	230.254	46.9234
0.03096	0	80	12	58540.5	230.732	46.8774
0.0312	0	75	11	58577.9	231.231	46.8296
0.03144	0	71	5	58615.4	231.731	46.7819
0.03168	0	102	7	58652.8	232.231	46.7344
0.03192	0	88	7	58692.8	232.764	46.6839
0.03216	0	99	8	58733.2	233.304	46.6331
0.0324	0	119	11	58773.6	233.844	46.5824
0.03264	0	131	8	58814.9	234.364	46.5113
0.03288	0	139	7	58858.4	234.91	46.4355
0.03312	0	145	7	58902	235.456	46.3598
0.03336	0	160	6	58945.5	236.002	46.2843
0.0336	0	154	11	58991.5	236.579	46.2046
0.03384	0	193	9	59038.6	237.169	46.1233
0.03408	0	207	11	59085.6	237.759	46.0421
0.03432	0	250	7	59133.2	238.356	45.9602
0.03456	0	227	6	59184.2	238.996	45.8726
0.0348	0	229	10	59235.1	239.635	45.7852
0.03504	0	233	7	59286.1	240.274	45.6979
0.03528	0	279	6	59339.6	240.945	45.6066
0.03552	0	282	12	59394.9	241.638	45.5123
0.03576	0	335	4	59450.2	242.332	45.4183
0.036	0	349	10	59505.5	243.025	45.3244
0.03624	0	355	7	59565.5	243.778	45.2229
0.03648	0	401	6	59625.5	244.53	45.1215
0.03672	0	445	10	59685.5	245.282	45.0204
0.03696	0	469	6	59747.7	246.061	44.9159
0.0372	0	485	11	59812.8	246.878	44.8066
0.03744	0	519	1	59878	247.694	44.6977
0.03768	0	586	4	59943.1	248.51	44.589
0.03792	0	614	5	60013.1	249.385	44.4726
0.03816	0	656	1	60083.8	250.271	44.3553
0.0384	0	759	2	60154.6	251.155	44.2383
0.03864	0	770	8	60227	252.062	44.1187
0.03888	0	801	4	60303.8	253.021	43.9924
0.03912	0	924	5	60380.6	253.981	43.8665
0.03936	0	1115	3	60457.4	254.94	43.741
0.0396	0	999	7	60539	255.97	43.6182
0.03984	0	1139	2	60622.6	257.05	43.5122
0.04008	0	1156	13	60706.1	258.131	43.4069
0.04032	0	1438	13	60790.8	259.23	43.3009
0.04056	0	1322	3	60882	260.416	43.1875
0.0408	0	1439	4	60973.2	261.605	43.0749
0.04104	0	1604	8	61064.4	262.797	42.9631
0.04128	0	1683	8	61160.2	264.051	42.8465
0.04152	0	1915	5	61259.5	265.354	42.7267
0.04176	0	1918	8	61358.7	266.66	42.6079
0.042	0	2100	8	61457.9	267.969	42.4899
0.04224	0	2332	5	61565.7	269.394	42.3629
0.04248	0	2548	10	61673.4	270.823	42.237
0.04272	0	2575	11	61781.2	272.255	42.1122
0.04296	0	2937	12	61892.9	273.744	41.9839
0.0432	0	3063	9	62009.7	275.306	41.8509
0.04344	0	3211	8	62126.6	276.872	41.7191
0.04368	0	3578	5	62243.5	278.443	41.5886
0.04392	0	3945	7	62368.8	280.165	41.4172
0.04416	0	4016	5	62495.4	281.906	41.2448
0.0444	0	4338	5	62622	283.644	41.0736
0.04464	0	4811	5	62751.6	285.42	40.8997
0.04488	0	4856	10	62888.5	287.293	40.7174
0.04512	0	5403	5	63025.4	289.163	40.5366
0.04536	0	6017	2	63162.3	291.03	40.3571
0.0456	0	6148	6	63306.4	292.991	40.1698
0.04584	0	6692	4	63453.3	294.986	39.9804
0.04608	0	7341	6	63600.2	296.976	39.7925
0.04632	0	7734	6	63748.6	298.98	39.6044
0.04656	0	8222	7	63905.7	301.096	39.407
0.0468	0	8766	6	64062.8	303.134	39.229
0.04704	0	9729	2	64219.9	305.102	39.0686
0.04728	0	10273	4	64381.7	307.123	38.9054
0.04752	0	10993	5	64547	309.181	38.7407
0.04776	0	11907	2	64712.4	311.231	38.5782
0.048	0	12528	4	64877.7	313.273	38.4177
0.04824	0	13714	1	65050.7	315.4	38.2521
0.04848	0	14630	6	65223.7	317.517	38.0887
0.04872	0	15864	4	65396.6	319.625	37.9275
0.04896	0	16831	4	65572.2	321.755	37.7661
0.0492	0	17698	0	65751.5	323.924	37.6011
0.04944	0	18864	5	65930.7	326.133	37.4258
0.04968	0	20213	5	66109.9	328.36	37.2486
0.04992	0	22027	2	66291	330.631	37.0677
0.05016	0	23404	4	66472.5	332.926	36.8846
0.0504	0	24646	8	66654	335.241	36.6998
0.05064	0	26778	8	66834.9	337.568	36.5138
0.05088	0	28279	4	67014.2	339.895	36.3277
0.05112	0	30159	3	67193.5	342.243	36.14
0.05136	0	32355	3	67372.9	344.61	35.9506
0.0516	0	34354	2	67545	346.994	35.7505
0.05184	0	36456	4	67714.3	349.421	35.5429
0.05208	0	39191	3	67883.7	351.857	35.3388
0.05232	0	41219	2	68050.6	354.271	35.1408
0.05256	0	44021	5	68203.7	356.492	34.9622
0.0528	0	46541	4	68356.8	358.721	34.7863
0.05304	0	49216	2	68509.9	360.959	34.6131
0.05328	0	53047	3	68645.7	362.95	34.4617
0.05352	0	55863	0	68768.4	364.755	34.3266
0.05376	0	58695	4	68891.1	366.566	34.1931
0.054	0	62472	1	69013.9	368.382	34.0614
0.05424	0	65554	2	69100.2	369.663	33.9697
0.05448	0	69303	4	69186.5	370.943	33.8799
0.05472	0	73421	4	69272.8	372.156	33.8229
0.05496	0	75970	2	69339.8	373.095	33.7785
0.0552	0	80896	3	69381.1	373.673	33.7512
0.05544	0	84637	6	69422.3	374.25	33.7239
0.05568	0	88976	4	69463.6	374.826	33.6966
0.05592	0	92578	4	69455.1	374.708	33.7022
0.05616	0	96615	3	69438.4	374.474	33.7133
0.0564	0	101507	2	69421.6	374.24	33.7244
0.05664	0	105052	4	69387.5	373.764	33.7469
0.05688	0	110401	4	69310.2	372.681	33.7981
0.05712	0	115073	3	69232.9	371.596	33.8492
0.05736	0	118765	5	69155.6	370.486	33.9112
0.0576	0	122404	1	69030.9	368.635	34.0432
0.05784	0	126748	0	68887.2	366.509	34.1973
0.05808	0	132393	4	68743.6	364.39	34.3537
0.05832	0	134526	4	68592.5	362.17	34.5207
0.05856	0	138883	1	68397.2	359.31	34.7404
0.0588	0	143577	5	68201.8	356.464	34.9644
0.05904	0	146907	2	68006.4	353.631	35.1929
0.05928	0	149950	0	67782.9	350.406	35.4599
0.05952	0	152521	7	67538.2	346.896	35.759
0.05976	0	155570	3	67293.5	343.56	36.0346
0.06	0	158538	2	67048.8	340.347	36.2916
0.06024	0	161595	8	66772.3	336.761	36.5783
0.06048	0	164518	3	66495.9	333.223	36.8609
0.06072	0	167606	4	66219.4	329.731	37.1394
0.06096	0	169185	3	65936.5	326.205	37.42
0.0612	0	170865	3	65645	322.634	37.6999
0.06144	0	173779	3	65353.5	319.101	37.9675
0.06168	0	176172	2	65062	315.539	38.2413
0.06192	0	176680	1	64766	311.894	38.5259
0.06216	0	176155	2	64469.2	308.213	38.818
0.0624	0	178524	2	64172.4	304.509	39.1168
0.06264	0	178618	5	63879.6	300.745	39.4397
0.06288	0	179836	5	63596.6	296.926	39.7971
0.06312	0	180605	2	63313.6	293.089	40.1604
0.06336	0	181994	2	63030.6	289.235	40.5297
0.0636	0	181188	2	62750.6	285.406	40.9011
0.06384	0	181899	7	62471.7	281.58	41.2769
0.06408	0	184010	4	62192.8	277.761	41.6451
0.06432	0	183959	3	61916.4	274.057	41.9571
0.06456	0	181706	2	61654.2	270.567	42.2594
0.0648	0	183703	2	61392	267.099	42.5681
0.06504	0	183780	13	61129.9	263.653	42.8834
0.06528	0	182811	8	60874.9	260.324	43.1962
0.06552	0	181806	7	60625.4	257.087	43.5086
0.06576	0	182620	4	60375.9	253.922	43.8742
0.066	0	180791	6	60126.4	250.804	44.2848
0.06624	0	179899	4	59904.4	248.025	44.6536
0.06648	0	181755	7	59682.4	245.243	45.0257
0.06672	0	178140	88	59460.3	242.459	45.4011
0.06696	0	177975	186	59258.3	239.925	45.7455
0.0672	0	175673	523	59082.9	237.726	46.0467
0.06744	0	176949	973	58907.6	235.527	46.35
0.06768	0	174121	2099	58732.3	233.291	46.6342
0.06792	0	172036	2665	58595	231.46	46.8078
0.06816	0	172486	3348	58464.2	229.718	46.9752
0.0684	0	172936	4028	58333.3	227.981	47.1446
0.06864	0	173352	5587	58220.9	226.494	47.2915
0.06888	0	170757	8378	58154.8	225.62	47.3786
0.06912	0	172408	11134	58088.7	224.748	47.4663
0.06936	0	172107	14302	58022.5	223.877	47.5544
0.0696	0	172283	15830	58002.5	223.614	47.5812
0.06984	0	171935	19357	58001	223.594	47.5832
0.07008	0	175567	21734	57999.4	223.574	47.5853
0.07032	0	177676	25468	58008.9	223.698	47.5726
0.07056	0	177889	32089	58084.6	224.695	47.4716
0.0708	0	179288	33344	58160.3	225.693	47.3714
0.07104	0	182617	37751	58236	226.693	47.2717
0.07128	0	182016	44579	58352.9	228.24	47.1191
0.07152	0	186028	47171	58500.6	230.202	46.9284
0.07176	0	188803	48819	58648.4	232.171	46.7401
0.072	0	190600	57296	58796.1	234.129	46.544
0.07224	0	194271	61210	59005.4	236.753	46.1806
0.07248	0	197905	64837	59214.6	239.378	45.8203
0.07272	0	203238	69755	59423.9	242.002	45.4629
0.07296	0	207299	76043	59656.2	244.915	45.0697
0.0732	0	212484	80847	59919.3	248.211	44.6287
0.07344	0	219946	84802	60182.4	251.503	44.1924
0.07368	0	224070	90154	60445.4	254.79	43.7605
0.07392	0	228990	99319	60751.1	258.715	43.3505
0.07416	0	235874	102647	61063.9	262.79	42.9637
0.0744	0	243168	109737	61376.7	266.897	42.5864
0.07464	0	251101	116551	61704.4	271.234	42.201
0.07488	0	258363	123159	62069.5	276.106	41.7834
0.07512	0	267982	130696	62434.6	281.071	41.3274
0.07536	0	277006	137168	62799.7	286.079	40.8355
0.0756	0	286846	143071	63167.6	291.103	40.3502
0.07584	0	296204	150326	63536.7	296.115	39.8736
0.07608	0	309175	155254	63905.7	301.096	39.407
0.07632	0	322974	163757	64265	305.666	39.0229
0.07656	0	337300	172074	64565.5	309.41	38.7225
0.0768	0	350955	177476	64865.9	313.127	38.4291
0.07704	0	368675	185533	65166.4	316.818	38.1425
0.07728	0	387692	198206	65327.7	318.786	37.9915
0.07752	0	407076	205437	65384.6	319.479	37.9387
0.07776	0	432289	211510	65441.5	320.17	37.8861
0.078	0	455465	222212	65498.4	320.86	37.8337
0.07824	0	484397	240860	65032.2	315.173	38.2696
0.07848	0	517212	245848	64566.1	309.417	38.7219
0.07872	0	551571	257211	64100	303.6	39.1909
0.07896	0	591892	274265	63262.9	292.4	40.2261
0.0792	0	627176	284517	61931.3	274.258	41.94
0.07944	0	665499	289755	60599.8	256.755	43.541
0.07968	0	712185	301016	59268.2	240.05	45.7285
0.07992	0	761242	320536	57177.9	212.881	48.7245
0.08016	0	789812	323319	54961.1	186.969	53.4295
0.0804	0	815546	330707	52744.3	162.037	57.7325
0.08064	0	840846	349341	50463.6	137.25	63.735
0.08088	0	860579	366951	48023.5	112.368	71.6677
0.08112	0	853703	365657	45583.3	93.4692	89.1981
0.08136	0	848947	382926	43143.2	71.9146	95.3497
0.0816	0	858219	426466	41184.7	53.47	100.633
0.08184	0	850965	444399	39419	43.0927	116.218
0.08208	0	853201	475262	37653.3	34.7936	138.953
0.08232	0	863207	536650	36054.4	26.009	158.529
0.08256	0	876378	605360	35456.6	22.2965	162.23
0.0828	0	873240	608820	34858.8	19.0139	166.152
0.08304	0	882473	652319	34261	16.3309	171.921
0.08328	0	900901	732965	34236.1	16.2407	172.287
0.08352	0	905585	757816	34641	17.9186	167.638
0.08376	1	909355	757068	35045.8	19.9967	164.901
0.084	1	929697	808583	35450.7	22.2621	162.268
0.08424	0	956458	907340	36352.3	27.8552	155.985
0.08448	0	951490	835548	37253.9	32.7464	144.429
0.08472	0	964128	848585	38155.5	37.1846	131.939
0.08496	0	982825	931373	39056.6	41.3878	120.443
0.0852	1	988842	951568	39957.1	45.7899	110.436
0.08544	1	990282	875168	40857.6	51.2244	102.818
0.08568	0	1.01071e+06	904551	41758.2	58.2075	98.05
0.08592	0	1.04042e+06	1.04909e+06	42326	63.5749	96.5454
0.08616	0	1.02781e+06	885362	42838.4	68.7179	95.6646
0.0864	0	1.03309e+06	858807	43350.7	73.6842	95.2351
0.08664	1	1.06785e+06	960598	43729.2	76.8194	94.8992
0.08688	1	1.08564e+06	1.02102e+06	43773	77.1814	94.8486
0.08712	3	1.07423e+06	842970	43816.8	77.5432	94.7957
0.08736	1	1.08689e+06	887988	43860.6	77.9047	94.7403
0.0876	2	1.11301e+06	1.08083e+06	43653.4	76.1927	94.9809
0.08784	2	1.10144e+06	930097	43345.8	73.6436	95.2383
0.08808	6	1.10455e+06	857708	43038.2	70.8023	95.4407
0.08832	6	1.13323e+06	977037	42686.4	67.1626	95.8795
0.08856	8	1.16608e+06	1.13059e+06	42069.4	61.1069	97.1551
0.0888	15	1.16841e+06	891567	41452.5	55.4598	99.0985
0.08904	11	1.20308e+06	929627	40835.5	51.0779	102.977
0.08928	16	1.25879e+06	1.15584e+06	40176.2	47.0185	108.352
0.08952	23	1.26244e+06	1.09662e+06	39485.1	43.4039	115.47
0.08976	20	1.26808e+06	964277	38794.1	40.1562	123.641
0.09	29	1.2959e+06	1.09903e+06	38103	36.9426	132.655
0.09024	19	1.34908e+06	1.37788e+06	37878.2	35.8949	135.795
0.09048	24	1.31402e+06	1.07382e+06	37653.3	34.7937	138.953
0.09072	38	1.31894e+06	1.11636e+06	37428.5	33.654	142.058
0.09096	48	1.35558e+06	1.36538e+06	37494.7	33.9932	141.149
0.0912	53	1.35099e+06	1.37214e+06	37949	36.2326	134.792
0.09144	52	1.3334e+06	1.19026e+06	38403.2	38.3323	128.63
0.09168	64	1.3381e+06	1.28282e+06	38857.5	40.4533	122.858
0.09192	82	1.38197e+06	1.52129e+06	39500.5	43.4762	115.298
0.09216	75	1.3543e+06	1.29531e+06	40175	47.0114	108.363
0.0924	92	1.35474e+06	1.23201e+06	40849.4	51.17	102.877
0.09264	97	1.37984e+06	1.35878e+06	41436.4	55.3185	99.1582
0.09288	117	1.40751e+06	1.50482e+06	41804.8	58.6354	97.9049
0.09312	141	1.38968e+06	1.22209e+06	42173.2	62.0963	96.8948
0.09336	138	1.40266e+06	1.25153e+06	42541.5	65.7036	96.1206
0.0936	151	1.44834e+06	1.53572e+06	42645.8	66.7509	95.9436
0.09384	163	1.4357e+06	1.33838e+06	42644.3	66.7361	95.9459
0.09408	174	1.44069e+06	1.21625e+06	42642.8	66.7214	95.9483
0.09432	211	1.46516e+06	1.35978e+06	42629	66.5814	95.9708
0.09456	260	1.51119e+06	1.64336e+06	42540.7	65.6952	96.1221
0.0948	247	1.48783e+06	1.27234e+06	42452.4	64.8175	96.2866
0.09504	291	1.49886e+06	1.30792e+06	42364.2	63.9483	96.4643
0.09528	313	1.5458e+06	1.63441e+06	42331.6	63.6301	96.5332
0.09552	326	1.54625e+06	1.53559e+06	42340.9	63.7208	96.5134
0.09576	387	1.54698e+06	1.33445e+06	42350.2	63.8115	96.4937
0.096	426	1.56977e+06	1.49387e+06	42359.5	63.9024	96.4741
0.09624	441	1.63685e+06	1.77181e+06	42406.1	64.3603	96.3782
0.09648	463	1.60746e+06	1.46973e+06	42452.8	64.8207	96.2859
0.09672	504	1.62588e+06	1.44309e+06	42499.4	65.2834	96.1974
0.09696	567	1.67532e+06	1.69329e+06	42541.1	65.6996	96.1213
0.0972	600	1.69204e+06	1.72416e+06	42576.4	66.0524	96.0594
0.09744	607	1.6908e+06	1.5232e+06	42611.6	66.4066	95.9995
0.09768	692	1.71374e+06	1.61236e+06	42646.9	66.7621	95.9418
0.09792	735	1.78307e+06	1.91146e+06	42666.4	66.9595	95.9107
0.09816	785	1.75728e+06	1.63586e+06	42683.3	67.1307	95.8844
0.0984	828	1.77552e+06	1.59848e+06	42700.1	67.3022	95.8585
0.09864	993	1.82683e+06	1.76506e+06	42737.3	67.6809	95.8032
0.09888	939	1.85784e+06	2.00391e+06	42825.2	68.5824	95.6816
0.09912	1027	1.84485e+06	1.64049e+06	42913.1	69.4923	95.573
0.09936	1098	1.88556e+06	1.74542e+06	43001	70.4109	95.4773
0.0996	1231	1.96453e+06	2.18317e+06	43104.6	71.5048	95.381
0.09984	1282	1.95474e+06	1.90479e+06	43214.6	72.5546	95.3117
0.10008	1365	1.96867e+06	1.72781e+06	43324.5	73.4666	95.2517
0.10032	1439	2.02977e+06	2.00538e+06	43411.8	74.1912	95.1931
0.10056	1486	2.11108e+06	2.23795e+06	43363.9	73.7934	95.2265
0.1008	1666	2.0833e+06	1.91838e+06	43315.9	73.3955	95.2569
0.10104	1689	2.11568e+06	1.95917e+06	43267.9	72.9975	95.2845
0.10128	1851	2.21114e+06	2.24413e+06	43072.2	71.1615	95.4092
0.10152	2002	2.21827e+06	2.22714e+06	42765.7	67.9713	95.7625
0.10176	2007	2.22548e+06	1.9975e+06	42459.2	64.8844	96.2735
0.102	2073	2.29921e+06	2.13102e+06	42152.7	61.8999	96.9448
0.10224	2179	2.4268e+06	2.78457e+06	41381.8	54.9009	99.4529
0.10248	2251	2.37978e+06	2.07691e+06	40611	49.6315	104.662
0.10272	2344	2.43973e+06	2.05508e+06	39840.1	45.1566	111.615
0.10296	2331	2.56418e+06	2.51097e+06	39108.3	41.6307	119.827
0.1032	2447	2.5887e+06	2.5358e+06	38428.5	38.4496	128.299
0.10344	2388	2.57732e+06	2.28304e+06	37748.6	35.2655	137.62
0.10368	2460	2.6178e+06	2.55849e+06	37068.8	31.7661	146.899
0.10392	2397	2.74866e+06	3.04271e+06	36862	30.6528	149.603
0.10416	2439	2.72212e+06	2.64097e+06	36734.1	29.9564	151.244
0.1044	2488	2.76089e+06	2.47829e+06	36606.2	29.2555	152.86
0.10464	2436	2.87221e+06	2.89116e+06	36483.9	28.5819	154.379
0.10488	2333	2.95013e+06	3.37278e+06	36375.4	27.9832	155.704
0.10512	2332	2.91707e+06	2.66279e+06	36267	27.3833	157.009
0.10536	2357	2.97356e+06	2.80098e+06	36158.6	26.7022	157.905
0.1056	2307	3.09891e+06	3.17374e+06	36226.6	27.1594	157.49
0.10584	2371	3.04723e+06	2.95186e+06	36365.1	27.9261	155.83
0.10608	2225	3.04387e+06	2.81821e+06	36503.6	28.6911	154.135
0.10632	2241	3.12283e+06	3.11848e+06	36689	29.7098	151.817
0.10656	2288	3.23916e+06	4.0184e+06	37155.7	32.2282	145.745
0.1068	2234	3.17033e+06	2.99899e+06	37622.3	34.6385	139.385
0.10704	2274	3.18661e+06	3.0698e+06	38088.9	36.8776	132.849
0.10728	2304	3.29384e+06	3.47978e+06	38391.8	38.2791	128.78
0.10752	2287	3.24336e+06	3.3197e+06	38571.8	39.1172	126.444
0.10776	2236	3.18908e+06	2.88177e+06	38751.8	39.9584	124.167
0.108	2272	3.22464e+06	3.1074e+06	38931.9	40.8021	121.948
0.10824	2303	3.39017e+06	4.0871e+06	38635.9	39.4165	125.627
0.10848	2339	3.25804e+06	3.03073e+06	38339.9	38.0385	129.464
0.10872	2278	3.26906e+06	3.04068e+06	38044	36.6707	133.467
0.10896	2314	3.35068e+06	3.31126e+06	37723.1	35.1396	137.979
0.1092	2250	3.32702e+06	3.56025e+06	37368.8	33.3459	142.872
0.10944	2260	3.23853e+06	2.9624e+06	37014.6	31.4757	147.614
0.10968	2244	3.26118e+06	3.27991e+06	36660.3	29.5525	152.179
0.10992	2152	3.39495e+06	3.786e+06	36507.5	28.7126	154.087
0.11016	2280	3.25805e+06	3.20553e+06	36388.3	28.0545	155.548
0.1104	2151	3.23338e+06	3.00525e+06	36269.1	27.395	156.984
0.11064	2127	3.30131e+06	3.22158e+06	36150.9	26.6504	157.951
0.11088	2132	3.32473e+06	4.00233e+06	36035.1	25.882	158.645
0.11112	1980	3.183e+06	3.0421e+06	35919.3	25.1307	159.347
0.11136	1959	3.16203e+06	3.08567e+06	35803.5	24.3965	160.056
0.1116	1896	3.26482e+06	3.40751e+06	35736.6	23.9802	160.47
0.11184	1904	3.12802e+06	3.1769e+06	35689.4	23.6892	160.763
0.11208	1856	3.03349e+06	2.83864e+06	35642.1	23.4009	161.059
0.11232	1836	3.04478e+06	3.09326e+06	35583	23.0445	161.43
0.11256	1734	3.10456e+06	3.81604e+06	35453	22.2753	162.253
0.1128	1789	2.93164e+06	2.85787e+06	35323	21.5264	163.088
0.11304	1688	2.91336e+06	2.82534e+06	35192.9	20.7976	163.932
0.11328	1708	2.97578e+06	3.09928e+06	34985.6	19.6756	165.302
0.11352	1589	2.85961e+06	2.98564e+06	34720.2	18.3107	167.095
0.11376	1574	2.73118e+06	2.65472e+06	34454.7	17.0539	169.168
0.114	1563	2.72383e+06	2.75836e+06	34189.3	16.0726	172.983
0.11424	1498	2.81607e+06	3.28047e+06	34147.5	15.924	173.615
0.11448	1374	2.62609e+06	2.68125e+06	34105.7	15.777	174.255
0.11472	1396	2.56544e+06	2.56276e+06	34063.9	15.6315	174.903
0.11496	1311	2.59936e+06	2.87968e+06	34067.1	15.6425	174.854
0.1152	1297	2.54696e+06	2.9483e+06	34130.2	15.8629	173.879
0.11544	1187	2.43614e+06	2.48864e+06	34193.3	16.0868	172.924
0.11568	1156	2.44667e+06	2.53417e+06	34256.4	16.3144	171.987
0.11592	1168	2.5335e+06	2.9872e+06	34232.3	16.2271	172.343
0.11616	1094	2.38295e+06	2.5465e+06	34193.7	16.0882	172.918
0.1164	1033	2.34549e+06	2.31073e+06	34155.1	15.9507	173.5
0.11664	1012	2.40885e+06	2.63363e+06	34156.9	15.9572	173.473
0.11688	1047	2.37696e+06	2.92654e+06	34259.8	16.3268	171.937
0.11712	981	2.15806e+06	2.33755e+06	34362.8	16.7063	170.453
0.11736	920	2.07878e+06	2.32195e+06	34465.7	17.096	169.017
0.1176	899	2.10419e+06	2.79999e+06	34323.1	16.5588	171.019
0.11784	891	1.91253e+06	2.29651e+06	34082.2	15.6951	174.618
0.11808	799	1.82803e+06	1.96822e+06	33841.4	14.8828	178.503
0.11832	792	1.90013e+06	2.14497e+06	33810.2	14.7812	179.028
0.11856	769	2.0445e+06	2.65541e+06	35037.2	19.9505	164.958
0.1188	774	2.22181e+06	2.16712e+06	36264.2	27.3678	157.042
0.11904	788	2.48804e+06	2.47147e+06	37491.2	33.9756	141.197
0.11928	735	2.71258e+06	3.12312e+06	44654.3	84.3858	93.328
0.11952	743	2.79945e+06	3.25667e+06	56269.5	201.885	50.5204
0.11976	0	2.72519e+06	1.91446e+06	67884.7	351.872	35.3376
