0	0	0	0	56544.9	205.145	49.9348
0.00024	0	0	0	56549.5	205.199	49.9253
0.00048	0	0	0	56554	205.253	49.9158
0.00072	0	0	0	56558.5	205.307	49.9064
0.00096	0	0	0	56563.1	205.362	49.8967
0.0012	0	0	0	56567.8	205.418	49.8869
0.00144	0	0	0	56572.5	205.474	49.877
0.00168	0	0	0	56577.3	205.53	49.8672
0.00192	0	0	0	56582.1	205.589	49.857
0.00216	0	0	0	56587.1	205.647	49.8467
0.0024	0	0	0	56592	205.706	49.8365
0.00264	0	0	0	56597	205.765	49.8261
0.00288	0	0	0	56602.1	205.827	49.8154
0.00312	0	0	0	56607.2	205.888	49.8047
0.00336	0	0	0	56612.4	205.949	49.794
0.0036	0	0	0	56617.6	206.013	49.783
0.00384	0	0	0	56623	206.077	49.7719
0.00408	0	0	0	56628.4	206.141	49.7607
0.00432	0	0	0	56633.8	206.205	49.7495
0.00456	0	0	0	56639.4	206.272	49.7379
0.0048	0	0	0	56645	206.339	49.7263
0.00504	0	0	0	56650.6	206.406	49.7147
0.00528	0	0	0	56656.3	206.475	49.7028
0.00552	0	0	0	56662.2	206.545	49.6906
0.00576	0	0	0	56668	206.615	49.6785
0.006	0	0	0	56673.9	206.685	49.6664
0.00624	0	0	0	56680	206.759	49.6537
0.00648	0	0	0	56686.1	206.832	49.6411
0.00672	0	0	0	56692.3	206.906	49.6284
0.00696	0	0	0	56698.5	206.981	49.6155
0.0072	0	0	0	56704.9	207.058	49.6023
0.00744	0	0	0	56711.3	207.135	49.5891
0.00768	0	0	0	56717.8	207.212	49.5759
0.00792	0	0	0	56724.4	207.292	49.5622
0.00816	0	0	0	56731.2	207.373	49.5483
0.0084	0	0	0	56737.9	207.453	49.5345
0.00864	0	0	0	56744.7	207.535	49.5205
0.00888	0	0	0	56751.7	207.62	49.5061
0.00912	0	0	0	56758.8	207.705	49.4916
0.00936	0	0	0	56765.8	207.79	49.4772
0.0096	0	0	0	56773.1	207.877	49.4623
0.00984	0	1	0	56780.5	207.966	49.4472
0.01008	0	0	0	56787.9	208.055	49.4321
0.01032	0	0	0	56795.4	208.145	49.4169
0.01056	0	0	0	56803.1	208.238	49.401
0.0108	0	0	0	56810.9	208.332	49.3852
0.01104	0	1	0	56818.6	208.426	49.3694
0.01128	0	0	0	56826.6	208.522	49.3532
0.01152	0	2	0	56834.8	208.62	49.3366
0.01176	0	0	0	56842.9	208.719	49.32
0.012	0	0	0	56851.1	208.817	49.3034
0.01224	0	0	0	56859.7	208.921	49.286
0.01248	0	0	0	56868.3	209.025	49.2687
0.01272	0	3	0	56876.8	209.128	49.2513
0.01296	0	0	2	56885.6	209.235	49.2335
0.0132	0	0	0	56894.6	209.344	49.2153
0.01344	0	0	0	56903.7	209.453	49.1971
0.01368	0	1	1	56912.7	209.563	49.1788
0.01392	0	1	0	56922.2	209.677	49.1598
0.01416	0	0	0	56931.7	209.792	49.1406
0.0144	0	0	0	56941.2	209.908	49.1215
0.01464	0	0	0	56950.9	210.025	49.1021
0.01488	0	3	0	56960.9	210.147	49.082
0.01512	0	2	0	56970.9	210.269	49.0619
0.01536	0	1	0	56980.9	210.391	49.0418
0.0156	0	0	1	56991.4	210.517	49.0209
0.01584	0	0	0	57002	210.646	48.9997
0.01608	0	1	0	57012.6	210.775	48.9786
0.01632	0	1	1	57023.2	210.905	48.9573
0.01656	0	5	1	57034.4	211.041	48.935
0.0168	0	1	0	57045.6	211.181	48.9154
0.01704	0	3	0	57056.8	211.324	48.8991
0.01728	0	0	1	57068.4	211.473	48.8824
0.01752	0	0	1	57080.2	211.624	48.8653
0.01776	0	5	2	57092	211.776	48.8482
0.018	0	4	1	57103.8	211.928	48.8311
0.01824	0	3	0	57116.4	212.089	48.813
0.01848	0	4	0	57128.9	212.251	48.7949
0.01872	0	1	3	57141.4	212.412	48.7769
0.01896	0	8	1	57154.3	212.577	48.7584
0.0192	0	4	2	57167.6	212.748	48.7393
0.01944	0	3	1	57180.8	212.919	48.7202
0.01968	0	2	2	57194.1	213.09	48.7012
0.01992	0	4	3	57208.1	213.271	48.6811
0.02016	0	4	1	57222.2	213.452	48.6609
0.0204	0	3	4	57236.3	213.634	48.6408
0.02064	0	3	0	57250.7	213.819	48.6203
0.02088	0	4	0	57265.7	214.013	48.5989
0.02112	0	6	0	57280.6	214.206	48.5776
0.02136	0	7	0	57295.6	214.399	48.5563
0.0216	0	7	2	57311.3	214.602	48.5341
0.02184	0	6	0	57327.2	214.807	48.5115
0.02208	0	8	0	57343.1	215.013	48.489
0.02232	0	9	4	57359.2	215.221	48.4662
0.02256	0	7	2	57376.2	215.441	48.4423
0.0228	0	6	3	57393.1	215.661	48.4183
0.02304	0	7	1	57410.1	215.881	48.3944
0.02328	0	8	1	57427.8	216.109	48.3696
0.02352	0	5	7	57445.9	216.344	48.3442
0.02376	0	19	2	57464	216.579	48.3188
0.024	0	13	3	57482.1	216.814	48.2934
0.02424	0	11	5	57501.4	217.065	48.2664
0.02448	0	13	3	57520.8	217.317	48.2394
0.02472	0	16	4	57540.1	217.568	48.2124
0.02496	0	17	2	57560.1	217.827	48.1847
0.0252	0	14	4	57580.8	218.096	48.156
0.02544	0	15	6	57601.4	218.366	48.1273
0.02568	0	13	0	57622.1	218.635	48.0986
0.02592	0	17	4	57644.1	218.921	48.0683
0.02616	0	24	3	57666.2	219.21	48.0378
0.0264	0	24	4	57688.4	219.499	48.0073
0.02664	0	25	3	57711	219.794	47.9763
0.02688	0	27	4	57734.8	220.104	47.9437
0.02712	0	35	4	57758.5	220.415	47.9112
0.02736	0	30	5	57782.3	220.726	47.8787
0.0276	0	26	5	57807.3	221.053	47.8446
0.02784	0	33	4	57832.9	221.388	47.8098
0.02808	0	36	4	57858.5	221.723	47.7751
0.02832	0	27	8	57884.3	222.062	47.7401
0.02856	0	37	9	57911.9	222.423	47.703
0.0288	0	44	5	57939.4	222.785	47.6659
0.02904	0	52	9	57967	223.147	47.6288
0.02928	0	51	3	57995.7	223.524	47.5903
0.02952	0	42	6	58025.4	223.915	47.5506
0.02976	0	54	9	58055	224.305	47.511
0.03	0	69	5	58084.7	224.696	47.4716
0.03024	0	77	8	58116.8	225.118	47.429
0.03048	0	65	9	58148.8	225.541	47.3865
0.03072	0	74	9	58180.9	225.965	47.3442
0.03096	0	80	12	58214.1	226.404	47.3004
0.0312	0	75	11	58248.9	226.863	47.2548
0.03144	0	71	5	58283.7	227.323	47.2093
0.03168	0	102	7	58318.5	227.784	47.1639
0.03192	0	88	7	58355.7	228.278	47.1154
0.03216	0	99	8	58393.4	228.778	47.0666
0.0324	0	119	11	58431.1	229.278	47.0179
0.03264	0	131	8	58469.7	229.791	46.9682
0.03288	0	139	7	58510.5	230.334	46.9157
0.03312	0	145	7	58551.4	230.878	46.8635
0.03336	0	160	6	58592.2	231.422	46.8114
0.0336	0	154	11	58635.6	232	46.7563
0.03384	0	193	9	58679.9	232.592	46.7002
0.03408	0	207	11	58724.3	233.185	46.6443
0.03432	0	250	7	58769.2	233.786	46.5878
0.03456	0	227	6	58817.6	234.398	46.5065
0.0348	0	229	10	58866	235.005	46.4223
0.03504	0	233	7	58914.4	235.612	46.3382
0.03528	0	279	6	58965.4	236.252	46.2498
0.03552	0	282	12	59018.3	236.915	46.1583
0.03576	0	335	4	59071.2	237.579	46.0669
0.036	0	349	10	59124.1	238.243	45.9758
0.03624	0	355	7	59181.9	238.968	45.8764
0.03648	0	401	6	59239.7	239.693	45.7773
0.03672	0	445	10	59297.5	240.418	45.6784
0.03696	0	469	6	59357.7	241.172	45.5757
0.0372	0	485	11	59420.9	241.965	45.468
0.03744	0	519	1	59484.2	242.758	45.3606
0.03768	0	586	4	59547.4	243.551	45.2534
0.03792	0	614	5	59615.7	244.408	45.138
0.03816	0	656	1	59684.9	245.275	45.0214
0.0384	0	759	2	59754.1	246.142	44.9051
0.03864	0	770	8	59825.1	247.032	44.786
0.03888	0	801	4	59900.8	247.98	44.6595
0.03912	0	924	5	59976.5	248.928	44.5334
0.03936	0	1115	3	60052.2	249.875	44.4077
0.0396	0	999	7	60133.2	250.888	44.2736
0.03984	0	1139	2	60216.3	251.927	44.1365
0.04008	0	1156	13	60299.4	252.966	43.9998
0.04032	0	1438	13	60383.7	254.019	43.8615
0.04056	0	1322	3	60475.4	255.164	43.7117
0.0408	0	1439	4	60567.1	256.332	43.5825
0.04104	0	1604	8	60658.7	257.518	43.4665
0.04128	0	1683	8	60755.6	258.773	43.3448
0.04152	0	1915	5	60856.3	260.082	43.2193
0.04176	0	1918	8	60957.1	261.395	43.0947
0.042	0	2100	8	61057.8	262.71	42.9711
0.04224	0	2332	5	61168.3	264.158	42.8367
0.04248	0	2548	10	61278.8	265.609	42.7034
0.04272	0	2575	11	61389.4	267.064	42.5713
0.04296	0	2937	12	61504.4	268.583	42.435
0.0432	0	3063	9	61625.6	270.188	42.2928
0.04344	0	3211	8	61746.7	271.797	42.152
0.04368	0	3578	5	61867.9	273.411	42.0125
0.04392	0	3945	7	61999	275.162	41.8631
0.04416	0	4016	5	62131.8	276.941	41.7134
0.0444	0	4338	5	62264.6	278.732	41.56
0.04464	0	4811	5	62400.9	280.607	41.3733
0.04488	0	4856	10	62546.2	282.603	41.176
0.04512	0	5403	5	62691.4	284.596	40.9803
0.04536	0	6017	2	62836.7	286.585	40.7862
0.0456	0	6148	6	62990.9	288.692	40.582
0.04584	0	6692	4	63148.6	290.843	40.375
0.04608	0	7341	6	63306.3	292.989	40.1699
0.04632	0	7734	6	63465.8	295.155	39.9643
0.04656	0	8222	7	63636.5	297.465	39.7465
0.0468	0	8766	6	63807.1	299.768	39.5308
0.04704	0	9729	2	63977.7	302.064	39.3172
0.04728	0	10273	4	64154.5	304.284	39.1352
0.04752	0	10993	5	64335.9	306.552	38.9514
0.04776	0	11907	2	64517.3	308.811	38.7702
0.048	0	12528	4	64698.7	311.062	38.5915
0.04824	0	13714	1	64890.5	313.431	38.4054
0.04848	0	14630	6	65082.4	315.788	38.222
0.04872	0	15864	4	65274.2	318.134	38.0414
0.04896	0	16831	4	65469.9	320.515	37.8599
0.0492	0	17698	0	65670.9	322.946	37.6764
0.04944	0	18864	5	65871.9	325.407	37.4835
0.04968	0	20213	5	66072.9	327.899	37.2853
0.04992	0	22027	2	66277.7	330.464	37.0811
0.05016	0	23404	4	66483.2	333.061	36.8738
0.0504	0	24646	8	66688.6	335.685	36.6643
0.05064	0	26778	8	66893.8	338.33	36.4528
0.05088	0	28279	4	67098.3	340.994	36.2398
0.05112	0	30159	3	67302.9	343.685	36.0247
0.05136	0	32355	3	67507.5	346.457	35.797
0.0516	0	34354	2	67704.3	349.276	35.5551
0.05184	0	36456	4	67898	352.064	35.3217
0.05208	0	39191	3	68091.7	354.866	35.0926
0.05232	0	41219	2	68282.8	357.642	34.871
0.05256	0	44021	5	68457.9	360.198	34.6716
0.0528	0	46541	4	68633	362.764	34.4756
0.05304	0	49216	2	68808.2	365.342	34.2831
0.05328	0	53047	3	68962	367.615	34.1168
0.05352	0	55863	0	69099.9	369.659	33.97
0.05376	0	58695	4	69237.8	371.664	33.846
0.054	0	62472	1	69375.7	373.597	33.7548
0.05424	0	65554	2	69468.5	374.896	33.6933
0.05448	0	69303	4	69561.4	376.19	33.6317
0.05472	0	73421	4	69654.3	377.482	33.57
0.05496	0	75970	2	69722.9	378.435	33.5244
0.0552	0	80896	3	69759.3	378.938	33.5002
0.05544	0	84637	6	69795.7	379.442	33.476
0.05568	0	88976	4	69832	379.944	33.4518
0.05592	0	92578	4	69804.8	379.569	33.4699
0.05616	0	96615	3	69767	379.046	33.4951
0.0564	0	101507	2	69729.2	378.522	33.5202
0.05664	0	105052	4	69669.2	377.689	33.5601
0.05688	0	110401	4	69553.5	376.08	33.637
0.05712	0	115073	3	69437.8	374.466	33.7137
0.05736	0	118765	5	69322.1	372.847	33.7903
0.0576	0	122404	1	69144.6	370.323	33.9228
0.05784	0	126748	0	68942.5	367.326	34.1378
0.05808	0	132393	4	68740.4	364.343	34.3572
0.05832	0	134526	4	68528.6	361.233	34.592
0.05856	0	138883	1	68259.2	357.299	34.8981
0.0588	0	143577	5	67989.8	353.39	35.2126
0.05904	0	146907	2	67720.3	349.507	35.5356
0.05928	0	149950	0	67413.6	345.151	35.9074
0.05952	0	152521	7	67078.8	340.739	36.2602
0.05976	0	155570	3	66744	336.397	36.6074
0.06	0	158538	2	66409.3	332.124	36.9486
0.06024	0	161595	8	66031.6	327.385	37.3262
0.06048	0	164518	3	65654	322.742	37.6918
0.06072	0	167606	4	65276.3	318.16	38.0394
0.06096	0	169185	3	64889.3	313.415	38.4066
0.0612	0	170865	3	64489.8	308.469	38.7975
0.06144	0	173779	3	64090.3	303.479	39.2008
0.06168	0	176172	2	63690.8	298.2	39.6775
0.06192	0	176680	1	63282.2	292.663	40.201
0.06216	0	176155	2	62872.2	287.07	40.7391
0.0624	0	178524	2	62462.1	281.448	41.29
0.06264	0	178618	5	62055.8	275.922	41.7989
0.06288	0	179836	5	61658.9	270.63	42.254
0.06312	0	180605	2	61262	265.388	42.7237
0.06336	0	181994	2	60865.1	260.197	43.2084
0.0636	0	181188	2	60466.5	255.053	43.7262
0.06384	0	181899	7	60067.1	250.062	44.3829
0.06408	1	184010	4	59667.8	245.06	45.0502
0.06432	1	183959	3	59270.1	240.074	45.7252
0.06456	1	181705	2	58882.8	235.216	46.3931
0.0648	1	183703	2	58495.5	230.134	46.9349
0.06504	8	183780	13	58108.2	225.006	47.4403
0.06528	7	182810	8	57723	219.951	47.9598
0.06552	9	181806	6	57339.3	214.964	48.4944
0.06576	12	182616	4	56955.6	210.083	49.0926
0.066	15	180782	6	56571.9	205.466	49.8784
0.06624	18	179894	2	56208.9	201.173	50.6516
0.06648	16	181746	7	55845.8	196.952	51.4549
0.06672	14	178128	86	55482.8	192.803	52.2892
0.06696	26	177966	184	55138.3	188.942	53.0592
0.0672	45	175656	521	54818.7	185.384	53.7253
0.06744	62	176929	973	54499	181.828	54.3839
0.06768	52	174092	2094	54179.4	178.276	55.0346
0.06792	64	172002	2659	53890.9	175.075	55.6146
0.06816	93	172448	3343	53607.6	171.939	56.1772
0.0684	114	172882	4023	53324.3	168.688	56.6737
0.06864	157	173308	5574	53058.1	165.628	57.1489
0.06888	201	170677	8375	52834.7	163.07	57.5617
0.06912	229	172298	11132	52611.4	160.523	57.9874
0.06936	325	171997	14297	52388	157.986	58.4265
0.0696	389	172166	15825	52204.8	155.913	58.7967
0.06984	502	171806	19352	52037.6	154.028	59.1426
0.07008	655	175384	21728	51870.4	152.151	59.4963
0.07032	860	177416	25467	51713.3	150.47	59.9239
0.07056	1026	177626	32078	51616.3	149.444	60.2057
0.0708	1318	178902	33340	51519.3	148.418	60.4898
0.07104	1608	182139	37743	51422.3	147.392	60.7762
0.07128	1846	181424	44578	51360.1	146.734	60.9611
0.07152	2148	185359	47164	51324	146.352	61.0687
0.07176	2678	187953	48817	51287.9	145.97	61.1767
0.072	3084	189548	57294	51251.8	145.588	61.285
0.07224	3564	192956	61206	51259.8	145.673	61.2611
0.07248	4370	196219	64833	51267.7	145.757	61.2373
0.07272	4941	201333	69750	51275.7	145.841	61.2134
0.07296	5586	204915	76041	51297.3	146.07	61.1486
0.0732	6528	209553	80843	51337.1	146.491	61.0294
0.07344	7171	216521	84800	51377	146.913	60.9107
0.07368	8159	220021	90153	51416.8	147.335	60.7923
0.07392	9232	224128	99312	51481.3	148.017	60.6016
0.07416	10301	229745	102645	51549.9	148.742	60.4
0.0744	11459	236221	109734	51618.4	149.467	60.1994
0.07464	12868	242853	116547	51700.7	150.336	59.9604
0.07488	14453	248131	123159	51817.1	151.566	59.6248
0.07512	15687	256061	130696	51933.5	152.859	59.3618
0.07536	17517	262664	137166	52050	154.168	59.1167
0.0756	19173	269770	143070	52189	155.734	58.8291
0.07584	20884	276160	150325	52337	157.407	58.5287
0.07608	23122	285043	155252	52485	159.086	58.2342
0.07632	25004	294606	163756	52640	160.848	57.9322
0.07656	27000	303444	172070	52836.8	163.094	57.5578
0.0768	29404	311476	177476	53033.6	165.347	57.1936
0.07704	31669	321646	185532	53230.4	167.607	56.8392
0.07728	34191	331651	198206	53469.5	170.362	56.4219
0.07752	37171	341238	205437	53740.4	173.408	55.9143
0.07776	40019	353580	211509	54011.3	176.41	55.3734
0.078	42627	365032	222211	54282.1	179.417	54.8263
0.07824	45659	377682	240857	54621.1	183.186	54.1333
0.07848	48930	393102	245848	54960	186.958	53.4316
0.07872	51456	407980	257208	55299	190.729	52.7217
0.07896	55481	427201	274265	55617.4	194.334	51.976
0.0792	59199	443224	284517	55908.6	197.677	51.3138
0.07944	64320	461391	289755	56199.7	201.066	50.6715
0.07968	68860	485287	301015	56490.9	204.502	50.0484
0.07992	74278	507707	320535	56571.4	205.46	49.8794
0.08016	79776	530103	323319	56616.8	206.002	49.7848
0.0804	85581	556844	330705	56662.2	206.545	49.6906
0.08064	91342	584183	349339	56604	205.849	49.8114
0.08088	97106	613880	366944	56286.8	202.089	50.4832
0.08112	103355	636479	365630	55969.6	198.383	51.1776
0.08136	108249	663610	380279	55652.4	194.733	51.8955
0.0816	113085	697445	411901	55067.3	188.151	53.2079
0.08184	119403	714956	410919	54375	180.449	54.6373
0.08208	125498	739813	414447	53682.7	172.77	56.0286
0.08232	130728	770891	442836	52950.7	164.397	57.3457
0.08256	137460	802140	476996	51980.1	153.382	59.2633
0.0828	142252	816259	455829	51009.6	143.024	62.0209
0.08304	145988	841130	470955	50039	132.648	65.0262
0.08328	148396	873373	521759	49025.5	120.962	67.3611
0.08352	151035	887774	529091	47979.7	112.118	71.9604
0.08376	155256	899618	520561	46934	105.986	79.7194
0.084	155670	925758	561921	45888.2	96.6172	87.3544
0.08424	154574	956100	647973	45096.6	88.4086	91.8051
0.08448	154703	951486	586859	44304.9	81.5518	94.0446
0.08472	154492	964127	604990	43513.3	75.0321	95.113
0.08496	154958	982822	689278	42929.9	69.6669	95.5538
0.0852	154206	988836	717426	42624.1	66.5321	95.9789
0.08544	153086	990277	661826	42318.3	63.4998	96.562
0.08568	152083	1.0107e+06	712410	42012.5	60.5689	97.306
0.08592	150804	1.04041e+06	876142	42058.1	60.9999	97.1846
0.08616	150521	1.02779e+06	734244	42162.3	61.9925	96.9211
0.0864	149721	1.03305e+06	727400	42266.6	62.9968	96.6765
0.08664	150326	1.06782e+06	846536	42448.8	64.7811	96.2937
0.08688	149078	1.08558e+06	923552	42826	68.5902	95.6806
0.08712	148478	1.07419e+06	756495	43203.2	72.4602	95.317
0.08736	149652	1.08684e+06	814588	43580.4	75.588	95.0528
0.0876	149213	1.11299e+06	1.01843e+06	44052.8	79.4873	94.4693
0.08784	149326	1.10139e+06	874890	44563.4	83.6517	93.5286
0.08808	148676	1.1045e+06	807436	45073.9	88.1726	91.9157
0.08832	150855	1.13321e+06	931912	45550.7	93.1315	89.3858
0.08856	152467	1.16497e+06	1.09087e+06	45825.1	95.9674	87.7487
0.0888	155183	1.16538e+06	844351	46099.5	98.7822	85.9892
0.08904	158520	1.1978e+06	874875	46373.8	101.569	84.1157
0.08928	162165	1.2513e+06	1.09169e+06	46330.4	101.13	84.4193
0.08952	165652	1.25632e+06	1.01739e+06	46048.7	98.2634	86.3235
0.08976	167945	1.26493e+06	863594	45767	95.3682	88.106
0.09	169740	1.29479e+06	973079	45485.3	92.4524	89.7575
0.09024	170700	1.34898e+06	1.22423e+06	44859.6	86.0323	92.8389
0.09048	171780	1.31402e+06	896239	44233.9	80.9718	94.1721
0.09072	174035	1.31894e+06	912693	43608.3	75.8188	95.0262
0.09096	175153	1.35558e+06	1.1367e+06	43053.7	70.9656	95.4261
0.0912	175204	1.35099e+06	1.12974e+06	42593.9	66.2283	96.0294
0.09144	176533	1.3334e+06	945827	42134.1	61.7224	96.9906
0.09168	176381	1.3381e+06	1.03627e+06	41674.3	57.444	98.3207
0.09192	175357	1.38197e+06	1.27263e+06	41507.7	55.949	98.8964
0.09216	175140	1.3543e+06	1.06104e+06	41390	54.9612	99.4064
0.0924	175398	1.35473e+06	1.01341e+06	41272.2	54.0975	100.097
0.09264	175152	1.37984e+06	1.15435e+06	41194.2	53.5374	100.574
0.09288	174849	1.40749e+06	1.31368e+06	41215.7	53.6904	100.441
0.09312	174852	1.38967e+06	1.04355e+06	41237.1	53.8441	100.309
0.09336	175329	1.40264e+06	1.08446e+06	41258.5	53.9985	100.179
0.0936	173965	1.44832e+06	1.37969e+06	41231.8	53.8058	100.342
0.09384	174538	1.43568e+06	1.18648e+06	41185.7	53.4769	100.627
0.09408	175023	1.44068e+06	1.06402e+06	41139.7	53.1512	100.917
0.09432	174116	1.46511e+06	1.21065e+06	41089.2	52.7978	101.241
0.09456	173645	1.51116e+06	1.49355e+06	41012.2	52.2659	101.749
0.0948	172839	1.48782e+06	1.12281e+06	40935.2	51.7426	102.274
0.09504	173400	1.49885e+06	1.15692e+06	40858.2	51.2278	102.814
0.09528	172708	1.5458e+06	1.48087e+06	40818.1	50.9634	103.102
0.09552	171788	1.54624e+06	1.38314e+06	40805.8	50.8825	103.191
0.09576	170626	1.54698e+06	1.18323e+06	40793.5	50.8018	103.281
0.096	170199	1.56975e+06	1.34573e+06	40781.1	50.7213	103.372
0.09624	170002	1.63683e+06	1.62447e+06	40773.6	50.6724	103.427
0.09648	168774	1.60745e+06	1.32567e+06	40766.1	50.6237	103.482
0.09672	168164	1.62588e+06	1.30109e+06	40758.6	50.575	103.537
0.09696	166926	1.6753e+06	1.55364e+06	40726.6	50.3677	103.776
0.0972	166812	1.69204e+06	1.58666e+06	40661.8	49.953	104.268
0.09744	166283	1.69079e+06	1.38766e+06	40597	49.5439	104.772
0.09768	164776	1.71373e+06	1.47658e+06	40532.3	49.1404	105.288
0.09792	164204	1.78306e+06	1.77721e+06	40364	48.1177	106.688
0.09816	163016	1.75726e+06	1.50259e+06	40178.5	47.0316	108.331
0.0984	160462	1.77552e+06	1.46478e+06	39993	45.987	110.085
0.09864	159845	1.82683e+06	1.63142e+06	39817.3	45.0347	111.85
0.09888	158228	1.85782e+06	1.87244e+06	39666.3	44.2564	113.457
0.09912	157506	1.84484e+06	1.51164e+06	39515.2	43.5456	115.132
0.09936	156247	1.88553e+06	1.62208e+06	39364.2	42.8346	116.843
0.0996	155348	1.96451e+06	2.06546e+06	39348.6	42.7611	117.022
0.09984	154029	1.95469e+06	1.79469e+06	39387.1	42.9425	116.581
0.10008	154689	1.96864e+06	1.62691e+06	39425.7	43.124	116.142
0.10032	154859	2.02976e+06	1.91303e+06	39501.1	43.479	115.291
0.10056	155038	2.11104e+06	2.15588e+06	39797.6	44.9302	112.055
0.1008	155393	2.08292e+06	1.84932e+06	40094.1	46.5517	109.114
0.10104	156986	2.11375e+06	1.89964e+06	40390.7	48.2775	106.46
0.10128	158171	2.2049e+06	2.19436e+06	40890.4	51.4424	102.586
0.10152	161573	2.20842e+06	2.18696e+06	41542.6	56.2598	98.7716
0.10176	166521	2.20849e+06	1.96416e+06	42194.8	62.3039	96.8429
0.102	170435	2.2733e+06	2.10407e+06	42847	68.8069	95.6536
0.10224	176654	2.3913e+06	2.76062e+06	43276.7	73.0706	95.2796
0.10248	181772	2.34909e+06	2.04806e+06	43706.5	76.6319	94.9244
0.10272	185399	2.4135e+06	2.01968e+06	44136.3	80.1723	94.3373
0.10296	188192	2.54015e+06	2.46815e+06	44520.5	83.3047	93.6198
0.1032	191327	2.57097e+06	2.48219e+06	44843.9	85.9073	92.8779
0.10344	195803	2.56687e+06	2.21518e+06	45167.4	89.1462	91.4529
0.10368	201195	2.61289e+06	2.47338e+06	45490.8	92.5098	89.7264
0.10392	207221	2.74763e+06	2.9391e+06	46078	98.5632	86.1308
0.10416	212573	2.7205e+06	2.52942e+06	46709.2	104.631	81.5949
0.1044	215264	2.75607e+06	2.3607e+06	47340.4	108.405	76.5223
0.10464	216853	2.86348e+06	2.76548e+06	47861.8	111.442	72.7615
0.10488	217718	2.93796e+06	3.23644e+06	48108.6	112.851	71.105
0.10512	220765	2.90439e+06	2.50892e+06	48355.4	114.239	69.5231
0.10536	223012	2.95971e+06	2.62884e+06	48602.2	116.604	68.6489
0.1056	225182	3.08431e+06	2.98307e+06	48792.1	118.524	68.0473
0.10584	224962	3.03178e+06	2.74754e+06	48959.2	120.261	67.55
0.10608	221317	3.02713e+06	2.60216e+06	49126.3	122.044	67.0823
0.10632	219054	3.106e+06	2.88925e+06	49344.2	124.44	66.5159
0.10656	214265	3.22071e+06	3.78078e+06	49866.7	130.528	65.3518
0.1068	205927	3.14634e+06	2.77778e+06	50389.2	136.465	63.9747
0.10704	195513	3.15662e+06	2.86299e+06	50911.7	141.988	62.3224
0.10728	182764	3.25724e+06	3.28787e+06	51386.7	147.016	60.8818
0.10752	167779	3.19976e+06	3.14046e+06	51826	151.66	59.5993
0.10776	152263	3.13485e+06	2.71521e+06	52265.3	156.596	58.6734
0.108	135019	3.16111e+06	2.95107e+06	52704.6	161.585	57.8081
0.10824	116959	3.31543e+06	3.94406e+06	52577.9	160.142	58.0523
0.10848	99480	3.1758e+06	2.88086e+06	52451.2	158.702	58.3009
0.10872	81973	3.17973e+06	2.8847e+06	52324.5	157.266	58.5537
0.10896	65869	3.25458e+06	3.14926e+06	51981.5	153.397	59.2605
0.1092	50788	3.22698e+06	3.39047e+06	51349.9	146.626	60.9913
0.10944	38342	3.13429e+06	2.78168e+06	50718.4	139.943	62.9254
0.10968	28122	3.1545e+06	3.08774e+06	50086.8	133.246	64.9409
0.10992	19565	3.28594e+06	3.58163e+06	49304.6	123.998	66.6154
0.11016	13608	3.14648e+06	2.99613e+06	48497.2	115.566	68.9989
0.1104	9112	3.11862e+06	2.79124e+06	47689.8	110.45	73.9617
0.11064	5698	3.18331e+06	3.0029e+06	46798.7	105.172	80.8384
0.11088	3432	3.20472e+06	3.78076e+06	45698.4	94.66	88.5205
0.11112	2085	3.06291e+06	2.81375e+06	44598.1	83.932	93.4533
0.11136	1096	3.04086e+06	2.84867e+06	43497.7	74.9033	95.1261
0.1116	559	3.14249e+06	3.16366e+06	42261.1	62.9437	96.6889
0.11184	287	3.00545e+06	2.92831e+06	40969.9	51.9772	102.035
0.11208	136	2.91174e+06	2.58725e+06	39678.7	44.3148	113.321
0.11232	105	2.9197e+06	2.83636e+06	38292.6	37.8188	130.093
0.11256	134	2.97856e+06	3.55378e+06	36337.2	27.7718	156.167
0.1128	239	2.81139e+06	2.59169e+06	34381.8	16.7777	170.183
0.11304	447	2.79607e+06	2.55202e+06	32426.5	10.9844	207.151
0.11328	924	2.8604e+06	2.82063e+06	29881.7	5.27427	276.303
0.11352	1653	2.75515e+06	2.7009e+06	26894.8	1.86419	401.829
0.11376	2340	2.64037e+06	2.36472e+06	23908	0.362793	592.041
0.114	2764	2.64372e+06	2.45677e+06	20921.2	0.108548	934.459
0.11424	4172	2.74536e+06	2.96214e+06	18832.4	0	1342.74
0.11448	6665	2.57104e+06	2.36085e+06	16743.6	0	1999.12
0.11472	11122	2.52497e+06	2.23706e+06	14654.9	0	3879.9
0.11496	31483	2.56816e+06	2.54668e+06	14731.9	0	3755.69
0.1152	148598	2.52633e+06	2.59429e+06	17696.6	0	1647.5
0.11544	464021	2.42702e+06	2.06018e+06	20661.3	0.0410329	976.176
0.11568	887933	2.44468e+06	1.92353e+06	23626	0.307829	615.814
0.11592	1.28174e+06	2.5335e+06	2.02697e+06	31157.4	8.08296	238.378
0.11616	1.61862e+06	2.38295e+06	1.55843e+06	39449.9	43.2378	115.868
0.1164	1.84514e+06	2.34549e+06	1.22742e+06	47742.4	110.754	73.5909
0.11664	1.99498e+06	2.40885e+06	1.36125e+06	55296.7	190.704	52.7265
0.11688	1.9951e+06	2.36472e+06	1.51644e+06	61005.9	262.031	43.0348
0.11712	1.83304e+06	2.09692e+06	1.09933e+06	66715	336.023	36.6372
0.11736	1.46145e+06	1.93217e+06	1.07457e+06	72424.1	414.348	31.0248
0.1176	970035	1.85999e+06	1.41882e+06	71670.3	404.287	31.8367
0.11784	589571	1.6813e+06	1.02513e+06	68331.4	358.351	34.8153
0.11808	329306	1.6511e+06	869232	64992.5	314.685	38.3076
0.11832	168815	1.76224e+06	1.12371e+06	61361.1	266.691	42.605
0.11856	79473	1.93054e+06	1.70319e+06	55974.8	198.444	51.166
0.1188	33288	2.14797e+06	1.51833e+06	50588.6	138.57	63.3357
0.11904	12444	2.43056e+06	1.98381e+06	45202.3	89.5103	91.2756
0.11928	4613	2.64525e+06	2.72102e+06	46658.5	104.324	82.0289
0.11952	1538	2.64722e+06	3.09814e+06	53246.6	167.794	56.8106
0.11976	0	2.31428e+06	1.89387e+06	59834.6	247.151	44.7701
