0	0	0	0	56000.1	198.738	51.1097
0.00024	0	0	0	56000.1	198.738	51.1097
0.00048	0	0	0	56000.1	198.738	51.1097
0.00072	0	0	0	56000.1	198.738	51.1097
0.00096	0	0	0	56000.1	198.738	51.1097
0.0012	0	0	0	56000.1	198.738	51.1097
0.00144	0	0	0	56000.1	198.738	51.1097
0.00168	0	0	0	56000.2	198.738	51.1097
0.00192	0	0	0	56000.2	198.738	51.1097
0.00216	0	0	0	56000.2	198.738	51.1097
0.0024	0	0	0	56000.2	198.738	51.1097
0.00264	0	0	0	56000.2	198.738	51.1097
0.00288	0	0	0	56000.2	198.738	51.1097
0.00312	0	0	0	56000.2	198.738	51.1096
0.00336	0	0	0	56000.2	198.738	51.1096
0.0036	0	0	0	56000.2	198.739	51.1096
0.00384	0	0	0	56000.2	198.739	51.1096
0.00408	0	0	0	56000.2	198.739	51.1096
0.00432	0	0	0	56000.2	198.739	51.1096
0.00456	0	0	0	56000.2	198.739	51.1096
0.0048	0	0	0	56000.2	198.739	51.1096
0.00504	0	0	0	56000.2	198.739	51.1095
0.00528	0	0	0	56000.2	198.739	51.1095
0.00552	0	0	0	56000.2	198.739	51.1095
0.00576	0	0	0	56000.2	198.739	51.1095
0.006	0	0	0	56000.3	198.739	51.1095
0.00624	0	0	0	56000.3	198.739	51.1095
0.00648	0	0	0	56000.3	198.74	51.1094
0.00672	0	0	0	56000.3	198.74	51.1094
0.00696	0	0	0	56000.3	198.74	51.1094
0.0072	0	0	0	56000.3	198.74	51.1094
0.00744	0	0	0	56000.3	198.74	51.1093
0.00768	0	0	0	56000.3	198.74	51.1093
0.00792	0	0	0	56000.3	198.74	51.1093
0.00816	0	0	0	56000.4	198.74	51.1093
0.0084	0	0	0	56000.4	198.741	51.1092
0.00864	0	0	0	56000.4	198.741	51.1092
0.00888	0	0	0	56000.4	198.741	51.1092
0.00912	0	0	0	56000.4	198.741	51.1091
0.00936	0	0	0	56000.4	198.741	51.1091
0.0096	0	0	0	56000.4	198.741	51.1091
0.00984	0	1	0	56000.4	198.742	51.109
0.01008	0	0	0	56000.5	198.742	51.109
0.01032	0	0	0	56000.5	198.742	51.109
0.01056	0	0	0	56000.5	198.742	51.109
0.0108	0	0	0	56000.5	198.742	51.1089
0.01104	0	1	0	56000.5	198.742	51.1089
0.01128	0	0	0	56000.5	198.742	51.1089
0.01152	0	2	0	56000.5	198.742	51.1089
0.01176	0	0	0	56000.5	198.743	51.1089
0.012	0	0	0	56000.5	198.743	51.1088
0.01224	0	0	0	56000.6	198.743	51.1088
0.01248	0	0	0	56000.6	198.743	51.1087
0.01272	0	3	0	56000.6	198.744	51.1087
0.01296	0	0	2	56000.6	198.744	51.1086
0.0132	0	0	0	56000.7	198.744	51.1085
0.01344	0	0	0	56000.7	198.745	51.1084
0.01368	0	1	1	56000.8	198.745	51.1084
0.01392	0	1	0	56000.8	198.746	51.1083
0.01416	0	0	0	56000.8	198.746	51.1082
0.0144	0	0	0	56000.9	198.746	51.1081
0.01464	0	0	0	56000.9	198.747	51.1081
0.01488	0	3	0	56000.9	198.747	51.108
0.01512	0	2	0	56001	198.747	51.1079
0.01536	0	1	0	56001	198.748	51.1078
0.0156	0	0	1	56001	198.748	51.1078
0.01584	0	0	0	56001.1	198.749	51.1077
0.01608	0	1	0	56001.1	198.749	51.1076
0.01632	0	1	1	56001.2	198.75	51.1075
0.01656	0	5	1	56001.2	198.75	51.1074
0.0168	0	1	0	56001.2	198.751	51.1073
0.01704	0	3	0	56001.3	198.751	51.1072
0.01728	0	0	1	56001.3	198.752	51.1071
0.01752	0	0	1	56001.4	198.752	51.107
0.01776	0	5	2	56001.4	198.753	51.1069
0.018	0	4	1	56001.5	198.753	51.1068
0.01824	0	3	0	56001.5	198.754	51.1067
0.01848	0	4	0	56001.6	198.754	51.1066
0.01872	0	1	3	56001.6	198.755	51.1065
0.01896	0	8	1	56001.7	198.756	51.1063
0.0192	0	4	2	56001.8	198.757	51.1061
0.01944	0	3	1	56001.9	198.758	51.1059
0.01968	0	2	2	56001.9	198.759	51.1057
0.01992	0	4	3	56002.1	198.76	51.1055
0.02016	0	4	1	56002.2	198.762	51.1052
0.0204	0	3	4	56002.3	198.763	51.1049
0.02064	0	3	0	56002.4	198.765	51.1047
0.02088	0	4	0	56002.5	198.766	51.1045
0.02112	0	6	0	56002.6	198.767	51.1043
0.02136	0	7	0	56002.7	198.768	51.1041
0.0216	0	7	2	56002.8	198.769	51.1039
0.02184	0	6	0	56002.9	198.77	51.1037
0.02208	0	8	0	56002.9	198.771	51.1035
0.02232	0	9	4	56003	198.772	51.1033
0.02256	0	7	2	56003.2	198.774	51.1029
0.0228	0	6	3	56003.4	198.775	51.1026
0.02304	0	7	1	56003.5	198.777	51.1022
0.02328	0	8	1	56003.7	198.779	51.1019
0.02352	0	5	7	56003.9	198.781	51.1015
0.02376	0	19	2	56004	198.783	51.1011
0.024	0	13	3	56004.2	198.785	51.1007
0.02424	0	11	5	56004.4	198.787	51.1003
0.02448	0	13	3	56004.6	198.789	51.0999
0.02472	0	16	4	56004.7	198.791	51.0995
0.02496	0	17	2	56004.9	198.793	51.0991
0.0252	0	14	4	56005.1	198.795	51.0987
0.02544	0	15	6	56005.3	198.798	51.0984
0.02568	0	13	0	56005.4	198.8	51.098
0.02592	0	17	4	56005.6	198.801	51.0977
0.02616	0	24	3	56005.7	198.802	51.0975
0.0264	0	24	4	56005.8	198.803	51.0973
0.02664	0	25	3	56005.8	198.804	51.0971
0.02688	0	27	4	56005.9	198.804	51.0971
0.02712	0	35	4	56005.9	198.805	51.097
0.02736	0	30	5	56005.9	198.805	51.097
0.0276	0	26	5	56005.9	198.805	51.097
0.02784	0	33	4	56005.9	198.805	51.0969
0.02808	0	36	4	56005.9	198.805	51.0969
0.02832	0	27	8	56005.9	198.805	51.0969
0.02856	0	37	9	56005.7	198.803	51.0973
0.0288	0	44	5	56005.5	198.801	51.0977
0.02904	0	52	9	56005.4	198.799	51.0981
0.02928	0	51	3	56004.9	198.793	51.0992
0.02952	0	42	6	56004.2	198.785	51.1007
0.02976	0	54	9	56003.5	198.778	51.1022
0.03	0	69	5	56002.9	198.77	51.1037
0.03024	1	77	8	56001.7	198.756	51.1062
0.03048	1	65	9	56000.6	198.743	51.1087
0.03072	0	74	9	55999.5	198.73	51.1112
0.03096	3	80	12	55998.2	198.715	51.1141
0.0312	4	75	10	55996.7	198.698	51.1174
0.03144	4	70	4	55995.2	198.681	51.1207
0.03168	8	101	7	55993.7	198.664	51.124
0.03192	18	86	7	55992	198.644	51.1277
0.03216	21	95	7	55990.3	198.624	51.1316
0.0324	33	106	9	55988.6	198.603	51.1355
0.03264	42	122	6	55986.8	198.584	51.1392
0.03288	48	127	6	55985.2	198.565	51.1429
0.03312	49	129	5	55983.6	198.546	51.1465
0.03336	59	139	4	55982	198.527	51.1501
0.0336	89	113	10	55980.7	198.512	51.1529
0.03384	78	151	6	55979.5	198.499	51.1555
0.03408	106	145	6	55978.4	198.486	51.158
0.03432	118	181	4	55977.4	198.474	51.1603
0.03456	134	144	5	55976.9	198.468	51.1614
0.0348	130	137	8	55976.4	198.462	51.1625
0.03504	148	150	4	55975.9	198.457	51.1636
0.03528	155	157	1	55975.8	198.455	51.1638
0.03552	137	139	8	55975.9	198.457	51.1635
0.03576	143	154	2	55976.1	198.459	51.1632
0.036	164	124	4	55976.2	198.46	51.1629
0.03624	157	149	2	55977.2	198.471	51.1608
0.03648	177	150	4	55978.1	198.482	51.1587
0.03672	169	144	9	55979.1	198.493	51.1566
0.03696	214	124	3	55980.4	198.509	51.1536
0.0372	199	135	3	55982.2	198.53	51.1496
0.03744	181	123	1	55984	198.551	51.1455
0.03768	206	127	1	55985.9	198.572	51.1414
0.03792	212	135	3	55988	198.597	51.1366
0.03816	204	127	1	55990.3	198.623	51.1317
0.0384	217	92	1	55992.5	198.649	51.1267
0.03864	179	94	4	55994.6	198.673	51.1221
0.03888	165	66	2	55996.3	198.693	51.1182
0.03912	149	74	3	55998	198.714	51.1144
0.03936	145	78	1	55999.8	198.734	51.1105
0.0396	127	74	5	56001.1	198.749	51.1077
0.03984	119	64	1	56002.2	198.761	51.1052
0.04008	122	60	3	56003.3	198.774	51.1028
0.04032	122	58	6	56004.3	198.787	51.1004
0.04056	99	63	0	56005.3	198.799	51.0982
0.0408	117	41	0	56006.4	198.81	51.0959
0.04104	121	43	2	56007.4	198.822	51.0937
0.04128	89	25	6	56008.2	198.832	51.0918
0.04152	70	25	3	56008.9	198.84	51.0902
0.04176	83	27	1	56009.7	198.849	51.0886
0.042	63	21	0	56010.4	198.857	51.087
0.04224	58	13	3	56010.5	198.858	51.0868
0.04248	42	18	1	56010.6	198.859	51.0866
0.04272	38	13	1	56010.6	198.86	51.0864
0.04296	24	7	1	56010.5	198.858	51.0867
0.0432	21	11	1	56010.1	198.854	51.0877
0.04344	14	7	0	56009.7	198.849	51.0886
0.04368	18	4	1	56009.3	198.844	51.0895
0.04392	16	6	0	56008.7	198.838	51.0906
0.04416	9	4	1	56008.2	198.832	51.0918
0.0444	9	2	0	56007.7	198.826	51.0929
0.04464	9	3	0	56007.2	198.82	51.094
0.04488	1	2	0	56006.8	198.815	51.095
0.04512	9	0	0	56006.3	198.81	51.096
0.04536	6	2	0	56005.9	198.805	51.0969
0.0456	6	1	1	56005.6	198.801	51.0977
0.04584	2	0	0	56005.2	198.797	51.0985
0.04608	3	0	0	56004.9	198.793	51.0992
0.04632	0	0	0	56004.5	198.789	51.1
0.04656	0	0	0	56004.2	198.785	51.1007
0.0468	0	0	0	56003.9	198.782	51.1013
0.04704	0	0	0	56003.6	198.779	51.102
0.04728	0	0	0	56003.4	198.776	51.1025
0.04752	0	0	0	56003.2	198.773	51.103
0.04776	0	0	0	56002.9	198.77	51.1035
0.048	0	0	0	56002.7	198.768	51.104
0.04824	0	0	0	56002.5	198.766	51.1044
0.04848	0	0	0	56002.4	198.764	51.1048
0.04872	0	0	0	56002.2	198.762	51.1051
0.04896	0	0	0	56002.1	198.761	51.1054
0.0492	0	0	0	56002	198.759	51.1057
0.04944	0	0	0	56001.8	198.758	51.1059
0.04968	0	0	0	56001.7	198.757	51.1062
0.04992	0	0	0	56001.6	198.755	51.1064
0.05016	0	0	0	56001.6	198.755	51.1066
0.0504	0	0	0	56001.5	198.754	51.1068
0.05064	0	0	0	56001.4	198.753	51.1069
0.05088	0	0	0	56001.3	198.752	51.1071
0.05112	0	0	0	56001.3	198.751	51.1072
0.05136	0	0	0	56001.2	198.75	51.1073
0.0516	0	0	0	56001.2	198.75	51.1075
0.05184	0	0	0	56001.1	198.749	51.1076
0.05208	0	0	0	56001.1	198.749	51.1077
0.05232	0	0	0	56001	198.748	51.1078
0.05256	0	0	0	56001	198.748	51.1079
0.0528	0	0	0	56000.9	198.747	51.1079
0.05304	0	0	0	56000.9	198.747	51.108
0.05328	0	0	0	56000.9	198.747	51.1081
0.05352	0	0	0	56000.8	198.746	51.1082
0.05376	0	0	0	56000.8	198.746	51.1082
0.054	0	0	0	56000.8	198.745	51.1083
0.05424	0	0	0	56000.8	198.745	51.1083
0.05448	0	0	0	56000.7	198.745	51.1084
0.05472	0	0	0	56000.7	198.745	51.1084
0.05496	0	0	0	56000.7	198.744	51.1085
0.0552	0	0	0	56000.7	198.744	51.1085
0.05544	0	0	0	56000.7	198.744	51.1086
0.05568	0	0	0	56000.6	198.744	51.1086
0.05592	0	0	0	56000.6	198.744	51.1086
0.05616	0	0	0	56000.6	198.743	51.1087
0.0564	0	0	0	56000.6	198.743	51.1087
0.05664	0	0	0	56000.6	198.743	51.1087
0.05688	0	0	0	56000.6	198.743	51.1088
0.05712	0	0	0	56000.6	198.743	51.1088
0.05736	0	0	0	56000.5	198.743	51.1088
0.0576	0	0	0	56000.5	198.743	51.1088
0.05784	0	0	0	56000.5	198.743	51.1089
0.05808	0	0	0	56000.5	198.742	51.1089
0.05832	0	0	0	56000.5	198.742	51.1089
0.05856	0	0	0	56000.5	198.742	51.1089
0.0588	0	0	0	56000.5	198.742	51.1089
0.05904	0	0	0	56000.5	198.742	51.1089
0.05928	0	0	0	56000.5	198.742	51.1089
0.05952	0	0	0	56000.5	198.742	51.109
0.05976	0	0	0	56000.5	198.742	51.109
0.06	0	0	0	56000.5	198.742	51.109
0.06024	0	0	0	56000.5	198.742	51.109
0.06048	0	0	0	56000.5	198.742	51.109
0.06072	0	0	0	56000.5	198.742	51.109
0.06096	0	0	0	56000.5	198.742	51.109
0.0612	0	0	0	56000.5	198.742	51.109
0.06144	0	0	0	56000.5	198.742	51.109
0.06168	0	0	0	56000.5	198.742	51.109
0.06192	0	0	0	56000.5	198.742	51.109
0.06216	0	0	0	56000.5	198.742	51.109
0.0624	0	0	0	56000.5	198.742	51.109
0.06264	0	0	0	56000.5	198.742	51.109
0.06288	0	0	0	56000.5	198.742	51.109
0.06312	0	0	0	56000.5	198.742	51.109
0.06336	0	0	0	56000.5	198.742	51.109
0.0636	0	0	0	56000.5	198.742	51.1089
0.06384	0	0	0	56000.5	198.742	51.1089
0.06408	0	0	0	56000.5	198.742	51.1089
0.06432	0	0	0	56000.5	198.742	51.1089
0.06456	0	0	0	56000.5	198.742	51.1089
0.0648	0	0	0	56000.5	198.742	51.1089
0.06504	0	0	0	56000.5	198.743	51.1088
0.06528	0	0	0	56000.5	198.743	51.1088
0.06552	0	0	0	56000.6	198.743	51.1088
0.06576	0	0	0	56000.6	198.743	51.1088
0.066	0	0	0	56000.6	198.743	51.1087
0.06624	0	0	0	56000.6	198.743	51.1087
0.06648	0	0	0	56000.6	198.744	51.1087
0.06672	0	0	0	56000.6	198.744	51.1086
0.06696	0	0	0	56000.7	198.744	51.1086
0.0672	0	0	0	56000.7	198.744	51.1085
0.06744	0	0	0	56000.7	198.744	51.1085
0.06768	0	0	0	56000.7	198.745	51.1084
0.06792	0	0	0	56000.7	198.745	51.1084
0.06816	0	0	0	56000.8	198.745	51.1083
0.0684	0	0	0	56000.8	198.746	51.1083
0.06864	0	0	0	56000.8	198.746	51.1082
0.06888	0	0	0	56000.8	198.746	51.1082
0.06912	0	0	0	56000.9	198.746	51.1081
0.06936	0	3	0	56000.9	198.747	51.1081
0.0696	0	0	0	56000.9	198.747	51.108
0.06984	0	0	0	56000.9	198.747	51.108
0.07008	0	0	0	56001	198.748	51.1079
0.07032	0	0	0	56001	198.748	51.1078
0.07056	0	0	0	56001.1	198.749	51.1077
0.0708	0	0	0	56001.1	198.75	51.1075
0.07104	0	0	0	56001.2	198.75	51.1074
0.07128	0	0	0	56001.3	198.751	51.1072
0.07152	0	0	0	56001.3	198.752	51.1071
0.07176	0	0	0	56001.4	198.752	51.107
0.072	0	1	0	56001.5	198.753	51.1068
0.07224	0	1	0	56001.5	198.754	51.1067
0.07248	0	1	0	56001.6	198.754	51.1066
0.07272	0	2	1	56001.6	198.755	51.1065
0.07296	0	3	0	56001.7	198.756	51.1064
0.0732	0	1	0	56001.7	198.756	51.1063
0.07344	0	2	0	56001.7	198.757	51.1062
0.07368	0	4	0	56001.8	198.757	51.1061
0.07392	0	2	0	56001.9	198.758	51.1059
0.07416	0	4	0	56002	198.759	51.1057
0.0744	0	0	1	56002	198.76	51.1055
0.07464	0	1	0	56002.1	198.761	51.1053
0.07488	0	2	1	56002.3	198.763	51.105
0.07512	0	4	1	56002.4	198.764	51.1048
0.07536	0	1	0	56002.5	198.765	51.1045
0.0756	0	3	1	56002.6	198.767	51.1042
0.07584	0	4	0	56002.7	198.768	51.104
0.07608	0	7	2	56002.8	198.769	51.1038
0.07632	0	10	0	56002.9	198.77	51.1035
0.07656	0	1	0	56003	198.772	51.1033
0.0768	0	7	1	56003.1	198.773	51.1031
0.07704	0	4	1	56003.2	198.774	51.1029
0.07728	0	3	1	56003.3	198.775	51.1026
0.07752	0	7	0	56003.4	198.776	51.1024
0.07776	0	14	1	56003.5	198.777	51.1022
0.078	0	6	1	56003.6	198.778	51.102
0.07824	0	10	3	56003.7	198.779	51.1018
0.07848	0	17	1	56003.8	198.78	51.1017
0.07872	0	13	2	56003.9	198.781	51.1015
0.07896	0	14	2	56004	198.783	51.1012
0.0792	0	10	3	56004.2	198.785	51.1007
0.07944	0	14	3	56004.4	198.787	51.1003
0.07968	0	13	6	56004.6	198.79	51.0998
0.07992	0	8	7	56004.8	198.793	51.0993
0.08016	0	13	1	56005.1	198.796	51.0987
0.0804	0	11	4	56005.4	198.799	51.0981
0.08064	0	23	4	56005.6	198.801	51.0976
0.08088	0	25	3	56005.7	198.803	51.0973
0.08112	0	23	6	56005.9	198.805	51.097
0.08136	0	18	5	56006	198.807	51.0966
0.0816	0	32	3	56006.1	198.807	51.0965
0.08184	0	22	5	56006.1	198.807	51.0965
0.08208	0	34	6	56006.1	198.807	51.0965
0.08232	0	30	3	56006.1	198.807	51.0966
0.08256	0	35	6	56005.8	198.804	51.0971
0.0828	0	29	6	56005.6	198.802	51.0976
0.08304	0	46	6	56005.4	198.799	51.0981
0.08328	2	52	6	56005	198.794	51.099
0.08352	0	55	7	56004.5	198.788	51.1001
0.08376	1	49	7	56004	198.783	51.1012
0.084	0	56	6	56003.5	198.777	51.1023
0.08424	0	39	6	56002.7	198.767	51.1041
0.08448	3	52	5	56001.9	198.758	51.1059
0.08472	4	52	10	56001.1	198.749	51.1077
0.08496	1	90	7	56000.1	198.737	51.1098
0.0852	6	71	6	55998.9	198.724	51.1124
0.08544	8	82	11	55997.8	198.71	51.115
0.08568	12	83	10	55996.6	198.697	51.1176
0.08592	12	82	7	55995	198.679	51.121
0.08616	19	78	16	55993.4	198.66	51.1246
0.0864	31	91	6	55991.9	198.642	51.1281
0.08664	25	104	8	55990.1	198.622	51.1319
0.08688	12	126	7	55988.1	198.599	51.1364
0.08712	38	103	10	55986.1	198.575	51.1409
0.08736	42	104	6	55984.1	198.552	51.1453
0.0876	25	113	6	55982.2	198.529	51.1497
0.08784	59	120	4	55980.2	198.507	51.1539
0.08808	63	129	2	55978.3	198.485	51.1582
0.08832	83	151	7	55976.6	198.464	51.1621
0.08856	96	113	3	55975.5	198.452	51.1645
0.0888	86	141	4	55974.4	198.44	51.1668
0.08904	118	132	5	55973.4	198.428	51.1691
0.08928	135	142	2	55973.2	198.426	51.1696
0.08952	143	167	4	55973.7	198.431	51.1685
0.08976	145	117	6	55974.2	198.436	51.1675
0.09	188	120	3	55974.6	198.442	51.1664
0.09024	180	125	7	55976.5	198.464	51.1622
0.09048	191	118	2	55978.4	198.486	51.158
0.09072	149	120	4	55980.3	198.507	51.1538
0.09096	193	128	2	55982.6	198.534	51.1488
0.0912	200	108	6	55985.4	198.567	51.1425
0.09144	188	93	3	55988.2	198.599	51.1363
0.09168	221	88	2	55991	198.632	51.13
0.09192	180	79	4	55994	198.666	51.1235
0.09216	157	82	3	55996.9	198.701	51.1168
0.0924	165	47	15	55999.9	198.736	51.1102
0.09264	151	57	4	56002.6	198.767	51.1042
0.09288	138	68	3	56004.7	198.791	51.0996
0.09312	146	52	0	56006.8	198.815	51.095
0.09336	103	53	3	56008.8	198.839	51.0905
0.0936	101	43	3	56010	198.853	51.0878
0.09384	99	36	6	56010.9	198.863	51.0858
0.09408	79	33	2	56011.8	198.874	51.0838
0.09432	59	37	5	56012.6	198.883	51.0821
0.09456	58	25	2	56012.6	198.883	51.082
0.0948	47	24	2	56012.7	198.884	51.0819
0.09504	50	20	3	56012.8	198.885	51.0817
0.09528	31	22	6	56012.6	198.883	51.0821
0.09552	18	27	4	56012.2	198.878	51.0829
0.09576	31	12	5	56011.8	198.874	51.0838
0.096	21	20	1	56011.5	198.87	51.0846
0.09624	21	20	3	56011	198.864	51.0856
0.09648	15	23	2	56010.5	198.859	51.0867
0.09672	9	10	3	56010.1	198.853	51.0877
0.09696	12	16	2	56009.6	198.848	51.0888
0.0972	13	23	4	56009.1	198.842	51.0898
0.09744	10	14	4	56008.7	198.837	51.0908
0.09768	8	16	5	56008.2	198.832	51.0918
0.09792	9	26	4	56007.7	198.826	51.093
0.09816	6	17	2	56007.2	198.82	51.0941
0.0984	7	22	1	56006.7	198.814	51.0952
0.09864	4	24	6	56006.1	198.808	51.0964
0.09888	4	29	2	56005.6	198.801	51.0976
0.09912	1	25	1	56005	198.795	51.0989
0.09936	3	22	6	56004.5	198.789	51.1001
0.0996	1	16	5	56003.9	198.782	51.1013
0.09984	3	31	11	56003.4	198.775	51.1026
0.10008	1	29	5	56002.8	198.769	51.1039
0.10032	2	28	9	56002.2	198.762	51.1052
0.10056	3	34	4	56001.5	198.754	51.1067
0.1008	3	32	8	56000.8	198.746	51.1082
0.10104	9	45	1	56000.1	198.738	51.1097
0.10128	3	34	6	55999.5	198.73	51.1112
0.10152	8	34	5	55998.8	198.722	51.1128
0.10176	16	46	3	55998.1	198.714	51.1143
0.102	19	33	1	55997.4	198.706	51.1159
0.10224	14	39	10	55996.8	198.699	51.1171
0.10248	14	53	7	55996.3	198.693	51.1183
0.10272	17	42	8	55995.7	198.687	51.1196
0.10296	24	54	6	55995.2	198.681	51.1207
0.1032	31	43	8	55994.7	198.675	51.1217
0.10344	30	44	5	55994.3	198.67	51.1227
0.10368	35	57	8	55993.8	198.665	51.1237
0.10392	38	61	6	55993.4	198.66	51.1246
0.10416	46	63	5	55993	198.655	51.1255
0.1044	38	53	4	55992.6	198.651	51.1264
0.10464	28	49	7	55992.3	198.647	51.1271
0.10488	47	45	6	55992.2	198.646	51.1273
0.10512	46	50	7	55992.1	198.645	51.1275
0.10536	53	60	3	55992	198.644	51.1277
0.1056	63	58	4	55992.2	198.646	51.1273
0.10584	63	46	3	55992.6	198.65	51.1266
0.10608	68	55	8	55992.9	198.654	51.1258
0.10632	67	63	4	55993.2	198.658	51.125
0.10656	66	51	4	55993.9	198.665	51.1236
0.1068	62	42	1	55994.5	198.673	51.1222
0.10704	94	43	8	55995.1	198.68	51.1208
0.10728	62	41	4	55995.9	198.688	51.1192
0.10752	72	46	6	55996.6	198.697	51.1175
0.10776	64	35	2	55997.4	198.706	51.1158
0.108	58	44	2	55998.2	198.715	51.1141
0.10824	69	42	2	55998.9	198.724	51.1125
0.10848	60	18	2	55999.6	198.732	51.1109
0.10872	46	21	2	56000.3	198.74	51.1093
0.10896	46	19	2	56001	198.748	51.1077
0.1092	44	20	2	56001.7	198.756	51.1063
0.10944	44	14	6	56002.3	198.764	51.1048
0.10968	42	12	6	56003	198.771	51.1034
0.10992	41	18	2	56003.5	198.777	51.1023
0.11016	39	20	3	56004	198.783	51.1012
0.1104	24	11	6	56004.5	198.788	51.1001
0.11064	37	9	0	56004.9	198.793	51.0991
0.11088	26	11	0	56005.2	198.797	51.0985
0.11112	21	12	1	56005.5	198.8	51.0979
0.11136	19	6	2	56005.7	198.803	51.0973
0.1116	20	3	1	56005.8	198.804	51.0971
0.11184	14	5	1	56005.9	198.805	51.097
0.11208	15	5	2	56005.9	198.805	51.0969
0.11232	10	10	0	56005.9	198.805	51.0969
0.11256	3	5	2	56005.7	198.803	51.0974
0.1128	4	2	0	56005.5	198.8	51.0978
0.11304	2	3	1	56005.3	198.798	51.0982
0.11328	2	3	1	56005.1	198.795	51.0988
0.11352	1	14	1	56004.7	198.791	51.0995
0.11376	0	2	1	56004.4	198.788	51.1002
0.114	0	8	0	56004.1	198.784	51.1009
0.11424	0	10	2	56003.8	198.781	51.1015
0.11448	0	12	0	56003.5	198.777	51.1022
0.11472	0	6	0	56003.2	198.774	51.1029
0.11496	0	7	2	56002.9	198.771	51.1035
0.1152	0	8	4	56002.7	198.767	51.1041
0.11544	0	8	0	56002.4	198.764	51.1047
0.11568	0	15	1	56002.1	198.761	51.1053
0.11592	0	7	3	56001.8	198.757	51.1061
0.11616	0	13	1	56001.4	198.753	51.1069
0.1164	0	16	1	56001.1	198.749	51.1077
0.11664	0	10	1	56000.6	198.744	51.1086
0.11688	0	15	1	56000	198.737	51.1099
0.11712	0	17	4	55999.5	198.73	51.1112
0.11736	0	25	2	55998.9	198.723	51.1125
0.1176	0	24	3	55998.2	198.715	51.1141
0.11784	0	17	3	55997.4	198.706	51.1158
0.11808	0	25	8	55996.6	198.697	51.1175
0.11832	0	16	5	55995.9	198.689	51.1191
0.11856	0	13	1	55995.2	198.681	51.1207
0.1188	0	18	6	55994.5	198.672	51.1223
0.11904	0	39	2	55993.8	198.664	51.1238
0.11928	0	18	4	55993.7	198.663	51.124
0.11952	0	35	9	55994.1	198.668	51.1231
0.11976	0	35	4	55994.5	198.673	51.1222
