0	0	0	0	56662.2	206.546	49.6905
0.00024	0	0	0	56667.5	206.61	49.6795
0.00048	0	0	0	56672.9	206.673	49.6685
0.00072	0	0	0	56678.2	206.737	49.6574
0.00096	0	0	0	56683.7	206.803	49.6462
0.0012	0	0	0	56689.2	206.869	49.6347
0.00144	0	0	0	56694.8	206.936	49.6233
0.00168	0	0	0	56700.3	207.002	49.6118
0.00192	0	0	0	56706.1	207.071	49.5999
0.00216	0	0	0	56711.9	207.141	49.588
0.0024	0	0	0	56717.7	207.21	49.5761
0.00264	0	0	0	56723.5	207.281	49.5641
0.00288	0	0	0	56729.5	207.353	49.5516
0.00312	0	0	0	56735.6	207.426	49.5393
0.00336	0	0	0	56741.6	207.498	49.5269
0.0036	0	0	0	56747.8	207.573	49.5141
0.00384	0	0	0	56754.1	207.649	49.5012
0.00408	0	0	0	56760.4	207.724	49.4883
0.00432	0	0	0	56766.8	207.8	49.4753
0.00456	0	0	0	56773.3	207.879	49.4619
0.0048	0	0	0	56779.9	207.959	49.4485
0.00504	0	0	0	56786.4	208.038	49.4351
0.00528	0	0	0	56793.2	208.119	49.4213
0.00552	0	0	0	56800	208.201	49.4073
0.00576	0	0	0	56806.9	208.284	49.3934
0.006	0	0	0	56813.7	208.367	49.3794
0.00624	0	0	0	56820.9	208.453	49.3648
0.00648	0	0	0	56828.1	208.539	49.3502
0.00672	0	0	0	56835.2	208.626	49.3357
0.00696	0	0	0	56842.5	208.714	49.3208
0.0072	0	0	0	56850	208.804	49.3056
0.00744	0	0	0	56857.5	208.895	49.2905
0.00768	0	0	0	56865	208.985	49.2753
0.00792	0	0	0	56872.8	209.079	49.2595
0.00816	0	0	0	56880.6	209.174	49.2437
0.0084	0	0	0	56888.4	209.269	49.2279
0.00864	0	0	0	56896.4	209.365	49.2118
0.00888	0	0	0	56904.6	209.464	49.1953
0.00912	0	0	0	56912.7	209.563	49.1787
0.00936	0	0	0	56920.9	209.662	49.1622
0.0096	0	0	0	56929.4	209.765	49.1452
0.00984	0	1	0	56938	209.869	49.1279
0.01008	0	0	0	56946.6	209.973	49.1107
0.01032	0	0	0	56955.2	210.078	49.0933
0.01056	0	0	0	56964.2	210.187	49.0753
0.0108	0	0	0	56973.2	210.297	49.0572
0.01104	0	1	0	56982.2	210.406	49.0392
0.01128	0	0	0	56991.5	210.518	49.0207
0.01152	0	2	0	57000.9	210.633	49.0019
0.01176	0	0	0	57010.3	210.748	48.983
0.012	0	0	0	57019.8	210.863	48.9642
0.01224	0	0	0	57029.7	210.983	48.9445
0.01248	0	0	0	57039.6	211.104	48.9248
0.01272	0	3	0	57049.5	211.23	48.9097
0.01296	0	0	2	57059.6	211.36	48.8951
0.0132	0	0	0	57070	211.494	48.88
0.01344	0	0	0	57080.4	211.628	48.8649
0.01368	0	1	1	57090.8	211.761	48.8498
0.01392	0	1	0	57101.7	211.901	48.8341
0.01416	0	0	0	57112.7	212.042	48.8183
0.0144	0	0	0	57123.6	212.182	48.8026
0.01464	0	0	0	57134.7	212.325	48.7865
0.01488	0	3	0	57146.2	212.473	48.77
0.01512	0	2	0	57157.7	212.622	48.7534
0.01536	0	1	0	57169.3	212.77	48.7369
0.0156	0	0	1	57181.2	212.924	48.7197
0.01584	0	0	0	57193.3	213.08	48.7023
0.01608	0	1	0	57205.5	213.236	48.6849
0.01632	0	1	1	57217.7	213.394	48.6674
0.01656	0	5	1	57230.5	213.559	48.6491
0.0168	0	1	0	57243.3	213.724	48.6309
0.01704	0	3	0	57256.1	213.889	48.6126
0.01728	0	0	1	57269.2	214.059	48.5938
0.01752	0	0	1	57282.7	214.233	48.5746
0.01776	0	5	2	57296.2	214.407	48.5555
0.018	0	4	1	57309.7	214.582	48.5363
0.01824	0	3	0	57324	214.766	48.5161
0.01848	0	4	0	57338.2	214.95	48.4959
0.01872	0	1	3	57352.5	215.134	48.4757
0.01896	0	8	1	57367.1	215.323	48.4551
0.0192	0	4	2	57382.1	215.518	48.4338
0.01944	0	3	1	57397.2	215.714	48.4126
0.01968	0	2	2	57412.3	215.909	48.3914
0.01992	0	4	3	57428.1	216.114	48.3691
0.02016	0	4	1	57444.1	216.321	48.3467
0.0204	0	3	4	57460	216.528	48.3243
0.02064	0	3	0	57476.3	216.738	48.3016
0.02088	0	4	0	57493.2	216.958	48.2779
0.02112	0	6	0	57510.1	217.177	48.2543
0.02136	0	7	0	57527	217.397	48.2308
0.0216	0	7	2	57544.6	217.626	48.2062
0.02184	0	6	0	57562.5	217.859	48.1813
0.02208	0	8	0	57580.4	218.092	48.1564
0.02232	0	9	4	57598.5	218.327	48.1314
0.02256	0	7	2	57617.5	218.575	48.105
0.0228	0	6	3	57636.6	218.824	48.0787
0.02304	0	7	1	57655.6	219.072	48.0524
0.02328	0	8	1	57675.4	219.329	48.0252
0.02352	0	5	7	57695.6	219.594	47.9974
0.02376	0	19	2	57715.9	219.858	47.9696
0.024	0	13	3	57736.1	220.123	47.9418
0.02424	0	11	5	57757.7	220.404	47.9123
0.02448	0	13	3	57779.3	220.686	47.8829
0.02472	0	16	4	57800.8	220.968	47.8535
0.02496	0	17	2	57823	221.258	47.8233
0.0252	0	14	4	57846	221.559	47.7921
0.02544	0	15	6	57869	221.861	47.761
0.02568	0	13	0	57891.9	222.162	47.7299
0.02592	0	17	4	57916.2	222.481	47.6971
0.02616	0	24	3	57940.8	222.803	47.664
0.0264	0	24	4	57965.3	223.125	47.6311
0.02664	0	25	3	57990.3	223.453	47.5975
0.02688	0	27	4	58016.5	223.798	47.5625
0.02712	0	35	4	58042.7	224.142	47.5275
0.02736	0	30	5	58068.9	224.487	47.4926
0.0276	0	26	5	58096.4	224.85	47.4559
0.02784	0	33	4	58124.5	225.22	47.4187
0.02808	0	36	4	58152.6	225.591	47.3816
0.02832	0	27	8	58181	225.965	47.3441
0.02856	0	37	9	58211.1	226.363	47.3045
0.0288	0	44	5	58241.2	226.761	47.265
0.02904	0	52	9	58271.3	227.159	47.2255
0.02928	0	51	3	58302.6	227.574	47.1846
0.02952	0	42	6	58334.9	228.002	47.1425
0.02976	0	54	9	58367.2	228.43	47.1006
0.03	0	69	5	58399.5	228.858	47.0587
0.03024	0	77	8	58434.2	229.319	47.0139
0.03048	0	65	9	58468.9	229.781	46.9691
0.03072	0	74	9	58503.6	230.242	46.9245
0.03096	0	80	12	58539.5	230.72	46.8786
0.0312	0	75	11	58577	231.219	46.8308
0.03144	0	71	5	58614.4	231.718	46.7832
0.03168	0	102	7	58651.9	232.217	46.7357
0.03192	0	88	7	58691.8	232.751	46.6852
0.03216	0	99	8	58732.1	233.29	46.6344
0.0324	0	119	11	58772.5	233.83	46.5837
0.03264	0	131	8	58813.8	234.35	46.5133
0.03288	0	139	7	58857.3	234.895	46.4375
0.03312	0	145	7	58900.8	235.441	46.3619
0.03336	0	160	6	58944.3	235.987	46.2863
0.0336	0	154	11	58990.3	236.564	46.2067
0.03384	0	193	9	59037.3	237.154	46.1254
0.03408	0	207	11	59084.3	237.743	46.0444
0.03432	0	250	7	59131.9	238.34	45.9625
0.03456	0	227	6	59182.8	238.979	45.8749
0.0348	0	229	10	59233.7	239.617	45.7876
0.03504	0	233	7	59284.7	240.256	45.7004
0.03528	0	279	6	59338.1	240.926	45.6091
0.03552	0	282	12	59393.3	241.619	45.515
0.03576	0	335	4	59448.6	242.312	45.421
0.036	0	349	10	59503.9	243.005	45.3272
0.03624	0	355	7	59563.8	243.757	45.2257
0.03648	0	401	6	59623.7	244.508	45.1244
0.03672	0	445	10	59683.7	245.26	45.0234
0.03696	0	469	6	59745.9	246.039	44.9189
0.0372	0	485	11	59810.9	246.854	44.8098
0.03744	0	519	1	59876	247.67	44.7009
0.03768	0	586	4	59941.1	248.485	44.5923
0.03792	0	614	5	60011	249.359	44.4761
0.03816	0	656	1	60081.7	250.244	44.3588
0.0384	0	759	2	60152.3	251.128	44.2419
0.03864	0	770	8	60224.7	252.033	44.1225
0.03888	0	801	4	60301.5	252.992	43.9963
0.03912	0	924	5	60378.2	253.95	43.8705
0.03936	0	1115	3	60454.9	254.908	43.7451
0.0396	0	999	7	60536.4	255.937	43.6215
0.03984	0	1139	2	60619.9	257.015	43.5156
0.04008	0	1156	13	60703.3	258.095	43.4104
0.04032	0	1438	13	60787.9	259.192	43.3045
0.04056	0	1322	3	60879	260.377	43.1912
0.0408	0	1439	4	60970.1	261.565	43.0787
0.04104	0	1604	8	61061.2	262.755	42.967
0.04128	0	1683	8	61156.9	264.008	42.8506
0.04152	0	1915	5	61256	265.309	42.7309
0.04176	0	1918	8	61355.1	266.613	42.6121
0.042	0	2100	8	61454.2	267.92	42.4943
0.04224	0	2332	5	61561.8	269.343	42.3675
0.04248	0	2548	10	61669.4	270.77	42.2417
0.04272	0	2575	11	61777	272.2	42.117
0.04296	0	2937	12	61888.6	273.686	41.9888
0.0432	0	3063	9	62005.3	275.246	41.856
0.04344	0	3211	8	62122	276.81	41.7244
0.04368	0	3578	5	62238.7	278.378	41.594
0.04392	0	3945	7	62363.7	280.097	41.424
0.04416	0	4016	5	62490.2	281.834	41.2518
0.0444	0	4338	5	62616.6	283.57	41.0808
0.04464	0	4811	5	62746	285.343	40.9072
0.04488	0	4856	10	62882.7	287.214	40.7252
0.04512	0	5403	5	63019.3	289.081	40.5445
0.04536	0	6017	2	63156	290.944	40.3653
0.0456	0	6148	6	63299.8	292.902	40.1783
0.04584	0	6692	4	63446.5	294.893	39.9891
0.04608	0	7341	6	63593.2	296.88	39.8015
0.04632	0	7734	6	63741.3	298.881	39.6137
0.04656	0	8222	7	63898.1	300.993	39.4166
0.0468	0	8766	6	64054.9	303.034	39.2372
0.04704	0	9729	2	64211.6	304.999	39.077
0.04728	0	10273	4	64373.1	307.016	38.914
0.04752	0	10993	5	64538.1	309.07	38.7495
0.04776	0	11907	2	64703.2	311.117	38.5872
0.048	0	12528	4	64868.2	313.155	38.4269
0.04824	0	13714	1	65040.7	315.278	38.2615
0.04848	0	14630	6	65213.3	317.391	38.0984
0.04872	0	15864	4	65385.9	319.495	37.9374
0.04896	0	16831	4	65561.2	321.62	37.7762
0.0492	0	17698	0	65739.9	323.783	37.6123
0.04944	0	18864	5	65918.7	325.985	37.4375
0.04968	0	20213	5	66097.5	328.206	37.2609
0.04992	0	22027	2	66278.2	330.47	37.0805
0.05016	0	23404	4	66459.3	332.758	36.898
0.0504	0	24646	8	66640.3	335.066	36.7138
0.05064	0	26778	8	66820.7	337.386	36.5284
0.05088	0	28279	4	66999.6	339.705	36.3429
0.05112	0	30159	3	67178.5	342.045	36.1558
0.05136	0	32355	3	67357.3	344.405	35.9671
0.0516	0	34354	2	67529	346.765	35.7703
0.05184	0	36456	4	67697.9	349.184	35.563
0.05208	0	39191	3	67866.7	351.613	35.3591
0.05232	0	41219	2	68033.2	354.019	35.1613
0.05256	0	44021	5	68185.9	356.232	34.9829
0.0528	0	46541	4	68338.5	358.454	34.8072
0.05304	0	49216	2	68491.1	360.684	34.6341
0.05328	0	53047	3	68626.5	362.668	34.4829
0.05352	0	55863	0	68748.8	364.467	34.348
0.05376	0	58695	4	68871.2	366.271	34.2147
0.054	0	62472	1	68993.5	368.081	34.0831
0.05424	0	65554	2	69079.5	369.356	33.9916
0.05448	0	69303	4	69165.5	370.634	33.9008
0.05472	0	73421	4	69251.5	371.857	33.8369
0.05496	0	75970	2	69318.3	372.794	33.7928
0.0552	0	80896	3	69359.3	373.369	33.7656
0.05544	0	84637	6	69400.4	373.943	33.7384
0.05568	0	88976	4	69441.4	374.517	33.7112
0.05592	0	92578	4	69432.9	374.398	33.7169
0.05616	0	96615	3	69416.1	374.163	33.728
0.0564	0	101507	2	69399.3	373.929	33.7391
0.05664	0	105052	4	69365.3	373.452	33.7617
0.05688	0	110401	4	69288.1	372.371	33.8127
0.05712	0	115073	3	69210.9	371.287	33.8638
0.05736	0	118765	5	69133.7	370.161	33.9343
0.0576	0	122404	1	69009.3	368.315	34.0662
0.05784	0	126748	0	68866	366.195	34.2204
0.05808	0	132393	4	68722.6	364.081	34.3768
0.05832	0	134526	4	68571.9	361.867	34.5436
0.05856	0	138883	1	68377	359.016	34.7633
0.0588	0	143577	5	68182.1	356.177	34.9873
0.05904	0	146907	2	67987.2	353.353	35.2157
0.05928	0	149950	0	67764.2	350.137	35.4825
0.05952	0	152521	7	67520.1	346.637	35.7814
0.05976	0	155570	3	67276	343.329	36.0531
0.06	0	158538	2	67031.9	340.126	36.3092
0.06024	0	161595	8	66756.1	336.553	36.5949
0.06048	0	164518	3	66480.4	333.026	36.8767
0.06072	0	167606	4	66204.6	329.545	37.1543
0.06096	0	169185	3	65922.4	326.03	37.434
0.0612	0	170865	3	65631.6	322.472	37.7121
0.06144	0	173779	3	65340.8	318.946	37.9793
0.06168	0	176172	2	65050	315.391	38.2527
0.06192	0	176680	1	64754.7	311.754	38.5369
0.06216	0	176155	2	64458.6	308.081	38.8285
0.0624	0	178524	2	64162.5	304.384	39.1269
0.06264	0	178618	5	63870.4	300.621	39.4513
0.06288	0	179836	5	63588	296.81	39.8081
0.06312	0	180605	2	63305.7	292.981	40.1707
0.06336	0	181994	2	63023.3	289.135	40.5393
0.0636	0	181188	2	62743.9	285.315	40.91
0.06384	0	181899	7	62465.7	281.498	41.2851
0.06408	0	184010	4	62187.4	277.689	41.6511
0.06432	0	183959	3	61911.6	273.994	41.9625
0.06456	0	181706	2	61650	270.512	42.2643
0.0648	0	183703	2	61388.4	267.052	42.5724
0.06504	0	183780	13	61126.9	263.614	42.887
0.06528	0	182811	8	60872.5	260.293	43.1992
0.06552	0	181806	7	60623.6	257.062	43.5109
0.06576	0	182620	4	60374.6	253.906	43.8763
0.066	0	180791	6	60125.7	250.794	44.286
0.06624	0	179899	4	59904.2	248.022	44.654
0.06648	0	181755	7	59682.6	245.246	45.0252
0.06672	0	178140	88	59461.1	242.469	45.3998
0.06696	0	177975	186	59259.5	239.94	45.7435
0.0672	0	175673	523	59084.5	237.745	46.0441
0.06744	0	176949	973	58909.5	235.55	46.3468
0.06768	0	174121	2099	58734.5	233.322	46.6314
0.06792	0	172036	2665	58597.5	231.493	46.8046
0.06816	0	172486	3348	58466.9	229.754	46.9717
0.0684	0	172936	4028	58336.3	228.02	47.1407
0.06864	0	173352	5587	58224.1	226.535	47.2874
0.06888	0	170757	8378	58157.9	225.662	47.3745
0.06912	0	172408	11134	58091.8	224.789	47.4621
0.06936	0	172107	14302	58025.7	223.919	47.5502
0.0696	0	172283	15830	58005.6	223.654	47.5771
0.06984	0	171935	19357	58003.8	223.631	47.5794
0.07008	0	175567	21734	58002.1	223.608	47.5817
0.07032	0	177676	25468	58011.4	223.73	47.5693
0.07056	0	177889	32089	58086.6	224.72	47.469
0.0708	0	179288	33344	58161.8	225.712	47.3694
0.07104	0	182617	37751	58237	226.706	47.2704
0.07128	0	182016	44579	58353.3	228.245	47.1186
0.07152	0	186028	47171	58500.3	230.198	46.9289
0.07176	0	188803	48819	58647.3	232.156	46.7415
0.072	0	190600	57296	58794.3	234.106	46.5472
0.07224	0	194271	61210	59002.5	236.717	46.1855
0.07248	0	197905	64837	59210.8	239.33	45.8269
0.07272	0	203238	69755	59419.1	241.942	45.4712
0.07296	0	207299	76043	59650.3	244.841	45.0797
0.0732	0	212484	80847	59912.1	248.121	44.6408
0.07344	0	219946	84802	60173.9	251.397	44.2063
0.07368	0	224070	90154	60435.7	254.669	43.7764
0.07392	0	228990	99319	60739.9	258.569	43.3645
0.07416	0	235874	102647	61051.1	262.623	42.9793
0.0744	0	243168	109737	61362.4	266.709	42.6035
0.07464	0	251101	116551	61688.5	271.023	42.2195
0.07488	0	258363	123159	62051.7	275.868	41.8034
0.07512	0	267982	130696	62415	280.801	41.3541
0.07536	0	277006	137168	62778.2	285.785	40.8641
0.0756	0	286846	143071	63144.2	290.784	40.3808
0.07584	0	296204	150326	63511.2	295.771	39.9061
0.07608	0	309175	155254	63878.3	300.727	39.4414
0.07632	0	322974	163757	64235.5	305.298	39.0527
0.07656	0	337300	172074	64534.1	309.02	38.7536
0.0768	0	350955	177476	64832.6	312.717	38.4613
0.07704	0	368675	185533	65131.2	316.387	38.1758
0.07728	0	387692	198206	65291	318.339	38.0257
0.07752	0	407076	205437	65346.8	319.019	37.9737
0.07776	0	432289	211510	65402.5	319.697	37.922
0.078	0	455465	222212	65458.3	320.374	37.8706
0.07824	0	484397	240860	64993	314.691	38.3071
0.07848	0	517212	245848	64527.6	308.94	38.7599
0.07872	0	551571	257211	64062.3	303.127	39.2296
0.07896	0	591892	274265	63227.4	291.917	40.2722
0.0792	0	627176	284517	61900	273.839	41.9758
0.07944	0	665499	289755	60572.5	256.402	43.5756
0.07968	0	712185	301016	59245	239.759	45.7682
0.07992	0	761242	320536	57161.8	212.673	48.7476
0.08016	0	789812	323319	54952.5	186.874	53.4473
0.0804	0	815546	330707	52743.2	162.026	57.7345
0.08064	0	840846	349341	50470.4	137.322	63.7131
0.08088	0	860579	366951	48038.7	112.454	71.5663
0.08112	0	853703	365657	45607	93.7145	89.0605
0.08136	0	848947	382926	43175.3	72.2288	95.3294
0.0816	0	858219	426466	41223.5	53.7463	100.393
0.08184	0	850965	444399	39463.6	43.3025	115.713
0.08208	0	853201	475262	37703.7	35.0441	138.249
0.08232	0	863207	536650	36110	26.3774	158.195
0.08256	0	876378	605360	35513.6	22.6314	161.868
0.0828	0	873240	608820	34917.1	19.3161	165.76
0.08304	0	882473	652319	34320.7	16.5498	171.054
0.08328	0	900901	732965	34295	16.4552	171.425
0.08352	0	905585	757816	34697.4	18.1972	167.251
0.08376	0	909355	757068	35099.8	20.2875	164.544
0.084	1	929697	808583	35502.2	22.5642	161.94
0.08424	1	956458	907340	36399.5	28.1164	155.412
0.08448	0	951490	835548	37296.9	32.9715	143.848
0.08472	0	964128	848585	38194.2	37.3635	131.414
0.08496	0	982825	931373	39091.2	41.5502	120.031
0.0852	0	988842	951568	39987.6	45.9574	110.137
0.08544	1	990282	875168	40884	51.3998	102.631
0.08568	1	1.01071e+06	904551	41780.5	58.4118	97.9802
0.08592	0	1.04042e+06	1.04909e+06	42345.6	63.7668	96.5033
0.08616	0	1.02781e+06	885362	42855.6	68.8959	95.6426
0.0864	0	1.03309e+06	858807	43365.5	73.8072	95.2254
0.08664	0	1.06785e+06	960598	43742.2	76.9266	94.8844
0.08688	2	1.08564e+06	1.02102e+06	43785.5	77.2849	94.8337
0.08712	2	1.07423e+06	842970	43828.9	77.6429	94.7807
0.08736	0	1.08689e+06	887988	43872.3	78.0007	94.7252
0.0876	1	1.11301e+06	1.08083e+06	43665.7	76.2939	94.9682
0.08784	0	1.10144e+06	930097	43359.1	73.7536	95.2297
0.08808	3	1.10455e+06	857708	43052.5	70.9529	95.4272
0.08832	4	1.13323e+06	977037	42701.9	67.3201	95.8558
0.08856	7	1.16608e+06	1.13059e+06	42087.2	61.276	97.1091
0.0888	9	1.16841e+06	891567	41472.6	55.6378	99.0242
0.08904	4	1.20308e+06	929627	40858	51.2264	102.816
0.08928	10	1.25879e+06	1.15584e+06	40201.2	47.1622	108.124
0.08952	14	1.26244e+06	1.09663e+06	39512.8	43.5341	115.159
0.08976	19	1.26808e+06	964277	38824.4	40.2983	123.266
0.09	13	1.2959e+06	1.09904e+06	38136	37.0949	132.204
0.09024	23	1.34908e+06	1.37788e+06	37912.1	36.0571	135.315
0.09048	25	1.31402e+06	1.07383e+06	37688.1	34.9665	138.468
0.09072	19	1.31894e+06	1.11636e+06	37464.1	33.8368	141.57
0.09096	22	1.35558e+06	1.36538e+06	37530	34.173	140.663
0.0912	23	1.35099e+06	1.37215e+06	37982.5	36.388	134.321
0.09144	44	1.3334e+06	1.19026e+06	38435	38.4798	128.215
0.09168	57	1.3381e+06	1.28283e+06	38887.4	40.5937	122.491
0.09192	43	1.38197e+06	1.5213e+06	39527.9	43.6054	114.99
0.09216	63	1.3543e+06	1.29532e+06	40199.8	47.1543	108.137
0.0924	58	1.35474e+06	1.23202e+06	40871.7	51.3175	102.718
0.09264	90	1.37984e+06	1.35878e+06	41456.4	55.4948	99.0839
0.09288	82	1.40751e+06	1.50482e+06	41823.4	58.8066	97.8482
0.09312	102	1.38969e+06	1.22209e+06	42190.4	62.2617	96.8534
0.09336	118	1.40266e+06	1.25153e+06	42557.4	65.862	96.0925
0.0936	115	1.44834e+06	1.53572e+06	42661.2	66.9072	95.9189
0.09384	147	1.4357e+06	1.33839e+06	42659.8	66.8926	95.9212
0.09408	143	1.4407e+06	1.21626e+06	42658.3	66.8781	95.9235
0.09432	178	1.46516e+06	1.35979e+06	42644.5	66.7385	95.9455
0.09456	171	1.5112e+06	1.64337e+06	42556.6	65.8541	96.0939
0.0948	197	1.48784e+06	1.27235e+06	42468.7	64.9781	96.2553
0.09504	221	1.49886e+06	1.30793e+06	42380.7	64.1105	96.43
0.09528	249	1.5458e+06	1.63442e+06	42348.3	63.7926	96.4978
0.09552	310	1.54625e+06	1.5356e+06	42357.5	63.8825	96.4784
0.09576	303	1.54699e+06	1.33445e+06	42366.6	63.9724	96.4592
0.096	329	1.56977e+06	1.4939e+06	42375.8	64.0624	96.4401
0.09624	348	1.63685e+06	1.77183e+06	42422.2	64.5183	96.3461
0.09648	383	1.60746e+06	1.46974e+06	42468.5	64.9764	96.2557
0.09672	467	1.62589e+06	1.4431e+06	42514.8	65.4369	96.1689
0.09696	499	1.67532e+06	1.6933e+06	42556.2	65.8506	96.0945
0.0972	508	1.69204e+06	1.72418e+06	42591.1	66.2003	96.0341
0.09744	544	1.6908e+06	1.52321e+06	42626	66.5514	95.9757
0.09768	565	1.71375e+06	1.61238e+06	42660.9	66.9038	95.9194
0.09792	597	1.78307e+06	1.91146e+06	42679.9	67.0965	95.8896
0.09816	663	1.75728e+06	1.63588e+06	42696.3	67.2627	95.8644
0.0984	712	1.77552e+06	1.59852e+06	42712.6	67.4292	95.8396
0.09864	762	1.82683e+06	1.76508e+06	42749.1	67.8015	95.7861
0.09888	848	1.85784e+06	2.00394e+06	42835.9	68.6929	95.6677
0.09912	916	1.84486e+06	1.64052e+06	42922.7	69.5926	95.5619
0.09936	928	1.88556e+06	1.74546e+06	43009.5	70.5006	95.4687
0.0996	1044	1.96453e+06	2.18321e+06	43111.8	71.581	95.375
0.09984	1076	1.95475e+06	1.9048e+06	43220.2	72.6019	95.3089
0.10008	1163	1.96867e+06	1.72787e+06	43328.7	73.5015	95.2491
0.10032	1246	2.02979e+06	2.00539e+06	43414.6	74.2142	95.1911
0.10056	1362	2.11108e+06	2.23798e+06	43365.5	73.807	95.2254
0.1008	1418	2.0833e+06	1.91842e+06	43316.4	73.3996	95.2566
0.10104	1513	2.11568e+06	1.95921e+06	43267.3	72.9922	95.2848
0.10128	1615	2.21115e+06	2.24415e+06	43070.9	71.1478	95.4104
0.10152	1675	2.21827e+06	2.22717e+06	42764.1	67.9551	95.7647
0.10176	1750	2.22548e+06	1.99756e+06	42457.3	64.8659	96.2771
0.102	1852	2.29921e+06	2.13107e+06	42150.5	61.8794	96.95
0.10224	1933	2.4268e+06	2.78466e+06	41381.5	54.8982	99.4549
0.10248	1968	2.37978e+06	2.07696e+06	40612.4	49.6405	104.651
0.10272	2029	2.43973e+06	2.05519e+06	39843.4	45.1738	111.582
0.10296	2195	2.56418e+06	2.51111e+06	39113.4	41.6549	119.766
0.1032	2131	2.5887e+06	2.53594e+06	38435.7	38.4835	128.204
0.10344	2265	2.57732e+06	2.28319e+06	37758	35.3117	137.488
0.10368	2215	2.6178e+06	2.55873e+06	37080.3	31.8276	146.747
0.10392	2165	2.74866e+06	3.043e+06	36874.4	30.7195	149.444
0.10416	2193	2.72212e+06	2.6412e+06	36747	30.0268	151.08
0.1044	2152	2.76089e+06	2.47856e+06	36619.7	29.3294	152.691
0.10464	2175	2.87221e+06	2.89142e+06	36498	28.6598	154.205
0.10488	2124	2.95013e+06	3.37303e+06	36390.4	28.066	155.523
0.10512	2160	2.91707e+06	2.66304e+06	36282.9	27.4711	156.819
0.10536	2114	2.97356e+06	2.80127e+06	36175.3	26.8148	157.806
0.1056	2086	3.09891e+06	3.17402e+06	36243.5	27.2532	157.289
0.10584	2060	3.04723e+06	2.95215e+06	36382	28.0194	155.625
0.10608	2083	3.04387e+06	2.81849e+06	36520.5	28.7837	153.927
0.10632	2081	3.12283e+06	3.11874e+06	36705.6	29.8002	151.607
0.10656	2006	3.23916e+06	4.01865e+06	37170.4	32.3062	145.549
0.1068	2014	3.17033e+06	2.99926e+06	37635.2	34.7032	139.205
0.10704	1958	3.18661e+06	3.07e+06	38100	36.9289	132.696
0.10728	2111	3.29384e+06	3.47996e+06	38401.5	38.3243	128.653
0.10752	2182	3.24336e+06	3.31988e+06	38580.4	39.1574	126.334
0.10776	2044	3.18908e+06	2.88193e+06	38759.3	39.9935	124.074
0.108	2029	3.22464e+06	3.10755e+06	38938.2	40.832	121.87
0.10824	2082	3.39017e+06	4.08728e+06	38643.1	39.4498	125.536
0.10848	2134	3.25804e+06	3.0309e+06	38347.9	38.0752	129.359
0.10872	2191	3.26906e+06	3.04089e+06	38052.7	36.7106	133.347
0.10896	2058	3.35068e+06	3.31142e+06	37732.7	35.1872	137.843
0.1092	2083	3.32702e+06	3.56045e+06	37379.8	33.4026	142.723
0.10944	2102	3.23853e+06	2.96261e+06	37026.8	31.5413	147.453
0.10968	2010	3.26118e+06	3.28017e+06	36673.9	29.6267	152.009
0.10992	2019	3.39495e+06	3.78626e+06	36521.8	28.7911	153.911
0.11016	1951	3.25805e+06	3.20581e+06	36403.2	28.1368	155.367
0.1104	1961	3.23338e+06	3.0055e+06	36284.7	27.4809	156.798
0.11064	1963	3.30131e+06	3.22182e+06	36167.1	26.7594	157.855
0.11088	1861	3.32473e+06	4.00259e+06	36052.2	25.9941	158.542
0.11112	1901	3.183e+06	3.04238e+06	35937.2	25.2457	159.238
0.11136	1808	3.16203e+06	3.08592e+06	35822.2	24.5141	159.941
0.1116	1762	3.26482e+06	3.40775e+06	35756	24.1	160.35
0.11184	1704	3.12802e+06	3.17715e+06	35709.2	23.811	160.64
0.11208	1716	3.03349e+06	2.83886e+06	35662.4	23.5247	160.932
0.11232	1694	3.04478e+06	3.09345e+06	35603.8	23.1698	161.299
0.11256	1682	3.10456e+06	3.81627e+06	35474.4	22.4006	162.117
0.1128	1614	2.93164e+06	2.85807e+06	35344.9	21.6517	162.946
0.11304	1517	2.91336e+06	2.82558e+06	35215.5	20.9226	163.785
0.11328	1498	2.97578e+06	3.09954e+06	35008.8	19.7991	165.146
0.11352	1467	2.85961e+06	2.98583e+06	34744.3	18.4317	166.93
0.11376	1463	2.73118e+06	2.65497e+06	34479.8	17.15	168.825
0.114	1361	2.72383e+06	2.75858e+06	34215.2	16.1655	172.596
0.11424	1372	2.81607e+06	3.28068e+06	34173	16.0144	173.229
0.11448	1365	2.62609e+06	2.68146e+06	34130.8	15.8649	173.87
0.11472	1250	2.56544e+06	2.56295e+06	34088.6	15.7171	174.52
0.11496	1279	2.59936e+06	2.87986e+06	34090.7	15.7244	174.487
0.1152	1191	2.54696e+06	2.94848e+06	34151.9	15.9394	173.549
0.11544	1132	2.43614e+06	2.48883e+06	34213.1	16.1577	172.628
0.11568	1120	2.44667e+06	2.53435e+06	34274.3	16.3795	171.726
0.11592	974	2.5335e+06	2.98735e+06	34246.9	16.2797	172.128
0.11616	1019	2.38295e+06	2.54667e+06	34204.7	16.1276	172.754
0.1164	996	2.34549e+06	2.31089e+06	34162.5	15.977	173.388
0.11664	959	2.40885e+06	2.63377e+06	34159.7	15.967	173.43
0.11688	933	2.37696e+06	2.92669e+06	34255.2	16.3101	172.005
0.11712	828	2.15806e+06	2.33767e+06	34350.8	16.6617	170.623
0.11736	909	2.07878e+06	2.3221e+06	34446.4	17.022	169.283
0.1176	847	2.10419e+06	2.80011e+06	34294.9	16.455	171.426
0.11784	790	1.91253e+06	2.29663e+06	34044.7	15.565	175.205
0.11808	725	1.82803e+06	1.96836e+06	33794.4	14.7299	179.296
0.11832	735	1.90013e+06	2.14508e+06	33754.3	14.6009	179.982
0.11856	737	2.0445e+06	2.65552e+06	34975	19.6196	165.372
0.1188	794	2.22181e+06	2.16723e+06	36195.7	26.9522	157.685
0.11904	717	2.48804e+06	2.47154e+06	37416.4	33.5918	142.223
0.11928	675	2.71258e+06	3.1232e+06	44576.4	83.7566	93.5006
0.11952	615	2.79946e+06	3.25668e+06	56190.8	200.962	50.6909
0.11976	0	2.7253e+06	1.91446e+06	67805.2	350.727	35.433
