0	0	0	0	56630.2	206.162	49.757
0.00024	0	0	0	56635.3	206.223	49.7464
0.00048	0	0	0	56640.4	206.285	49.7357
0.00072	0	0	0	56645.5	206.346	49.7251
0.00096	0	0	0	56650.8	206.409	49.7143
0.0012	0	0	0	56656.1	206.472	49.7032
0.00144	0	0	0	56661.4	206.536	49.6921
0.00168	0	0	0	56666.8	206.6	49.6811
0.00192	0	0	0	56672.3	206.667	49.6696
0.00216	0	0	0	56677.9	206.733	49.6581
0.0024	0	0	0	56683.5	206.8	49.6466
0.00264	0	0	0	56689.1	206.868	49.635
0.00288	0	0	0	56694.9	206.937	49.623
0.00312	0	0	0	56700.7	207.007	49.611
0.00336	0	0	0	56706.5	207.077	49.5991
0.0036	0	0	0	56712.5	207.148	49.5867
0.00384	0	0	0	56718.6	207.221	49.5743
0.00408	0	0	0	56724.6	207.294	49.5618
0.00432	0	0	0	56730.7	207.367	49.5493
0.00456	0	0	0	56737	207.443	49.5363
0.0048	0	0	0	56743.3	207.519	49.5233
0.00504	0	0	0	56749.7	207.595	49.5103
0.00528	0	0	0	56756.2	207.673	49.497
0.00552	0	0	0	56762.8	207.753	49.4835
0.00576	0	0	0	56769.4	207.832	49.47
0.006	0	0	0	56776	207.911	49.4565
0.00624	0	0	0	56782.9	207.995	49.4424
0.00648	0	0	0	56789.8	208.078	49.4282
0.00672	0	0	0	56796.7	208.161	49.4142
0.00696	0	0	0	56803.7	208.246	49.3998
0.0072	0	0	0	56810.9	208.333	49.3851
0.00744	0	0	0	56818.2	208.42	49.3704
0.00768	0	0	0	56825.4	208.507	49.3557
0.00792	0	0	0	56832.9	208.598	49.3404
0.00816	0	0	0	56840.5	208.689	49.325
0.0084	0	0	0	56848	208.78	49.3097
0.00864	0	0	0	56855.7	208.873	49.2941
0.00888	0	0	0	56863.6	208.968	49.2781
0.00912	0	0	0	56871.5	209.064	49.2621
0.00936	0	0	0	56879.4	209.16	49.246
0.0096	0	0	0	56887.6	209.259	49.2295
0.00984	0	1	0	56895.9	209.359	49.2127
0.01008	0	0	0	56904.2	209.46	49.196
0.01032	0	0	0	56912.6	209.561	49.1791
0.01056	0	0	0	56921.3	209.666	49.1616
0.0108	0	0	0	56930	209.772	49.1441
0.01104	0	1	0	56938.7	209.877	49.1266
0.01128	0	0	0	56947.6	209.986	49.1086
0.01152	0	2	0	56956.7	210.096	49.0903
0.01176	0	0	0	56965.9	210.207	49.072
0.012	0	0	0	56975	210.318	49.0537
0.01224	0	0	0	56984.6	210.435	49.0345
0.01248	0	0	0	56994.2	210.551	49.0153
0.01272	0	3	0	57003.8	210.668	48.9962
0.01296	0	0	2	57013.6	210.787	48.9766
0.0132	0	0	0	57023.7	210.91	48.9565
0.01344	0	0	0	57033.7	211.033	48.9364
0.01368	0	1	1	57043.8	211.158	48.9179
0.01392	0	1	0	57054.4	211.293	48.9027
0.01416	0	0	0	57065	211.429	48.8873
0.0144	0	0	0	57075.6	211.566	48.8719
0.01464	0	0	0	57086.4	211.704	48.8563
0.01488	0	3	0	57097.5	211.848	48.8402
0.01512	0	2	0	57108.7	211.991	48.824
0.01536	0	1	0	57119.9	212.135	48.8079
0.0156	0	0	1	57131.5	212.284	48.7912
0.01584	0	0	0	57143.3	212.436	48.7742
0.01608	0	1	0	57155.1	212.587	48.7573
0.01632	0	1	1	57166.9	212.74	48.7402
0.01656	0	5	1	57179.4	212.9	48.7223
0.0168	0	1	0	57191.8	213.06	48.7045
0.01704	0	3	0	57204.2	213.22	48.6867
0.01728	0	0	1	57217.1	213.386	48.6684
0.01752	0	0	1	57230.2	213.555	48.6496
0.01776	0	5	2	57243.3	213.724	48.6308
0.018	0	4	1	57256.4	213.893	48.6121
0.01824	0	3	0	57270.3	214.072	48.5924
0.01848	0	4	0	57284.2	214.252	48.5726
0.01872	0	1	3	57298	214.431	48.5529
0.01896	0	8	1	57312.3	214.614	48.5327
0.0192	0	4	2	57327	214.804	48.5119
0.01944	0	3	1	57341.6	214.994	48.491
0.01968	0	2	2	57356.3	215.184	48.4703
0.01992	0	4	3	57371.8	215.384	48.4484
0.02016	0	4	1	57387.4	215.586	48.4265
0.0204	0	3	4	57402.9	215.788	48.4045
0.02064	0	3	0	57418.8	215.993	48.3822
0.02088	0	4	0	57435.3	216.207	48.359
0.02112	0	6	0	57451.8	216.421	48.3359
0.02136	0	7	0	57468.3	216.635	48.3127
0.0216	0	7	2	57485.5	216.859	48.2886
0.02184	0	6	0	57503	217.086	48.2641
0.02208	0	8	0	57520.6	217.314	48.2397
0.02232	0	9	4	57538.2	217.543	48.215
0.02256	0	7	2	57556.9	217.786	48.1891
0.0228	0	6	3	57575.5	218.029	48.1632
0.02304	0	7	1	57594.2	218.271	48.1373
0.02328	0	8	1	57613.5	218.523	48.1106
0.02352	0	5	7	57633.4	218.782	48.0831
0.02376	0	19	2	57653.2	219.041	48.0557
0.024	0	13	3	57673.1	219.3	48.0284
0.02424	0	11	5	57694.3	219.576	47.9992
0.02448	0	13	3	57715.4	219.852	47.9702
0.02472	0	16	4	57736.6	220.128	47.9412
0.02496	0	17	2	57758.4	220.413	47.9114
0.0252	0	14	4	57781	220.708	47.8805
0.02544	0	15	6	57803.6	221.004	47.8498
0.02568	0	13	0	57826.2	221.3	47.819
0.02592	0	17	4	57850.1	221.613	47.7866
0.02616	0	24	3	57874.2	221.929	47.7539
0.0264	0	24	4	57898.3	222.246	47.7212
0.02664	0	25	3	57923	222.569	47.688
0.02688	0	27	4	57948.8	222.908	47.6532
0.02712	0	35	4	57974.6	223.247	47.6185
0.02736	0	30	5	58000.5	223.587	47.5839
0.0276	0	26	5	58027.7	223.945	47.5475
0.02784	0	33	4	58055.4	224.31	47.5105
0.02808	0	36	4	58083.2	224.675	47.4736
0.02832	0	27	8	58111.2	225.045	47.4364
0.02856	0	37	9	58141	225.438	47.3969
0.0288	0	44	5	58170.8	225.831	47.3575
0.02904	0	52	9	58200.6	226.224	47.3183
0.02928	0	51	3	58231.6	226.635	47.2774
0.02952	0	42	6	58263.7	227.058	47.2355
0.02976	0	54	9	58295.7	227.482	47.1936
0.03	0	69	5	58327.7	227.906	47.1519
0.03024	0	77	8	58362.2	228.364	47.107
0.03048	0	65	9	58396.7	228.822	47.0622
0.03072	0	74	9	58431.3	229.28	47.0176
0.03096	0	80	12	58467	229.755	46.9716
0.0312	0	75	11	58504.3	230.251	46.9237
0.03144	0	71	5	58541.6	230.748	46.8759
0.03168	0	102	7	58579	231.245	46.8283
0.03192	0	88	7	58618.9	231.777	46.7775
0.03216	0	99	8	58659.2	232.315	46.7264
0.0324	0	119	11	58699.5	232.854	46.6755
0.03264	0	131	8	58740.8	233.405	46.6235
0.03288	0	139	7	58784.4	233.981	46.5645
0.03312	0	145	7	58828	234.528	46.4885
0.03336	0	160	6	58871.6	235.075	46.4126
0.0336	0	154	11	58917.8	235.654	46.3324
0.03384	0	193	9	58965	236.246	46.2506
0.03408	0	207	11	59012.2	236.838	46.1689
0.03432	0	250	7	59060	237.438	46.0863
0.03456	0	227	6	59111.3	238.082	45.9978
0.0348	0	229	10	59162.7	238.726	45.9095
0.03504	0	233	7	59214	239.37	45.8213
0.03528	0	279	6	59268	240.047	45.7289
0.03552	0	282	12	59323.9	240.748	45.6333
0.03576	0	335	4	59379.8	241.45	45.538
0.036	0	349	10	59435.7	242.151	45.4428
0.03624	0	355	7	59496.6	242.915	45.3394
0.03648	0	401	6	59557.5	243.678	45.2363
0.03672	0	445	10	59618.4	244.441	45.1335
0.03696	0	469	6	59681.6	245.234	45.0269
0.0372	0	485	11	59748	246.066	44.9153
0.03744	0	519	1	59814.4	246.898	44.804
0.03768	0	586	4	59880.8	247.729	44.693
0.03792	0	614	5	59952.3	248.624	44.5737
0.03816	0	656	1	60024.7	249.53	44.4534
0.0384	0	759	2	60097	250.436	44.3334
0.03864	0	770	8	60171.2	251.364	44.2107
0.03888	0	801	4	60250.1	252.351	44.0807
0.03912	0	924	5	60329	253.336	43.9511
0.03936	0	1115	3	60407.9	254.322	43.8218
0.0396	0	999	7	60492.1	255.372	43.6844
0.03984	0	1139	2	60578.3	256.478	43.5682
0.04008	0	1156	13	60664.6	257.593	43.4591
0.04032	0	1438	13	60752.1	258.727	43.3493
0.04056	0	1322	3	60846.8	259.958	43.2311
0.0408	0	1439	4	60941.6	261.192	43.1138
0.04104	0	1604	8	61036.3	262.429	42.9974
0.04128	0	1683	8	61136.2	263.736	42.8757
0.04152	0	1915	5	61239.8	265.096	42.7504
0.04176	0	1918	8	61343.5	266.459	42.626
0.042	0	2100	8	61447.1	267.826	42.5027
0.04224	0	2332	5	61560.4	269.324	42.3691
0.04248	0	2548	10	61673.6	270.825	42.2368
0.04272	0	2575	11	61786.9	272.331	42.1056
0.04296	0	2937	12	61904.6	273.9	41.9706
0.0432	0	3063	9	62028.2	275.553	41.83
0.04344	0	3211	8	62151.8	277.21	41.6909
0.04368	0	3578	5	62275.4	278.882	41.5451
0.04392	0	3945	7	62408.7	280.715	41.3627
0.04416	0	4016	5	62543.6	282.568	41.1795
0.0444	0	4338	5	62678.4	284.418	40.9977
0.04464	0	4811	5	62816.7	286.312	40.8128
0.04488	0	4856	10	62963.6	288.32	40.618
0.04512	0	5403	5	63110.5	290.325	40.4248
0.04536	0	6017	2	63257.4	292.325	40.2332
0.0456	0	6148	6	63412.9	294.437	40.0323
0.04584	0	6692	4	63571.7	296.589	39.8289
0.04608	0	7341	6	63730.5	298.736	39.6273
0.04632	0	7734	6	63891.1	300.899	39.4253
0.04656	0	8222	7	64062.2	303.127	39.2296
0.0468	0	8766	6	64233.3	305.271	39.055
0.04704	0	9729	2	64404.5	307.407	38.8826
0.04728	0	10273	4	64581.5	309.608	38.7067
0.04752	0	10993	5	64762.8	311.855	38.529
0.04776	0	11907	2	64944.2	314.092	38.3537
0.048	0	12528	4	65125.6	316.319	38.181
0.04824	0	13714	1	65316.8	318.654	38.0016
0.04848	0	14630	6	65508.1	320.978	37.8248
0.04872	0	15864	4	65699.3	323.288	37.6508
0.04896	0	16831	4	65894.2	325.682	37.4616
0.0492	0	17698	0	66094	328.162	37.2644
0.04944	0	18864	5	66293.7	330.665	37.065
0.04968	0	20213	5	66493.5	333.193	36.8633
0.04992	0	22027	2	66696.8	335.79	36.6559
0.05016	0	23404	4	66900.7	338.421	36.4456
0.0504	0	24646	8	67104.6	341.077	36.2332
0.05064	0	26778	8	67308.3	343.756	36.019
0.05088	0	28279	4	67511.3	346.512	35.7922
0.05112	0	30159	3	67714.3	349.42	35.5429
0.05136	0	32355	3	67917.4	352.344	35.2986
0.0516	0	34354	2	68113.2	355.177	35.0675
0.05184	0	36456	4	68306.1	357.982	34.8443
0.05208	0	39191	3	68499	360.799	34.6253
0.05232	0	41219	2	68689.5	363.594	34.4132
0.05256	0	44021	5	68865.1	366.182	34.2213
0.0528	0	46541	4	69040.8	368.781	34.0327
0.05304	0	49216	2	69216.4	371.364	33.8601
0.05328	0	53047	3	69372.4	373.552	33.757
0.05352	0	55863	0	69513.7	375.526	33.6633
0.05376	0	58695	4	69655	377.492	33.5696
0.054	0	62472	1	69796.3	379.45	33.4756
0.05424	0	65554	2	69896	380.828	33.4092
0.05448	0	69303	4	69995.8	382.202	33.3427
0.05472	0	73421	4	70095.6	383.572	33.2761
0.05496	0	75970	2	70173.2	384.633	33.2243
0.0552	0	80896	3	70221	385.287	33.1923
0.05544	0	84637	6	70268.9	385.94	33.1603
0.05568	0	88976	4	70316.7	386.592	33.1283
0.05592	0	92578	4	70306.3	386.451	33.1352
0.05616	0	96615	3	70286.3	386.178	33.1486
0.0564	0	101507	2	70266.2	385.904	33.162
0.05664	0	105052	4	70225.8	385.353	33.189
0.05688	0	110401	4	70134.7	384.107	33.25
0.05712	0	115073	3	70043.5	382.857	33.3109
0.05736	0	118765	5	69952.3	381.603	33.3717
0.0576	0	122404	1	69805	379.57	33.4698
0.05784	0	126748	0	69635.2	377.217	33.5827
0.05808	0	132393	4	69465.5	374.853	33.6953
0.05832	0	134526	4	69287	372.355	33.8135
0.05856	0	138883	1	69056.5	369.014	34.016
0.0588	0	143577	5	68825.9	365.604	34.2638
0.05904	0	146907	2	68595.4	362.212	34.5175
0.05928	0	149950	0	68331.5	358.352	34.8152
0.05952	0	152521	7	68042.5	354.153	35.1504
0.05976	0	155570	3	67753.6	349.984	35.4953
0.06	0	158538	2	67464.6	345.845	35.8503
0.06024	0	161595	8	67138.3	341.517	36.198
0.06048	0	164518	3	66811.9	337.272	36.5375
0.06072	0	167606	4	66485.6	333.092	36.8714
0.06096	0	169185	3	66151.7	328.883	37.207
0.0612	0	170865	3	65807.9	324.619	37.546
0.06144	0	173779	3	65464.1	320.445	37.8652
0.06168	0	176172	2	65120.4	316.254	38.186
0.06192	0	176680	1	64771.1	311.957	38.5209
0.06216	0	176155	2	64421	307.613	38.8661
0.0624	0	178524	2	64070.8	303.235	39.2208
0.06264	0	178618	5	63725.4	298.666	39.6338
0.06288	0	179836	5	63391.6	294.148	40.0598
0.06312	0	180605	2	63057.7	289.605	40.494
0.06336	0	181994	2	62723.9	285.041	40.9367
0.0636	0	181188	2	62392.4	280.491	41.3848
0.06384	0	181899	7	62061.8	276.003	41.792
0.06408	0	184010	4	61731.3	271.591	42.1699
0.06432	0	183959	3	61403.2	267.247	42.5548
0.06456	0	181706	2	61090.4	263.137	42.9314
0.0648	0	183703	2	60777.6	259.059	43.3173
0.06504	0	183780	13	60464.8	255.032	43.7289
0.06528	0	182811	8	60158.7	251.207	44.2314
0.06552	0	181806	7	59857.6	247.439	44.7317
0.06576	0	182620	4	59556.5	243.665	45.238
0.066	0	180791	6	59255.4	239.89	45.7504
0.06624	0	179899	4	58983.5	236.479	46.2184
0.06648	0	181755	7	58711.6	233.016	46.6602
0.06672	0	178140	88	58439.7	229.393	47.0067
0.06696	0	177975	186	58190.2	226.088	47.3319
0.0672	0	175673	523	57970.6	223.195	47.6239
0.06744	0	176949	973	57751	220.317	47.9214
0.06768	0	174121	2099	57531.4	217.455	48.2246
0.06792	0	172036	2665	57353.6	215.149	48.4741
0.06816	0	172486	3348	57182.8	212.944	48.7174
0.0684	0	172936	4028	57012	210.768	48.9798
0.06864	0	173352	5587	56862.1	208.95	49.2812
0.06888	0	170757	8378	56764.6	207.775	49.4797
0.06912	0	172408	11134	56667.2	206.605	49.6803
0.06936	1	172107	14302	56569.7	205.44	49.8829
0.0696	0	172283	15830	56524.2	204.898	49.9783
0.06984	0	171934	19357	56499.4	204.604	50.0304
0.07008	1	175567	21734	56474.6	204.309	50.0826
0.07032	0	177676	25468	56462.4	204.164	50.1085
0.07056	2	177889	32089	56525.5	204.913	49.9756
0.0708	2	179287	33344	56588.5	205.665	49.8437
0.07104	5	182615	37750	56651.6	206.418	49.7126
0.07128	11	182016	44579	56760.6	207.727	49.4879
0.07152	8	186026	47170	56904.2	209.459	49.196
0.07176	14	188802	48819	57047.7	211.208	48.9123
0.072	17	190595	57296	57191.3	213.054	48.7052
0.07224	24	194262	61209	57400.6	215.757	48.4078
0.07248	39	197895	64835	57609.8	218.475	48.1157
0.07272	44	203227	69754	57819.1	221.208	47.8286
0.07296	61	207283	76041	58051.2	224.254	47.5162
0.0732	74	212457	80846	58313.6	227.719	47.1703
0.07344	112	219906	84800	58575.9	231.205	46.8321
0.07368	127	224005	90153	58838.3	234.658	46.4704
0.07392	167	228913	99312	59137.8	238.414	45.9522
0.07416	185	235769	102645	59443.5	242.248	45.4297
0.0744	280	243034	109734	59749.1	246.08	44.9134
0.07464	354	250946	116547	60066.7	250.056	44.3836
0.07488	445	258071	123159	60414	254.398	43.8119
0.07512	586	267629	130696	60761.3	258.847	43.3377
0.07536	716	276470	137166	61108.6	263.375	42.9092
0.0756	954	286221	143070	61444.3	267.788	42.5061
0.07584	1170	295310	150325	61775.2	272.176	42.119
0.07608	1616	307919	155252	62106.2	276.598	41.742
0.07632	2022	321339	163756	62426.1	280.954	41.3389
0.07656	2581	335109	172070	62679.5	284.433	40.9962
0.0768	3334	348066	177476	62932.9	287.901	40.6586
0.07704	4237	364709	185532	63186.3	291.357	40.3258
0.07728	5347	382387	198206	63323.1	293.218	40.1481
0.07752	6747	399931	205437	63372.5	293.89	40.0843
0.07776	8521	422718	211509	63421.9	294.56	40.0206
0.078	10544	443475	222211	63471.4	295.23	39.9572
0.07824	13285	468763	240857	63126.8	290.546	40.4035
0.07848	16337	497586	245848	62782.2	285.839	40.8588
0.07872	20068	526995	257208	62437.6	281.113	41.3232
0.07896	23119	561273	274265	61804.1	272.56	42.0858
0.0792	26810	591376	284517	60785.3	259.158	43.3078
0.07944	32429	625835	289755	59766.4	246.296	44.8844
0.07968	39540	667131	301015	58747.6	233.496	46.615
0.07992	43584	710368	320535	57054.1	211.289	48.9031
0.08016	48147	740489	323319	55248.1	190.163	52.8288
0.0804	54276	770238	330705	53442.2	170.047	56.469
0.08064	59816	799392	349339	51526	148.489	60.47
0.08088	65167	828435	366944	49334.3	124.329	66.5407
0.08112	67912	834886	365630	47142.5	107.233	78.0483
0.08136	70220	845198	380279	44950.8	86.8894	92.5
0.0816	72283	858202	412179	42962.2	70.0043	95.518
0.08184	73197	850957	415012	41054.8	52.5591	101.466
0.08208	73696	853196	427111	39147.4	41.8146	119.364
0.08232	75250	863206	468928	37358.1	33.2903	143.018
0.08256	74206	876377	522341	36277.3	27.44	156.886
0.0828	72515	873240	517979	35196.4	20.8169	163.909
0.08304	70429	882472	554209	34115.6	15.8116	174.103
0.08328	67946	900900	627251	33584.2	14.0683	182.986
0.08352	65946	905585	652267	33464.8	13.7078	185.19
0.08376	64547	909355	657394	33345.4	13.3579	187.474
0.084	62276	929696	713959	33226	13.0184	189.842
0.08424	59999	956458	817499	33852.4	14.9189	178.319
0.08448	58078	951486	757950	34478.8	17.1462	168.838
0.08472	56946	964127	778928	35105.2	20.3167	164.508
0.08496	56564	982822	866955	35868.5	24.8068	159.657
0.0852	56618	988836	892784	36814.6	30.3949	150.215
0.08544	56306	990277	823555	37760.6	35.3243	137.452
0.08568	55602	1.0107e+06	862416	38706.6	39.747	124.733
0.08592	55671	1.04041e+06	1.01433e+06	39504.1	43.493	115.257
0.08616	55853	1.02779e+06	855704	40276.7	47.6015	107.447
0.0864	56847	1.03305e+06	833316	41049.4	52.5216	101.502
0.08664	57999	1.06782e+06	938901	41716.3	57.8251	98.1837
0.08688	58944	1.08558e+06	1.00262e+06	42118.8	61.5758	97.029
0.08712	60747	1.07419e+06	825103	42521.2	65.5009	96.1572
0.08736	61858	1.08684e+06	871119	42923.7	69.6028	95.5608
0.0876	63178	1.11299e+06	1.06511e+06	43075.4	71.1948	95.4064
0.08784	65185	1.10139e+06	913987	43126.7	71.7393	95.3628
0.08808	66087	1.1045e+06	839700	43178	72.2515	95.3282
0.08832	67693	1.13321e+06	957267	43162.2	72.1182	95.3352
0.08856	69821	1.16605e+06	1.10924e+06	42743.8	67.7476	95.7937
0.0888	70649	1.16839e+06	864354	42325.4	63.5695	96.5465
0.08904	71840	1.20306e+06	897310	41907	59.5813	97.6006
0.08928	72797	1.25878e+06	1.11675e+06	41268.3	54.0694	100.12
0.08952	72913	1.26243e+06	1.04927e+06	40464.4	48.7235	105.842
0.08976	73057	1.26807e+06	907853	39660.4	44.229	113.521
0.09	73301	1.2959e+06	1.03124e+06	38856.5	40.4486	122.87
0.09024	72665	1.34908e+06	1.29854e+06	38269.8	37.7133	130.397
0.09048	72666	1.31402e+06	989018	37683.2	34.9421	138.537
0.09072	71436	1.31894e+06	1.02601e+06	37096.5	31.9137	146.533
0.09096	69459	1.35558e+06	1.27091e+06	36807.4	30.356	150.307
0.0912	68163	1.35099e+06	1.27773e+06	36915.2	30.9403	148.915
0.09144	66910	1.3334e+06	1.10102e+06	37022.9	31.5202	147.505
0.09168	66573	1.3381e+06	1.19772e+06	37130.6	32.0952	146.079
0.09192	65330	1.38197e+06	1.44125e+06	37607.9	34.5663	139.585
0.09216	64807	1.3543e+06	1.22356e+06	38146.7	37.1443	132.058
0.0924	63557	1.35473e+06	1.16984e+06	38685.6	39.6487	124.998
0.09264	63108	1.37984e+06	1.30372e+06	39190.4	42.0166	118.859
0.09288	63093	1.40749e+06	1.45669e+06	39609.8	43.9908	114.079
0.09312	62469	1.38967e+06	1.17862e+06	40029.3	46.1882	109.733
0.09336	62804	1.40264e+06	1.21248e+06	40448.7	48.628	105.972
0.0936	63096	1.44832e+06	1.49967e+06	40645.6	49.85	104.393
0.09384	63739	1.43568e+06	1.30372e+06	40753.5	50.5414	103.576
0.09408	63094	1.44068e+06	1.18122e+06	40861.3	51.2489	102.792
0.09432	64193	1.46511e+06	1.32625e+06	40954.7	51.8744	102.139
0.09456	64103	1.51116e+06	1.60861e+06	40961	51.9168	102.096
0.0948	64453	1.48782e+06	1.23721e+06	40967.2	51.9592	102.054
0.09504	65254	1.49885e+06	1.27199e+06	40973.5	52.0017	102.011
0.09528	65002	1.5458e+06	1.5968e+06	41026.8	52.366	101.652
0.09552	65467	1.54624e+06	1.49804e+06	41115.4	52.9806	101.072
0.09576	65380	1.54698e+06	1.29662e+06	41204	53.6069	100.513
0.096	65934	1.56975e+06	1.45742e+06	41292.6	54.2453	99.9747
0.09624	66078	1.63683e+06	1.73538e+06	41406.3	55.083	99.3132
0.09648	66321	1.60745e+06	1.43358e+06	41520.1	56.0592	98.8519
0.09672	66802	1.62588e+06	1.40796e+06	41633.9	57.0783	98.4558
0.09696	67153	1.6753e+06	1.65787e+06	41740.3	58.0443	98.1066
0.0972	67051	1.69204e+06	1.68966e+06	41837.1	58.9325	97.8069
0.09744	67280	1.69079e+06	1.48981e+06	41933.8	59.8306	97.524
0.09768	67544	1.71373e+06	1.57898e+06	42030.5	60.7388	97.2577
0.09792	68063	1.78306e+06	1.87857e+06	42116.6	61.5556	97.0344
0.09816	68510	1.75726e+06	1.60325e+06	42201	62.3633	96.8283
0.0984	68191	1.77552e+06	1.56634e+06	42285.3	63.1787	96.6345
0.09864	69053	1.82683e+06	1.73307e+06	42408.3	64.3813	96.3739
0.09888	69699	1.85782e+06	1.97414e+06	42627.8	66.5693	95.9728
0.09912	69873	1.84484e+06	1.61147e+06	42847.3	68.81	95.6532
0.09936	70247	1.88553e+06	1.71907e+06	43066.8	71.1038	95.4141
0.0996	70849	1.96451e+06	2.15829e+06	43396.3	74.0621	95.2043
0.09984	71783	1.95469e+06	1.88273e+06	43769.8	77.1547	94.8524
0.10008	72386	1.96864e+06	1.70825e+06	44143.3	80.2295	94.3259
0.10032	73171	2.02976e+06	1.9886e+06	44518.9	83.2915	93.6232
0.10056	73864	2.11104e+06	2.22462e+06	44907.1	86.4336	92.7005
0.1008	75581	2.08292e+06	1.90792e+06	45295.3	90.4783	90.7927
0.10104	76640	2.11382e+06	1.95054e+06	45683.5	94.5063	88.6093
0.10128	78457	2.20572e+06	2.2364e+06	46015.8	97.9264	86.5383
0.10152	81360	2.21112e+06	2.21953e+06	46306.1	100.884	84.5884
0.10176	83132	2.21519e+06	1.9885e+06	46596.4	103.804	82.5186
0.102	85700	2.28724e+06	2.12111e+06	46886.7	105.702	80.1076
0.10224	88593	2.41305e+06	2.7726e+06	46589.3	103.734	82.5706
0.10248	91046	2.37161e+06	2.05865e+06	46291.9	100.74	84.6866
0.10272	93249	2.43517e+06	2.0281e+06	45994.5	97.7082	86.6763
0.10296	95207	2.562e+06	2.475e+06	45603	93.6731	89.0838
0.1032	96993	2.58839e+06	2.48808e+06	45086.1	88.2992	91.8565
0.10344	98561	2.57732e+06	2.22175e+06	44569.1	83.6983	93.5162
0.10368	99686	2.6178e+06	2.48187e+06	44052.2	79.4821	94.4702
0.10392	100776	2.74866e+06	2.9516e+06	43787.1	77.2978	94.8318
0.10416	102202	2.72212e+06	2.54261e+06	43564	75.452	95.0681
0.1044	103034	2.76089e+06	2.37475e+06	43340.8	73.6023	95.2415
0.10464	103168	2.87221e+06	2.78128e+06	43046	70.8842	95.4333
0.10488	104337	2.95013e+06	3.25822e+06	42571.8	66.0065	96.0673
0.10512	105929	2.91707e+06	2.54091e+06	42097.6	61.3747	97.0825
0.10536	105402	2.97356e+06	2.67075e+06	41623.5	56.9847	98.491
0.1056	104873	3.09891e+06	3.03647e+06	41289.4	54.2223	99.9936
0.10584	104760	3.04723e+06	2.81205e+06	41011.4	52.2604	101.755
0.10608	103618	3.04387e+06	2.67819e+06	40733.4	50.4114	103.726
0.10632	103426	3.12283e+06	2.97681e+06	40538.2	49.1769	105.241
0.10656	103504	3.23916e+06	3.87661e+06	40839.8	51.1061	102.946
0.1068	102411	3.17033e+06	2.86991e+06	41141.4	53.1631	100.906
0.10704	102053	3.18661e+06	2.95185e+06	41443	55.3761	99.1338
0.10728	101391	3.29384e+06	3.37275e+06	41745.8	58.0944	98.0891
0.10752	101775	3.24336e+06	3.22006e+06	42049.5	60.9185	97.2072
0.10776	101179	3.18908e+06	2.7878e+06	42353.3	63.8416	96.4872
0.108	100849	3.22464e+06	3.01872e+06	42657	66.8648	95.9255
0.10824	101148	3.39017e+06	4.00503e+06	42553	65.8176	96.1003
0.10848	101210	3.25804e+06	2.94344e+06	42448.9	64.7823	96.2935
0.10872	100389	3.26906e+06	2.94878e+06	42344.8	63.7588	96.5051
0.10896	100171	3.35068e+06	3.21494e+06	42159.2	61.9619	96.9289
0.1092	100472	3.32702e+06	3.45739e+06	41864.7	59.1882	97.7244
0.10944	100540	3.23853e+06	2.85229e+06	41570.2	56.5068	98.6743
0.10968	99506	3.26118e+06	3.16223e+06	41275.8	54.1235	100.075
0.10992	99778	3.39495e+06	3.66091e+06	41043.2	52.4791	101.543
0.11016	98507	3.25805e+06	3.07556e+06	40821	50.9821	103.081
0.1104	98669	3.23338e+06	2.87357e+06	40598.7	49.5543	104.759
0.11064	97796	3.30131e+06	3.08666e+06	40331.7	47.9256	106.966
0.11088	96577	3.32473e+06	3.86544e+06	39952.8	45.7665	110.479
0.11112	96794	3.183e+06	2.90158e+06	39574	43.8222	114.476
0.11136	95239	3.16203e+06	2.9407e+06	39195.2	42.0392	118.802
0.1116	95176	3.26482e+06	3.26044e+06	38804.8	40.2064	123.509
0.11184	94523	3.12802e+06	3.02708e+06	38409.8	38.363	128.543
0.11208	93954	3.03349e+06	2.68722e+06	38014.8	36.5367	133.871
0.11232	93688	3.04478e+06	2.94018e+06	37594.7	34.5001	139.767
0.11256	93693	3.10456e+06	3.6616e+06	37023.6	31.5243	147.495
0.1128	94171	2.93164e+06	2.70138e+06	36452.6	28.4092	154.764
0.11304	93630	2.91336e+06	2.66549e+06	35881.5	24.889	159.578
0.11328	91433	2.97578e+06	2.93922e+06	35171.5	20.6794	164.072
0.11352	91335	2.85961e+06	2.82412e+06	34357.4	16.6863	170.529
0.11376	91861	2.73118e+06	2.49268e+06	33543.3	13.9436	183.732
0.114	92742	2.72383e+06	2.59125e+06	32729.2	11.7106	200.589
0.11424	93539	2.81607e+06	3.10791e+06	32193.5	10.4313	212.418
0.11448	94323	2.62609e+06	2.50841e+06	31657.8	9.18983	225.3
0.11472	95413	2.56544e+06	2.39024e+06	31122.1	8.00727	239.34
0.11496	97795	2.59936e+06	2.70735e+06	30730.1	7.07945	250.283
0.1152	101885	2.54696e+06	2.77783e+06	30529.8	6.61693	256.119
0.11544	106405	2.43614e+06	2.32024e+06	30329.4	6.17719	262.14
0.11568	111388	2.44667e+06	2.36816e+06	30129.1	5.75974	268.355
0.11592	117192	2.5335e+06	2.82355e+06	30164.2	5.83134	267.251
0.11616	122698	2.38295e+06	2.38522e+06	30238.6	5.98516	264.934
0.1164	128485	2.34549e+06	2.15019e+06	30312.9	6.14202	262.644
0.11664	133941	2.40885e+06	2.47398e+06	30572	6.71263	254.872
0.11688	138181	2.37696e+06	2.76933e+06	31293	8.37708	234.727
0.11712	142287	2.15806e+06	2.1887e+06	32014	10.01	216.613
0.11736	143561	2.07878e+06	2.18102e+06	32735	11.7245	200.467
0.1176	139623	2.10419e+06	2.66476e+06	33366.3	13.4184	187.068
0.11784	132804	1.91253e+06	2.16627e+06	33961.8	15.2826	176.524
0.11808	124026	1.82803e+06	1.84323e+06	34557.3	17.5113	168.218
0.11832	115612	1.90013e+06	2.02567e+06	35319.9	21.509	163.107
0.11856	102445	2.0445e+06	2.54362e+06	37085.4	31.8545	146.68
0.1188	85745	2.22181e+06	2.07145e+06	38850.9	40.4224	122.939
0.11904	70194	2.48804e+06	2.39419e+06	40616.4	49.6656	104.62
0.11928	57941	2.71258e+06	3.06928e+06	47799.5	111.084	73.1916
0.11952	45295	2.78464e+06	3.25629e+06	59045.8	237.26	46.1108
0.11976	0	2.59987e+06	1.91446e+06	70292.1	386.257	33.1447
