0	0	0	0	56344.9	202.773	50.3585
0.00024	0	0	0	56348	202.81	50.3518
0.00048	0	0	0	56351.1	202.846	50.3452
0.00072	0	0	0	56354.2	202.883	50.3386
0.00096	0	0	0	56357.3	202.92	50.3319
0.0012	0	0	0	56360.5	202.958	50.325
0.00144	0	0	0	56363.8	202.997	50.318
0.00168	0	0	0	56367	203.035	50.3111
0.00192	0	0	0	56370.4	203.075	50.304
0.00216	0	0	0	56373.8	203.115	50.2967
0.0024	0	0	0	56377.2	203.155	50.2895
0.00264	0	0	0	56380.6	203.195	50.2822
0.00288	0	0	0	56384.1	203.237	50.2746
0.00312	0	0	0	56387.7	203.279	50.2671
0.00336	0	0	0	56391.2	203.321	50.2595
0.0036	0	0	0	56394.9	203.364	50.2517
0.00384	0	0	0	56398.6	203.408	50.2438
0.00408	0	0	0	56402.3	203.452	50.2359
0.00432	0	0	0	56406	203.496	50.228
0.00456	0	0	0	56409.9	203.542	50.2197
0.0048	0	0	0	56413.8	203.588	50.2114
0.00504	0	0	0	56417.7	203.635	50.2032
0.00528	0	0	0	56421.7	203.682	50.1947
0.00552	0	0	0	56425.8	203.73	50.186
0.00576	0	0	0	56429.9	203.779	50.1773
0.006	0	0	0	56434	203.827	50.1686
0.00624	0	0	0	56438.3	203.878	50.1596
0.00648	0	0	0	56442.6	203.929	50.1505
0.00672	0	0	0	56446.9	203.98	50.1414
0.00696	0	0	0	56451.2	204.032	50.1321
0.0072	0	0	0	56455.7	204.085	50.1226
0.00744	0	0	0	56460.3	204.139	50.113
0.00768	0	0	0	56464.8	204.192	50.1035
0.00792	0	0	0	56469.5	204.248	50.0936
0.00816	0	0	0	56474.2	204.304	50.0835
0.0084	0	0	0	56479	204.36	50.0735
0.00864	0	0	0	56483.8	204.418	50.0634
0.00888	0	0	0	56488.8	204.477	50.0529
0.00912	0	0	0	56493.7	204.536	50.0424
0.00936	0	0	0	56498.7	204.595	50.0318
0.0096	0	0	0	56503.9	204.657	50.0209
0.00984	0	1	0	56509.2	204.719	50.0099
0.01008	0	0	0	56514.4	204.782	49.9988
0.01032	0	0	0	56519.7	204.845	49.9877
0.01056	0	0	0	56525.2	204.911	49.9761
0.0108	0	0	0	56530.8	204.977	49.9645
0.01104	0	1	0	56536.3	205.042	49.9529
0.01128	0	0	0	56542	205.11	49.9409
0.01152	0	2	0	56547.9	205.18	49.9286
0.01176	0	0	0	56553.7	205.25	49.9164
0.012	0	0	0	56559.5	205.319	49.9042
0.01224	0	0	0	56565.7	205.393	49.8913
0.01248	0	0	0	56571.9	205.466	49.8784
0.01272	0	3	0	56578.1	205.54	49.8655
0.01296	0	0	2	56584.4	205.615	49.8523
0.0132	0	0	0	56590.9	205.693	49.8387
0.01344	0	0	0	56597.4	205.771	49.8251
0.01368	0	1	1	56604	205.849	49.8115
0.01392	0	1	0	56610.8	205.931	49.7972
0.01416	0	0	0	56617.7	206.013	49.7828
0.0144	0	0	0	56624.6	206.096	49.7685
0.01464	0	0	0	56631.6	206.18	49.7539
0.01488	0	3	0	56639	206.267	49.7387
0.01512	0	2	0	56646.3	206.355	49.7236
0.01536	0	1	0	56653.6	206.442	49.7084
0.0156	0	0	1	56661.2	206.534	49.6926
0.01584	0	0	0	56669	206.626	49.6766
0.01608	0	1	0	56676.7	206.719	49.6606
0.01632	0	1	1	56684.5	206.813	49.6444
0.01656	0	5	1	56692.8	206.912	49.6274
0.0168	0	1	0	56701	207.01	49.6104
0.01704	0	3	0	56709.2	207.109	49.5935
0.01728	0	0	1	56717.7	207.211	49.5759
0.01752	0	0	1	56726.5	207.316	49.558
0.01776	0	5	2	56735.2	207.421	49.54
0.018	0	4	1	56744	207.526	49.522
0.01824	0	3	0	56753.3	207.638	49.503
0.01848	0	4	0	56762.6	207.75	49.4839
0.01872	0	1	3	56771.9	207.862	49.4649
0.01896	0	8	1	56781.4	207.977	49.4453
0.0192	0	4	2	56791.3	208.097	49.4251
0.01944	0	3	1	56801.3	208.216	49.4048
0.01968	0	2	2	56811.2	208.336	49.3846
0.01992	0	4	3	56821.7	208.462	49.3632
0.02016	0	4	1	56832.3	208.59	49.3417
0.0204	0	3	4	56842.9	208.718	49.3201
0.02064	0	3	0	56853.7	208.848	49.2982
0.02088	0	4	0	56864.9	208.985	49.2754
0.02112	0	6	0	56876.2	209.121	49.2525
0.02136	0	7	0	56887.5	209.258	49.2297
0.0216	0	7	2	56899.4	209.401	49.2057
0.02184	0	6	0	56911.5	209.547	49.1814
0.02208	0	8	0	56923.5	209.694	49.157
0.02232	0	9	4	56935.7	209.842	49.1325
0.02256	0	7	2	56948.7	209.999	49.1064
0.0228	0	6	3	56961.6	210.156	49.0804
0.02304	0	7	1	56974.6	210.313	49.0545
0.02328	0	8	1	56988.1	210.477	49.0275
0.02352	0	5	7	57002	210.647	48.9997
0.02376	0	19	2	57015.9	210.816	48.9719
0.024	0	13	3	57029.8	210.985	48.9442
0.02424	0	11	5	57044.7	211.169	48.9166
0.02448	0	13	3	57059.7	211.361	48.895
0.02472	0	16	4	57074.6	211.553	48.8733
0.02496	0	17	2	57090	211.751	48.851
0.0252	0	14	4	57106.1	211.957	48.8278
0.02544	0	15	6	57122.2	212.164	48.8046
0.02568	0	13	0	57138.3	212.371	48.7814
0.02592	0	17	4	57155.4	212.591	48.7568
0.02616	0	24	3	57172.7	212.814	48.7319
0.0264	0	24	4	57190	213.037	48.7071
0.02664	0	25	3	57207.7	213.265	48.6817
0.02688	0	27	4	57226.4	213.506	48.655
0.02712	0	35	4	57245.1	213.747	48.6283
0.02736	0	30	5	57263.8	213.988	48.6017
0.0276	0	26	5	57283.6	214.244	48.5735
0.02784	0	33	4	57303.8	214.505	48.5447
0.02808	0	36	4	57324.1	214.767	48.5159
0.02832	0	27	8	57344.6	215.032	48.4869
0.02856	0	37	9	57366.6	215.317	48.4558
0.0288	0	44	5	57388.5	215.601	48.4248
0.02904	0	52	9	57410.5	215.886	48.3939
0.02928	0	51	3	57433.5	216.184	48.3615
0.02952	0	42	6	57457.4	216.493	48.3281
0.02976	0	54	9	57481.2	216.802	48.2947
0.03	0	69	5	57505	217.111	48.2614
0.03024	0	77	8	57531	217.449	48.2252
0.03048	0	65	9	57556.9	217.786	48.1891
0.03072	0	74	9	57582.9	218.124	48.153
0.03096	0	80	12	57609.9	218.475	48.1156
0.0312	0	75	11	57638.3	218.845	48.0764
0.03144	0	71	5	57666.6	219.215	48.0372
0.03168	0	102	7	57695	219.586	47.9982
0.03192	0	88	7	57725.6	219.985	47.9562
0.03216	0	99	8	57756.6	220.39	47.9138
0.0324	0	119	11	57787.6	220.795	47.8715
0.03264	0	131	8	57819.4	221.212	47.8282
0.03288	0	139	7	57853.3	221.655	47.7822
0.03312	0	145	7	57887.1	222.099	47.7364
0.03336	0	160	6	57921	222.543	47.6907
0.0336	0	154	11	57957.1	223.017	47.6421
0.03384	0	193	9	57994.1	223.503	47.5924
0.03408	0	207	11	58031.1	223.99	47.5429
0.03432	0	250	7	58068.7	224.485	47.4928
0.03456	0	227	6	58109.5	225.022	47.4386
0.0348	0	229	10	58150.3	225.56	47.3846
0.03504	0	233	7	58191	226.099	47.3308
0.03528	0	279	6	58234.2	226.669	47.2741
0.03552	0	282	12	58279.2	227.264	47.2151
0.03576	0	335	4	58324.2	227.86	47.1565
0.036	0	349	10	58369.2	228.456	47.098
0.03624	0	355	7	58418.7	229.114	47.0338
0.03648	0	401	6	58468.3	229.772	46.9699
0.03672	0	445	10	58517.9	230.432	46.9063
0.03696	0	469	6	58569.6	231.121	46.8401
0.0372	0	485	11	58624.3	231.85	46.7705
0.03744	0	519	1	58679.1	232.581	46.7013
0.03768	0	586	4	58733.8	233.312	46.6323
0.03792	0	614	5	58793.3	234.093	46.5489
0.03816	0	656	1	58853.7	234.85	46.4437
0.0384	0	759	2	58914.1	235.608	46.3388
0.03864	0	770	8	58976.2	236.387	46.2311
0.03888	0	801	4	59042.8	237.222	46.116
0.03912	0	924	5	59109.4	238.058	46.0011
0.03936	0	1115	3	59176	238.893	45.8866
0.0396	0	999	7	59247.7	239.793	45.7636
0.03984	0	1139	2	59321.5	240.719	45.6374
0.04008	0	1156	13	59395.3	241.644	45.5116
0.04032	0	1438	13	59470.3	242.585	45.3841
0.04056	0	1322	3	59552.6	243.617	45.2446
0.0408	0	1439	4	59635	244.649	45.1055
0.04104	0	1604	8	59717.3	245.68	44.9669
0.04128	0	1683	8	59804.7	246.776	44.8202
0.04152	0	1915	5	59896	247.92	44.6676
0.04176	0	1918	8	59987.3	249.063	44.5155
0.042	0	2100	8	60078.6	250.205	44.3639
0.04224	0	2332	5	60179.7	251.47	44.1968
0.04248	0	2548	10	60280.8	252.733	44.0303
0.04272	0	2575	11	60381.8	253.996	43.8646
0.04296	0	2937	12	60487.5	255.315	43.6919
0.0432	0	3063	9	60599.3	256.749	43.5416
0.04344	0	3211	8	60711.2	258.196	43.4006
0.04368	0	3578	5	60823	259.648	43.2608
0.04392	0	3945	7	60945	261.237	43.1096
0.04416	0	4016	5	61068.7	262.852	42.9579
0.0444	0	4338	5	61192.3	264.472	42.8077
0.04464	0	4811	5	61319.7	266.146	42.6544
0.04488	0	4856	10	61456.3	267.947	42.4919
0.04512	0	5403	5	61592.9	269.754	42.331
0.04536	0	6017	2	61729.5	271.567	42.172
0.0456	0	6148	6	61875.2	273.509	42.0041
0.04584	0	6692	4	62024.7	275.506	41.834
0.04608	0	7341	6	62174.2	277.51	41.6659
0.04632	0	7734	6	62325.5	279.571	41.4763
0.04656	0	8222	7	62488.5	281.811	41.2541
0.0468	0	8766	6	62651.4	284.047	41.034
0.04704	0	9729	2	62814.4	286.279	40.8159
0.04728	0	10273	4	62983.7	288.594	40.5915
0.04752	0	10993	5	63157.7	290.968	40.3631
0.04776	0	11907	2	63331.8	293.336	40.1369
0.048	0	12528	4	63505.9	295.698	39.913
0.04824	0	13714	1	63690.8	298.199	39.6776
0.04848	0	14630	6	63875.6	300.691	39.4447
0.04872	0	15864	4	64060.5	303.105	39.2314
0.04896	0	16831	4	64249.5	305.473	39.0386
0.0492	0	17698	0	64443.9	307.899	38.8432
0.04944	0	18864	5	64638.4	310.314	38.6507
0.04968	0	20213	5	64832.8	312.719	38.4611
0.04992	0	22027	2	65030.8	315.156	38.271
0.05016	0	23404	4	65229.5	317.589	38.0832
0.0504	0	24646	8	65428.2	320.008	37.8984
0.05064	0	26778	8	65626.3	322.408	37.7169
0.05088	0	28279	4	65823.2	324.806	37.5311
0.05112	0	30159	3	66020.1	327.242	37.3376
0.05136	0	32355	3	66217	329.701	37.1419
0.0516	0	34354	2	66404.5	332.063	36.9535
0.05184	0	36456	4	66588.2	334.399	36.767
0.05208	0	39191	3	66771.9	336.755	36.5787
0.05232	0	41219	2	66952.4	339.092	36.392
0.05256	0	44021	5	67114.1	341.2	36.2233
0.0528	0	46541	4	67275.7	343.325	36.0534
0.05304	0	49216	2	67437.3	345.467	35.8822
0.05328	0	53047	3	67573.9	347.408	35.7148
0.05352	0	55863	0	67691.8	349.097	35.5703
0.05376	0	58695	4	67809.7	350.792	35.4275
0.054	0	62472	1	67927.6	352.491	35.2864
0.05424	0	65554	2	67992.5	353.43	35.2094
0.05448	0	69303	4	68057.5	354.369	35.1328
0.05472	0	73421	4	68122.4	355.311	35.0568
0.05496	0	75970	2	68158.7	355.838	35.0144
0.0552	0	80896	3	68157	355.813	35.0165
0.05544	0	84637	6	68155.2	355.787	35.0185
0.05568	0	88976	4	68153.4	355.761	35.0206
0.05592	0	92578	4	68076.3	354.642	35.1107
0.05616	0	96615	3	67986.5	353.343	35.2164
0.0564	0	101507	2	67896.8	352.047	35.3231
0.05664	0	105052	4	67780.3	350.369	35.4629
0.05688	0	110401	4	67597	347.738	35.6864
0.05712	0	115073	3	67413.7	345.153	35.9073
0.05736	0	118765	5	67230.4	342.728	36.1012
0.0576	0	122404	1	66971.8	339.343	36.3719
0.05784	0	126748	0	66683	335.613	36.6701
0.05808	0	132393	4	66394.2	331.934	36.9638
0.05832	0	134526	4	66093.2	328.152	37.2652
0.05856	0	138883	1	65718.2	323.517	37.6334
0.0588	1	143577	5	65343.3	318.977	37.9769
0.05904	4	146907	2	64968.4	314.389	38.3306
0.05928	11	149949	0	64543.3	309.134	38.7444
0.05952	14	152515	6	64080.6	303.358	39.2107
0.05976	16	155560	1	63617.9	297.215	39.77
0.06	25	158529	0	63155.3	290.934	40.3663
0.06024	56	161581	7	62626.5	283.706	41.0675
0.06048	97	164481	2	62097.8	276.485	41.7515
0.06072	100	167563	3	61569.1	269.439	42.359
0.06096	157	169118	1	61021.3	262.233	43.0158
0.0612	250	170770	2	60448.3	254.825	43.7559
0.06144	287	173650	1	59875.2	247.659	44.7023
0.06168	444	175995	1	59302.1	240.475	45.6705
0.06192	612	176415	0	58704.2	232.917	46.6695
0.06216	881	175808	2	58102.2	224.926	47.4483
0.0624	1180	178065	2	57500.1	217.048	48.2682
0.06264	1496	178034	1	56900.4	209.414	49.2036
0.06288	1958	179084	1	56306.5	202.321	50.4407
0.06312	2446	179630	0	55712.7	195.422	51.7573
0.06336	3031	180778	1	55118.8	188.724	53.1001
0.0636	3535	179664	1	54530.3	182.176	54.3199
0.06384	4556	180121	0	53943.9	175.663	55.5085
0.06408	5380	181894	3	53357.6	169.071	56.6155
0.06432	6501	181440	0	52777.6	162.418	57.6693
0.06456	7428	178808	0	52236.2	156.267	58.7327
0.0648	8660	180189	1	51694.7	150.273	59.9777
0.06504	9936	179971	6	51153.3	144.545	61.5827
0.06528	11568	178637	0	50642.3	139.138	63.1653
0.06552	13098	177009	1	50154.2	133.987	64.7417
0.06576	14332	177363	3	49666.2	128.132	65.7668
0.066	15963	175045	1	49178.1	122.606	66.9433
0.06624	17568	173790	1	48761.2	118.208	68.1425
0.06648	19104	175424	1	48344.4	114.178	69.5924
0.06672	20275	171277	85	47927.5	111.819	72.313
0.06696	21755	171041	183	47548.2	109.625	74.9796
0.0672	23338	168651	521	47218.9	107.687	77.4526
0.06744	25040	169658	972	46889.7	105.72	80.0828
0.06768	26994	166851	2093	46560.4	103.445	82.781
0.06792	28146	165026	2656	46286.9	100.689	84.7213
0.06816	30345	165960	3339	46022.6	97.9958	86.4942
0.0684	31421	166287	4023	45758.3	95.2783	88.1591
0.06864	32919	166772	5573	45512.2	92.7324	89.6052
0.06888	34108	164616	8375	45311.9	90.6511	90.7048
0.06912	35403	166176	11040	45111.6	88.5651	91.7312
0.06936	36203	166724	14032	44911.3	86.477	92.6816
0.0696	37564	167481	15612	44741.1	85.0837	93.1273
0.06984	38842	167200	18618	44583	83.8103	93.4862
0.07008	40371	170566	20895	44424.9	82.5289	93.8151
0.07032	40970	173098	24052	44274	81.2989	94.101
0.07056	42593	173149	29809	44165.9	80.4148	94.2885
0.0708	43888	174512	30988	44057.8	79.5281	94.4617
0.07104	44176	177580	35271	43949.7	78.6392	94.6204
0.07128	46063	176813	41426	43869.1	77.975	94.7293
0.07152	46593	180120	43930	43809.2	77.4799	94.8051
0.07176	47734	182723	45736	43749.2	76.9844	94.8764
0.072	49132	184008	53295	43689.2	76.4884	94.9432
0.07224	49931	186676	57072	43660.7	76.2526	94.9734
0.07248	50910	190137	60510	43632.2	76.0167	95.0025
0.07272	51660	193859	65381	43603.7	75.7808	95.0306
0.07296	53029	197419	71298	43581.6	75.5982	95.0517
0.0732	54613	201143	76462	43568.2	75.4867	95.0642
0.07344	55169	207406	80150	43554.7	75.3753	95.0765
0.07368	56097	210108	85043	43541.3	75.2639	95.0886
0.07392	56762	213544	94137	43533.1	75.1963	95.0958
0.07416	57938	217863	97602	43525.8	75.1359	95.1022
0.0744	58795	223543	104704	43518.5	75.0756	95.1085
0.07464	59851	229032	111886	43514.3	75.0408	95.1121
0.07488	60945	233002	117891	43517.8	75.0698	95.1091
0.07512	61336	239803	124768	43521.3	75.0989	95.1061
0.07536	62445	244370	131588	43524.9	75.128	95.103
0.0756	63098	249416	138157	43517	75.0628	95.1098
0.07584	63861	254485	144892	43504.6	74.9599	95.1204
0.07608	64532	261322	149728	43492.2	74.857	95.1308
0.07632	66099	268197	158221	43477.9	74.7391	95.1424
0.07656	66331	275212	167010	43452.9	74.5314	95.1623
0.0768	67539	280431	171672	43427.8	74.3237	95.1814
0.07704	68112	287896	180478	43402.8	74.1159	95.1997
0.07728	68302	295173	192588	43398.4	74.0794	95.2028
0.07752	69706	301038	200027	43409.5	74.1714	95.1949
0.07776	70171	308694	207040	43420.5	74.2633	95.1868
0.078	70449	316109	217505	43431.6	74.3553	95.1785
0.07824	71237	324669	235902	43548.5	75.3239	95.0821
0.07848	72163	332348	241762	43665.4	76.2914	94.9685
0.07872	72754	341013	253657	43782.2	77.2576	94.8377
0.07896	73357	351174	271437	43949	78.6329	94.6215
0.0792	73390	357913	282282	44182.2	80.5486	94.2611
0.07944	74764	364448	288328	44415.5	82.4521	93.8338
0.07968	75097	377175	299944	44648.7	84.3405	93.3407
0.07992	75903	387156	319886	44922.2	86.5905	92.6319
0.08016	77084	396010	323129	45202.3	89.5102	91.2756
0.0804	78111	409051	330705	45482.5	92.4235	89.7731
0.08064	78686	421248	349317	45767.9	95.378	88.1002
0.08088	80324	435650	366944	46066.6	98.4465	86.206
0.08112	82581	444422	365630	46365.3	101.483	84.1756
0.08136	84043	457163	380279	46664	104.356	81.9822
0.0816	85919	475634	411901	46975.6	106.235	79.381
0.08184	87040	482687	410919	47292.3	108.121	76.8881
0.08208	89684	496838	414447	47609.1	109.98	74.5387
0.08232	91779	517937	442836	47918.1	111.765	72.377
0.08256	93982	538561	476996	48180.5	113.257	70.6368
0.0828	96797	550593	455829	48442.9	115.036	69.1846
0.08304	99378	571354	470955	48705.3	117.639	68.3176
0.08328	102416	603099	521759	48901	119.651	67.7199
0.08352	105251	620024	529091	49046.7	121.188	67.3016
0.08376	109031	640533	520561	49192.4	122.762	66.9055
0.084	112612	676269	561921	49338.1	124.371	66.5312
0.08424	116200	717657	647973	49364.3	124.665	66.4661
0.08448	120016	730730	586758	49390.6	124.96	66.4016
0.08472	123632	759509	603258	49416.9	125.257	66.3378
0.08496	128025	795201	684096	49405.1	125.124	66.3662
0.0852	132364	814219	709704	49342.8	124.424	66.5195
0.08544	136782	829779	651828	49280.4	123.73	66.6768
0.08568	140758	863611	698513	49218	123.042	66.838
0.08592	145145	907857	857732	49030.1	121.012	67.348
0.08616	148829	907529	714957	48821.3	118.824	67.9584
0.0864	152546	926657	706843	48612.4	116.706	68.6156
0.08664	156347	972768	824583	48362.1	114.277	69.4814
0.08688	160028	1.00311e+06	899738	48008	112.279	71.7712
0.08712	164446	1.00206e+06	735129	47653.9	110.241	74.2175
0.08736	166120	1.02415e+06	793764	47299.7	108.165	76.8313
0.0876	169211	1.0635e+06	999074	47012.8	106.458	79.0803
0.08784	173072	1.05731e+06	860999	46752.7	104.894	81.2261
0.08808	174900	1.06224e+06	799412	46492.6	102.765	83.2719
0.08832	176291	1.09192e+06	929760	46262	100.437	84.8923
0.08856	178055	1.1171e+06	1.09084e+06	46208.9	99.8979	85.2548
0.0888	180638	1.0985e+06	844351	46155.8	99.3574	85.6132
0.08904	182187	1.10994e+06	874875	46102.7	98.8157	85.9674
0.08928	183377	1.14556e+06	1.09169e+06	46075.3	98.5354	86.1488
0.08952	186119	1.13784e+06	1.01739e+06	46067.1	98.4515	86.2028
0.08976	187341	1.13671e+06	863594	46058.9	98.3676	86.2567
0.09	190678	1.15886e+06	973079	46050.7	98.2837	86.3105
0.09024	193311	1.2037e+06	1.22423e+06	45878.9	96.5212	87.4131
0.09048	195957	1.17884e+06	895369	45707.1	94.75	88.4683
0.09072	199962	1.19118e+06	908868	45535.3	92.9716	89.4741
0.09096	204569	1.23083e+06	1.12925e+06	45328.7	90.8253	90.6156
0.0912	209998	1.23605e+06	1.1181e+06	45075.6	88.1896	91.9078
0.09144	216192	1.2289e+06	929252	44822.4	85.7355	92.9311
0.09168	224500	1.24188e+06	1.01302e+06	44569.3	83.6998	93.5158
0.09192	235508	1.29347e+06	1.24351e+06	44498.2	83.1238	93.6664
0.09216	244537	1.2726e+06	1.02689e+06	44457.4	82.7926	93.7501
0.0924	257066	1.278e+06	974843	44416.5	82.461	93.8317
0.09264	270859	1.30733e+06	1.10911e+06	44522.5	83.3204	93.6157
0.09288	287725	1.33898e+06	1.26418e+06	44995.2	87.3518	92.2929
0.09312	306653	1.32362e+06	991963	45467.9	92.2722	89.8548
0.09336	325488	1.33934e+06	1.02827e+06	45940.6	97.1557	87.0222
0.0936	343204	1.38642e+06	1.32016e+06	46945.8	106.057	79.6225
0.09384	363898	1.3767e+06	1.12032e+06	48164.1	113.165	70.743
0.09408	393094	1.38256e+06	992993	49382.3	124.867	66.4219
0.09432	414450	1.40635e+06	1.12978e+06	50695.5	139.701	62.9973
0.09456	421502	1.45014e+06	1.40495e+06	52578.6	160.15	58.0509
0.0948	437384	1.42152e+06	1.0241e+06	54461.8	181.414	54.4602
0.09504	474106	1.42045e+06	1.04716e+06	56344.9	202.774	50.3584
0.09528	457891	1.4541e+06	1.35546e+06	58242.6	226.78	47.263
0.09552	423353	1.43528e+06	1.24758e+06	60151.3	251.115	44.2436
0.09576	404960	1.40952e+06	1.03713e+06	62060.1	275.98	41.794
0.096	371142	1.40521e+06	1.18589e+06	63968.8	301.944	39.3283
0.09624	334663	1.4446e+06	1.44608e+06	65055.8	315.463	38.2472
0.09648	296753	1.38354e+06	1.14111e+06	66142.8	328.772	37.2159
0.09672	252021	1.36716e+06	1.10351e+06	67229.8	342.72	36.1018
0.09696	204663	1.3856e+06	1.33746e+06	67878.1	351.777	35.3455
0.0972	159777	1.37435e+06	1.36174e+06	67941.3	352.689	35.2701
0.09744	120934	1.3463e+06	1.15332e+06	68004.5	353.603	35.1952
0.09768	89535	1.34305e+06	1.23134e+06	68067.8	354.519	35.1207
0.09792	63498	1.38838e+06	1.51598e+06	67544.4	346.985	35.7512
0.09816	43809	1.35124e+06	1.23316e+06	66923.3	338.713	36.4222
0.0984	29549	1.35196e+06	1.18202e+06	66302.2	330.771	37.0565
0.09864	19531	1.38663e+06	1.32496e+06	65639.3	322.564	37.7051
0.09888	12535	1.4029e+06	1.54429e+06	64872	313.202	38.4232
0.09912	7799	1.37679e+06	1.17523e+06	64104.7	303.659	39.1861
0.09936	4577	1.39724e+06	1.25961e+06	63337.4	293.412	40.1297
0.0996	2610	1.45133e+06	1.66708e+06	62573.6	282.98	41.1388
0.09984	1594	1.42893e+06	1.37618e+06	61811.3	272.656	42.0775
0.10008	853	1.42529e+06	1.18637e+06	61049	262.595	42.982
0.10032	526	1.46305e+06	1.43013e+06	60269.3	252.59	44.0491
0.10056	271	1.52121e+06	1.62179e+06	59385.8	241.525	45.5277
0.1008	116	1.48871e+06	1.31234e+06	58502.4	230.225	46.9262
0.10104	53	1.50256e+06	1.32957e+06	57618.9	218.593	48.1031
0.10128	36	1.57232e+06	1.55955e+06	56893.9	209.335	49.2168
0.10152	17	1.56683e+06	1.54976e+06	56287.8	202.1	50.4811
0.10176	6	1.5494e+06	1.35108e+06	55681.6	195.067	51.8283
0.102	6	1.58104e+06	1.46624e+06	55075.5	188.242	53.1907
0.10224	1	1.65787e+06	2.05547e+06	54497.7	181.813	54.3867
0.10248	2	1.60131e+06	1.40334e+06	53919.9	175.396	55.5567
0.10272	0	1.62029e+06	1.35161e+06	53342.1	168.893	56.6426
0.10296	0	1.68998e+06	1.7089e+06	52585.9	160.232	58.0369
0.1032	0	1.68908e+06	1.66911e+06	51591.9	149.186	60.277
0.10344	0	1.67697e+06	1.42444e+06	50597.8	138.668	63.3063
0.10368	0	1.6992e+06	1.60095e+06	49603.8	127.402	65.9038
0.10392	0	1.79718e+06	1.83133e+06	48593.9	116.521	68.6762
0.10416	0	1.77293e+06	1.63682e+06	47581.4	109.819	74.7386
0.1044	0	1.78225e+06	1.50073e+06	46568.8	103.529	82.7198
0.10464	0	1.83844e+06	1.7866e+06	45493.5	92.5381	89.711
0.10488	0	1.88236e+06	2.18283e+06	44261.3	81.1956	94.1236
0.10512	0	1.85649e+06	1.66119e+06	43029.1	70.7064	95.4495
0.10536	0	1.88421e+06	1.72353e+06	41796.9	58.5627	97.9293
0.1056	0	1.95911e+06	1.85166e+06	40157.4	46.9109	108.525
0.10584	0	1.92192e+06	1.75808e+06	38355	38.1083	129.265
0.10608	0	1.92302e+06	1.67063e+06	36552.6	28.9606	153.529
0.10632	0	1.9773e+06	1.80743e+06	34619.8	17.8147	167.785
0.10656	0	2.0698e+06	2.46104e+06	31904.8	9.75601	219.225
0.1068	0	2.04678e+06	1.80318e+06	29189.7	4.10098	300.346
0.10704	0	2.07133e+06	1.85974e+06	26474.7	1.58229	423.968
0.10728	0	2.15562e+06	2.04362e+06	23048.3	0.216785	669.069
0.10752	0	2.13743e+06	2.00375e+06	19088.2	0	1283.12
0.10776	0	2.1148e+06	1.7892e+06	15128.2	0	3193.52
0.108	0	2.14895e+06	1.94383e+06	11168.2	0	17547.1
0.10824	0	2.27426e+06	2.6693e+06	6867.22	0	50270.6
0.10848	0	2.21187e+06	1.98234e+06	2566.28	0	72445.5
0.10872	0	2.23826e+06	1.9996e+06	-1734.66	0	72445.5
0.10896	0	2.29724e+06	2.10073e+06	-3825.96	0	72445.5
0.1092	0	2.2941e+06	2.32782e+06	-2971.08	0	72445.5
0.10944	0	2.25567e+06	1.94366e+06	-2116.19	0	72445.5
0.10968	402	2.27333e+06	2.20716e+06	-1261.3	0	72445.5
0.10992	82061	2.37148e+06	2.47056e+06	8555.96	0	36208.2
0.11016	1.18311e+06	2.30009e+06	2.0752e+06	19866.9	3.30983e-07	1118.34
0.1104	2.61993e+06	2.29244e+06	789005	31177.9	8.12727	237.819
0.11064	3.3835e+06	2.33386e+06	180105	43166.6	72.1566	95.333
0.11088	3.76573e+06	2.35821e+06	21129	56849.4	208.796	49.307
0.11112	3.68274e+06	2.28478e+06	5	70532.1	389.513	32.9839
0.11136	3.296e+06	2.13701e+06	5	84214.9	597.726	24.2146
0.1116	2.72296e+06	1.9514e+06	4	92534.4	732.716	20.3424
0.11184	2.17147e+06	1.61498e+06	4	98708.6	831.644	17.1809
0.11208	1.69457e+06	1.2559e+06	3	104883	930.573	14.0193
0.11232	1.29085e+06	934238	1	110074	1013.75	11.361
0.11256	949230	671859	5	109369	1002.45	11.7222
0.1128	630936	450969	2	108663	991.145	12.0835
0.11304	374782	306656	2	107958	979.841	12.4447
0.11328	200790	220570	4	105473	940.037	13.7168
0.11352	92588	175528	3	101655	878.859	15.672
0.11376	35300	155389	9	97837.1	817.68	17.6271
0.114	11123	146707	4	94018.9	756.502	19.5823
0.11424	3242	141557	4	90038.1	692.717	21.6207
0.11448	1389	139042	1	86057.2	625.846	22.7751
0.11472	1166	134902	75	82076.4	563.677	25.6026
0.11496	1119	130071	1132	78485.3	510.54	26.8798
0.1152	1281	126345	4286	75413.9	461.33	29.7286
0.11544	1304	125276	7397	72342.5	413.237	31.1091
0.11568	1367	124751	12998	69271.1	372.132	33.824
0.11592	1557	122540	18488	66921.9	338.696	36.4236
0.11616	1597	121428	25082	64693.1	310.993	38.597
0.1164	1739	122189	32105	62464.3	281.479	41.2869
0.11664	1867	122039	41449	60412.9	254.384	43.8136
0.11688	1972	121486	52511	58805.1	234.241	46.5284
0.11712	1999	122451	63724	57197.2	213.129	48.6968
0.11736	2062	124125	74661	55589.3	194.013	52.0412
0.1176	2182	124206	86571	54306.3	179.686	54.7771
0.11784	2240	126198	97900	53153.4	166.722	56.9767
0.11808	2297	127593	111142	52000.4	153.61	59.2206
0.11832	2393	130178	123723	50987.3	142.788	62.0895
0.11856	2355	132300	136226	50812.9	140.943	62.6294
0.1188	2301	135341	140964	50638.5	139.099	63.1773
0.11904	2408	140250	145146	50464.2	137.256	63.7332
0.11928	2354	143044	149620	52165.8	155.472	58.8767
0.11952	2221	149816	125964	55274.3	190.455	52.7736
0.11976	0	147019	75524	58382.9	228.638	47.0802
