0	0	0	0	56662.4	206.548	49.6902
0.00024	0	0	0	56667.7	206.612	49.6791
0.00048	0	0	0	56673.1	206.676	49.6681
0.00072	0	0	0	56678.4	206.74	49.6571
0.00096	0	0	0	56683.8	206.805	49.6458
0.0012	0	0	0	56689.4	206.871	49.6344
0.00144	0	0	0	56695	206.938	49.6229
0.00168	0	0	0	56700.5	207.005	49.6114
0.00192	0	0	0	56706.3	207.074	49.5996
0.00216	0	0	0	56712.1	207.143	49.5876
0.0024	0	0	0	56717.8	207.213	49.5757
0.00264	0	0	0	56723.7	207.283	49.5637
0.00288	0	0	0	56729.7	207.356	49.5512
0.00312	0	0	0	56735.8	207.428	49.5388
0.00336	0	0	0	56741.8	207.501	49.5265
0.0036	0	0	0	56748	207.575	49.5137
0.00384	0	0	0	56754.3	207.651	49.5008
0.00408	0	0	0	56760.6	207.727	49.4879
0.00432	0	0	0	56767	207.803	49.4749
0.00456	0	0	0	56773.5	207.882	49.4615
0.0048	0	0	0	56780.1	207.961	49.448
0.00504	0	0	0	56786.7	208.04	49.4346
0.00528	0	0	0	56793.4	208.121	49.4209
0.00552	0	0	0	56800.3	208.204	49.4069
0.00576	0	0	0	56807.1	208.287	49.3929
0.006	0	0	0	56814	208.369	49.3789
0.00624	0	0	0	56821.1	208.456	49.3643
0.00648	0	0	0	56828.3	208.542	49.3498
0.00672	0	0	0	56835.5	208.629	49.3352
0.00696	0	0	0	56842.8	208.717	49.3204
0.0072	0	0	0	56850.2	208.807	49.3052
0.00744	0	0	0	56857.7	208.898	49.29
0.00768	0	0	0	56865.2	208.988	49.2748
0.00792	0	0	0	56873	209.082	49.259
0.00816	0	0	0	56880.8	209.177	49.2432
0.0084	0	0	0	56888.7	209.272	49.2273
0.00864	0	0	0	56896.6	209.368	49.2113
0.00888	0	0	0	56904.8	209.467	49.1948
0.00912	0	0	0	56913	209.566	49.1782
0.00936	0	0	0	56921.2	209.666	49.1617
0.0096	0	0	0	56929.7	209.768	49.1446
0.00984	0	1	0	56938.3	209.873	49.1274
0.01008	0	0	0	56946.9	209.977	49.1101
0.01032	0	0	0	56955.5	210.082	49.0928
0.01056	0	0	0	56964.5	210.191	49.0747
0.0108	0	0	0	56973.5	210.3	49.0567
0.01104	0	1	0	56982.5	210.409	49.0387
0.01128	0	0	0	56991.8	210.522	49.0202
0.01152	0	2	0	57001.2	210.637	49.0013
0.01176	0	0	0	57010.6	210.752	48.9825
0.012	0	0	0	57020.1	210.866	48.9636
0.01224	0	0	0	57030	210.987	48.9439
0.01248	0	0	0	57039.9	211.108	48.9242
0.01272	0	3	0	57049.8	211.234	48.9093
0.01296	0	0	2	57059.9	211.364	48.8946
0.0132	0	0	0	57070.3	211.498	48.8795
0.01344	0	0	0	57080.8	211.632	48.8644
0.01368	0	1	1	57091.2	211.766	48.8494
0.01392	0	1	0	57102.1	211.905	48.8337
0.01416	0	0	0	57113	212.046	48.8178
0.0144	0	0	0	57124	212.187	48.8021
0.01464	0	0	0	57135.1	212.33	48.786
0.01488	0	3	0	57146.6	212.478	48.7695
0.01512	0	2	0	57158.1	212.626	48.7529
0.01536	0	1	0	57169.6	212.775	48.7363
0.0156	0	0	1	57181.6	212.929	48.7192
0.01584	0	0	0	57193.7	213.085	48.7018
0.01608	0	1	0	57205.9	213.241	48.6844
0.01632	0	1	1	57218.1	213.399	48.6669
0.01656	0	5	1	57230.9	213.564	48.6486
0.0168	0	1	0	57243.7	213.729	48.6303
0.01704	0	3	0	57256.5	213.894	48.6121
0.01728	0	0	1	57269.7	214.064	48.5933
0.01752	0	0	1	57283.2	214.238	48.5741
0.01776	0	5	2	57296.6	214.413	48.5549
0.018	0	4	1	57310.1	214.587	48.5357
0.01824	0	3	0	57324.4	214.771	48.5155
0.01848	0	4	0	57338.7	214.956	48.4953
0.01872	0	1	3	57352.9	215.14	48.4751
0.01896	0	8	1	57367.5	215.329	48.4545
0.0192	0	4	2	57382.6	215.524	48.4332
0.01944	0	3	1	57397.7	215.72	48.4119
0.01968	0	2	2	57412.8	215.915	48.3907
0.01992	0	4	3	57428.6	216.12	48.3684
0.02016	0	4	1	57444.6	216.327	48.346
0.0204	0	3	4	57460.5	216.534	48.3236
0.02064	0	3	0	57476.8	216.745	48.3009
0.02088	0	4	0	57493.7	216.964	48.2772
0.02112	0	6	0	57510.6	217.184	48.2536
0.02136	0	7	0	57527.5	217.404	48.23
0.0216	0	7	2	57545.1	217.633	48.2055
0.02184	0	6	0	57563	217.866	48.1805
0.02208	0	8	0	57581	218.099	48.1557
0.02232	0	9	4	57599.1	218.335	48.1306
0.02256	0	7	2	57618.1	218.583	48.1042
0.0228	0	6	3	57637.2	218.831	48.0779
0.02304	0	7	1	57656.2	219.08	48.0516
0.02328	0	8	1	57676	219.337	48.0244
0.02352	0	5	7	57696.3	219.602	47.9965
0.02376	0	19	2	57716.5	219.866	47.9687
0.024	0	13	3	57736.8	220.131	47.9409
0.02424	0	11	5	57758.4	220.413	47.9114
0.02448	0	13	3	57779.9	220.695	47.882
0.02472	0	16	4	57801.5	220.977	47.8526
0.02496	0	17	2	57823.7	221.267	47.8224
0.0252	0	14	4	57846.7	221.569	47.7912
0.02544	0	15	6	57869.7	221.87	47.76
0.02568	0	13	0	57892.7	222.171	47.7289
0.02592	0	17	4	57917	222.49	47.6961
0.02616	0	24	3	57941.5	222.812	47.663
0.0264	0	24	4	57966.1	223.135	47.63
0.02664	0	25	3	57991.1	223.463	47.5965
0.02688	0	27	4	58017.3	223.808	47.5614
0.02712	0	35	4	58043.5	224.153	47.5264
0.02736	0	30	5	58069.7	224.498	47.4915
0.0276	0	26	5	58097.3	224.862	47.4548
0.02784	0	33	4	58125.4	225.232	47.4176
0.02808	0	36	4	58153.5	225.603	47.3804
0.02832	0	27	8	58181.9	225.977	47.3429
0.02856	0	37	9	58212	226.375	47.3033
0.0288	0	44	5	58242.1	226.773	47.2637
0.02904	0	52	9	58272.2	227.172	47.2243
0.02928	0	51	3	58303.6	227.587	47.1833
0.02952	0	42	6	58335.9	228.015	47.1412
0.02976	0	54	9	58368.2	228.443	47.0992
0.03	0	69	5	58400.5	228.872	47.0574
0.03024	0	77	8	58435.3	229.333	47.0125
0.03048	0	65	9	58470	229.795	46.9677
0.03072	0	74	9	58504.8	230.257	46.9231
0.03096	0	80	12	58540.7	230.735	46.8771
0.0312	0	75	11	58578.2	231.235	46.8293
0.03144	0	71	5	58615.6	231.734	46.7816
0.03168	0	102	7	58653.1	232.234	46.7341
0.03192	0	88	7	58693.1	232.768	46.6836
0.03216	0	99	8	58733.5	233.307	46.6327
0.0324	0	119	11	58773.8	233.848	46.582
0.03264	0	131	8	58815.1	234.367	46.5109
0.03288	0	139	7	58858.7	234.913	46.435
0.03312	0	145	7	58902.3	235.459	46.3593
0.03336	0	160	6	58945.8	236.006	46.2838
0.0336	0	154	11	58991.9	236.583	46.204
0.03384	0	193	9	59038.9	237.173	46.1227
0.03408	0	207	11	59085.9	237.763	46.0416
0.03432	0	250	7	59133.5	238.36	45.9596
0.03456	0	227	6	59184.5	239	45.872
0.0348	0	229	10	59235.5	239.639	45.7846
0.03504	0	233	7	59286.5	240.279	45.6973
0.03528	0	279	6	59339.9	240.949	45.606
0.03552	0	282	12	59395.2	241.643	45.5117
0.03576	0	335	4	59450.6	242.337	45.4176
0.036	0	349	10	59505.9	243.031	45.3238
0.03624	0	355	7	59565.9	243.783	45.2222
0.03648	0	401	6	59625.9	244.535	45.1208
0.03672	0	445	10	59685.9	245.287	45.0197
0.03696	0	469	6	59748.1	246.067	44.9151
0.0372	0	485	11	59813.3	246.884	44.8058
0.03744	0	519	1	59878.5	247.7	44.6968
0.03768	0	586	4	59943.6	248.516	44.5881
0.03792	0	614	5	60013.6	249.392	44.4718
0.03816	0	656	1	60084.4	250.277	44.3544
0.0384	0	759	2	60155.1	251.162	44.2374
0.03864	0	770	8	60227.6	252.069	44.1178
0.03888	0	801	4	60304.4	253.029	43.9915
0.03912	0	924	5	60381.2	253.988	43.8655
0.03936	0	1115	3	60458	254.947	43.74
0.0396	0	999	7	60539.7	255.979	43.6173
0.03984	0	1139	2	60623.3	257.058	43.5113
0.04008	0	1156	13	60706.8	258.14	43.406
0.04032	0	1438	13	60791.5	259.239	43.3
0.04056	0	1322	3	60882.7	260.426	43.1865
0.0408	0	1439	4	60974	261.615	43.0739
0.04104	0	1604	8	61065.2	262.807	42.9621
0.04128	0	1683	8	61161.1	264.062	42.8455
0.04152	0	1915	5	61260.3	265.365	42.7257
0.04176	0	1918	8	61359.6	266.672	42.6068
0.042	0	2100	8	61458.8	267.981	42.4888
0.04224	0	2332	5	61566.6	269.407	42.3618
0.04248	0	2548	10	61674.4	270.836	42.2359
0.04272	0	2575	11	61782.2	272.269	42.111
0.04296	0	2937	12	61893.9	273.758	41.9827
0.0432	0	3063	9	62010.9	275.321	41.8497
0.04344	0	3211	8	62127.8	276.888	41.7178
0.04368	0	3578	5	62244.7	278.459	41.5873
0.04392	0	3945	7	62370	280.183	41.4155
0.04416	0	4016	5	62496.7	281.924	41.243
0.0444	0	4338	5	62623.4	283.662	41.0718
0.04464	0	4811	5	62753	285.439	40.8978
0.04488	0	4856	10	62889.9	287.313	40.7155
0.04512	0	5403	5	63026.9	289.184	40.5346
0.04536	0	6017	2	63163.9	291.052	40.3551
0.0456	0	6148	6	63308	293.013	40.1677
0.04584	0	6692	4	63455	295.009	39.9782
0.04608	0	7341	6	63602	297	39.7902
0.04632	0	7734	6	63750.5	299.005	39.6021
0.04656	0	8222	7	63907.6	301.122	39.4046
0.0468	0	8766	6	64064.8	303.159	39.227
0.04704	0	9729	2	64221.9	305.128	39.0665
0.04728	0	10273	4	64383.8	307.15	38.9032
0.04752	0	10993	5	64549.3	309.208	38.7385
0.04776	0	11907	2	64714.7	311.259	38.5759
0.048	0	12528	4	64880.1	313.302	38.4154
0.04824	0	13714	1	65053.2	315.43	38.2497
0.04848	0	14630	6	65226.2	317.549	38.0863
0.04872	0	15864	4	65399.3	319.658	37.925
0.04896	0	16831	4	65575	321.788	37.7636
0.0492	0	17698	0	65754.3	323.96	37.5983
0.04944	0	18864	5	65933.6	326.17	37.4229
0.04968	0	20213	5	66112.9	328.399	37.2456
0.04992	0	22027	2	66294.2	330.671	37.0645
0.05016	0	23404	4	66475.8	332.968	36.8813
0.0504	0	24646	8	66657.4	335.285	36.6963
0.05064	0	26778	8	66838.4	337.614	36.5101
0.05088	0	28279	4	67017.8	339.943	36.3239
0.05112	0	30159	3	67197.3	342.292	36.136
0.05136	0	32355	3	67376.7	344.662	35.9465
0.0516	0	34354	2	67549	347.051	35.7455
0.05184	0	36456	4	67718.5	349.48	35.5379
0.05208	0	39191	3	67887.9	351.919	35.3337
0.05232	0	41219	2	68055	354.334	35.1357
0.05256	0	44021	5	68208.2	356.557	34.957
0.0528	0	46541	4	68361.4	358.788	34.7811
0.05304	0	49216	2	68514.6	361.027	34.6078
0.05328	0	53047	3	68650.4	363.02	34.4564
0.05352	0	55863	0	68773.3	364.827	34.3212
0.05376	0	58695	4	68896.1	366.64	34.1878
0.054	0	62472	1	69018.9	368.458	34.0559
0.05424	0	65554	2	69105.3	369.739	33.9642
0.05448	0	69303	4	69191.7	371.017	33.8764
0.05472	0	73421	4	69278.1	372.231	33.8193
0.05496	0	75970	2	69345.2	373.171	33.775
0.0552	0	80896	3	69386.5	373.749	33.7476
0.05544	0	84637	6	69427.8	374.327	33.7203
0.05568	0	88976	4	69469.1	374.903	33.6929
0.05592	0	92578	4	69460.6	374.786	33.6985
0.05616	0	96615	3	69443.9	374.552	33.7096
0.0564	0	101507	2	69427.2	374.318	33.7207
0.05664	0	105052	4	69393.1	373.842	33.7433
0.05688	0	110401	4	69315.8	372.759	33.7944
0.05712	0	115073	3	69238.4	371.673	33.8456
0.05736	0	118765	5	69161.1	370.568	33.9055
0.0576	0	122404	1	69036.3	368.715	34.0375
0.05784	0	126748	0	68892.6	366.587	34.1916
0.05808	0	132393	4	68748.8	364.467	34.348
0.05832	0	134526	4	68597.7	362.245	34.5149
0.05856	0	138883	1	68402.2	359.384	34.7347
0.0588	0	143577	5	68206.7	356.535	34.9587
0.05904	0	146907	2	68011.2	353.7	35.1873
0.05928	0	149950	0	67787.5	350.473	35.4543
0.05952	0	152521	7	67542.7	346.961	35.7534
0.05976	0	155570	3	67297.9	343.618	36.03
0.06	0	158538	2	67053	340.402	36.2872
0.06024	0	161595	8	66776.4	336.814	36.5741
0.06048	0	164518	3	66499.8	333.272	36.857
0.06072	0	167606	4	66223.1	329.778	37.1357
0.06096	0	169185	3	65940	326.249	37.4166
0.0612	0	170865	3	65648.4	322.674	37.6969
0.06144	0	173779	3	65356.7	319.14	37.9645
0.06168	0	176172	2	65065	315.576	38.2384
0.06192	0	176680	1	64768.8	311.929	38.5232
0.06216	0	176155	2	64471.9	308.246	38.8153
0.0624	0	178524	2	64174.9	304.539	39.1143
0.06264	0	178618	5	63881.9	300.776	39.4368
0.06288	0	179836	5	63598.7	296.955	39.7944
0.06312	0	180605	2	63315.6	293.116	40.1579
0.06336	0	181994	2	63032.4	289.259	40.5273
0.0636	0	181188	2	62752.2	285.428	40.8989
0.06384	0	181899	7	62473.2	281.601	41.2749
0.06408	0	184010	4	62194.2	277.779	41.6436
0.06432	0	183959	3	61917.5	274.073	41.9557
0.06456	0	181706	2	61655.2	270.581	42.2582
0.0648	0	183703	2	61392.9	267.111	42.5671
0.06504	0	183780	13	61130.6	263.663	42.8824
0.06528	0	182811	8	60875.5	260.332	43.1955
0.06552	0	181806	7	60625.9	257.092	43.508
0.06576	0	182620	4	60376.3	253.926	43.8737
0.066	0	180791	6	60126.6	250.806	44.2845
0.06624	0	179899	4	59904.4	248.025	44.6535
0.06648	0	181755	7	59682.3	245.242	45.0258
0.06672	0	178140	88	59460.1	242.457	45.4014
0.06696	0	177975	186	59258	239.922	45.746
0.0672	0	175673	523	59082.6	237.721	46.0474
0.06744	0	176949	973	58907.1	235.521	46.3509
0.06768	0	174121	2099	58731.7	233.284	46.6349
0.06792	0	172036	2665	58594.4	231.451	46.8086
0.06816	0	172486	3348	58463.5	229.708	46.9761
0.0684	0	172936	4028	58332.6	227.971	47.1455
0.06864	0	173352	5587	58220.2	226.483	47.2925
0.06888	0	170757	8378	58154	225.61	47.3797
0.06912	0	172408	11134	58087.9	224.737	47.4673
0.06936	0	172107	14302	58021.7	223.866	47.5555
0.0696	0	172283	15830	58001.8	223.604	47.5822
0.06984	0	171935	19357	58000.3	223.584	47.5842
0.07008	0	175567	21734	57998.8	223.565	47.5862
0.07032	0	177676	25468	58008.3	223.69	47.5734
0.07056	0	177889	32089	58084.1	224.688	47.4723
0.0708	0	179288	33344	58159.9	225.688	47.3719
0.07104	0	182617	37751	58235.7	226.689	47.2721
0.07128	0	182016	44579	58352.8	228.239	47.1193
0.07152	0	186028	47171	58500.7	230.203	46.9283
0.07176	0	188803	48819	58648.6	232.174	46.7397
0.072	0	190600	57296	58796.6	234.134	46.5432
0.07224	0	194271	61210	59006.1	236.762	46.1794
0.07248	0	197905	64837	59215.6	239.39	45.8187
0.07272	0	203238	69755	59425.1	242.018	45.4609
0.07296	0	207299	76043	59657.7	244.934	45.0672
0.0732	0	212484	80847	59921.1	248.234	44.6258
0.07344	0	219946	84802	60184.5	251.529	44.1889
0.07368	0	224070	90154	60447.8	254.82	43.7566
0.07392	0	228990	99319	60753.9	258.751	43.347
0.07416	0	235874	102647	61067.1	262.831	42.9599
0.0744	0	243168	109737	61380.2	266.944	42.5822
0.07464	0	251101	116551	61708.4	271.287	42.1964
0.07488	0	258363	123159	62073.9	276.165	41.7784
0.07512	0	267982	130696	62439.5	281.138	41.3207
0.07536	0	277006	137168	62805	286.152	40.8283
0.0756	0	286846	143071	63173.5	291.182	40.3425
0.07584	0	296204	150326	63543	296.201	39.8655
0.07608	0	309175	155254	63912.6	301.188	39.3984
0.07632	0	322974	163757	64272.3	305.758	39.0155
0.07656	0	337300	172074	64573.3	309.507	38.7148
0.0768	0	350955	177476	64874.2	313.23	38.4211
0.07704	0	368675	185533	65175.2	316.925	38.1342
0.07728	0	387692	198206	65336.8	318.898	37.983
0.07752	0	407076	205437	65394	319.593	37.9299
0.07776	0	432289	211510	65451.2	320.288	37.8771
0.078	0	455465	222212	65508.4	320.981	37.8246
0.07824	0	484397	240860	65042	315.294	38.2603
0.07848	0	517212	245848	64575.7	309.537	38.7124
0.07872	0	551571	257211	64109.4	303.718	39.1813
0.07896	0	591892	274265	63271.8	292.52	40.2146
0.0792	0	627176	284517	61939.2	274.362	41.9311
0.07944	0	665499	289755	60606.6	256.843	43.5324
0.07968	0	712185	301016	59274	240.122	45.7187
0.07992	0	761242	320536	57181.9	212.932	48.7188
0.08016	0	789812	323319	54963.2	186.992	53.4251
0.0804	0	815546	330707	52744.5	162.04	57.7321
0.08064	0	840846	349341	50461.9	137.232	63.7405
0.08088	0	860579	366951	48019.6	112.346	71.6932
0.08112	0	853703	365657	45577.4	93.4076	89.2325
0.08136	0	848947	382926	43135.1	71.8287	95.3561
0.0816	0	858219	426466	41175	53.401	100.693
0.08184	0	850965	444399	39407.8	43.0401	116.345
0.08208	0	853201	475262	37640.7	34.7305	139.129
0.08232	0	863207	536650	36040.5	25.9173	158.613
0.08256	0	876378	605360	35442.3	22.2132	162.321
0.0828	0	873240	608820	34844.2	18.9387	166.251
0.08304	0	882473	652319	34246	16.2766	172.141
0.08328	0	900901	732965	34221.4	16.1875	172.505
0.08352	0	905585	757816	34626.8	17.8493	167.736
0.08376	1	909355	757068	35032.3	19.9243	164.99
0.084	1	929697	808583	35437.8	22.1869	162.35
0.08424	0	956458	907340	36340.4	27.7897	156.128
0.08448	0	951490	835548	37243.1	32.6897	144.574
0.08472	0	964128	848585	38145.7	37.1397	132.072
0.08496	1	982825	931373	39047.9	41.347	120.547
0.0852	1	988842	951568	39949.5	45.7479	110.512
0.08544	0	990282	875168	40851	51.1804	102.865
0.08568	0	1.01071e+06	904551	41752.6	58.1561	98.0678
0.08592	0	1.04042e+06	1.04909e+06	42321	63.5264	96.5561
0.08616	0	1.02781e+06	885362	42834	68.6729	95.6702
0.0864	0	1.03309e+06	858807	43347	73.653	95.2376
0.08664	2	1.06785e+06	960598	43725.9	76.792	94.9029
0.08688	3	1.08564e+06	1.02102e+06	43769.8	77.155	94.8524
0.08712	1	1.07423e+06	842970	43813.7	77.5177	94.7995
0.08736	1	1.08689e+06	887988	43857.7	77.8801	94.7442
0.0876	2	1.11301e+06	1.08083e+06	43650.3	76.1667	94.9841
0.08784	1	1.10144e+06	930097	43342.4	73.6155	95.2405
0.08808	10	1.10455e+06	857708	43034.6	70.7638	95.4442
0.08832	5	1.13323e+06	977036	42682.5	67.1225	95.8856
0.08856	12	1.16608e+06	1.13059e+06	42064.9	61.064	97.1669
0.0888	13	1.16841e+06	891567	41447.4	55.4148	99.1175
0.08904	12	1.20308e+06	929627	40829.8	51.0405	103.017
0.08928	15	1.25879e+06	1.15584e+06	40169.9	46.9824	108.41
0.08952	27	1.26244e+06	1.09662e+06	39478.2	43.3711	115.549
0.08976	20	1.26808e+06	964276	38786.5	40.1205	123.736
0.09	31	1.2959e+06	1.09903e+06	38094.7	36.9044	132.769
0.09024	17	1.34908e+06	1.37788e+06	37869.7	35.854	135.916
0.09048	34	1.31402e+06	1.07382e+06	37644.6	34.7501	139.074
0.09072	52	1.31894e+06	1.11636e+06	37419.5	33.608	142.18
0.09096	41	1.35558e+06	1.36537e+06	37485.8	33.9479	141.272
0.0912	60	1.35099e+06	1.37214e+06	37940.5	36.1925	134.912
0.09144	67	1.3334e+06	1.19025e+06	38395.2	38.2951	128.735
0.09168	65	1.3381e+06	1.28282e+06	38849.9	40.4178	122.951
0.09192	78	1.38197e+06	1.52129e+06	39493.5	43.4435	115.376
0.09216	92	1.3543e+06	1.29531e+06	40168.7	46.9753	108.421
0.0924	96	1.35474e+06	1.23201e+06	40843.8	51.1327	102.917
0.09264	90	1.37984e+06	1.35878e+06	41431.4	55.2738	99.1772
0.09288	137	1.40751e+06	1.50482e+06	41800.1	58.5919	97.9195
0.09312	126	1.38968e+06	1.22209e+06	42168.8	62.0543	96.9054
0.09336	153	1.40266e+06	1.25152e+06	42537.5	65.6632	96.1278
0.0936	161	1.44834e+06	1.53572e+06	42641.8	66.7108	95.95
0.09384	167	1.4357e+06	1.33838e+06	42640.3	66.6958	95.9524
0.09408	217	1.44069e+06	1.21624e+06	42638.8	66.6808	95.9548
0.09432	223	1.46516e+06	1.35978e+06	42624.9	66.5405	95.9775
0.09456	267	1.51119e+06	1.64336e+06	42536.6	65.6538	96.1295
0.0948	277	1.48783e+06	1.27233e+06	42448.2	64.7757	96.2948
0.09504	283	1.49886e+06	1.30792e+06	42359.9	63.906	96.4734
0.09528	315	1.5458e+06	1.63441e+06	42327.3	63.5879	96.5425
0.09552	373	1.54624e+06	1.53559e+06	42336.7	63.6792	96.5224
0.09576	417	1.54698e+06	1.33444e+06	42346	63.7705	96.5025
0.096	405	1.56977e+06	1.49387e+06	42355.4	63.8619	96.4828
0.09624	468	1.63684e+06	1.77181e+06	42402.1	64.3208	96.3863
0.09648	509	1.60746e+06	1.46972e+06	42448.9	64.7821	96.2935
0.09672	514	1.62588e+06	1.44309e+06	42495.6	65.2458	96.2044
0.09696	597	1.67532e+06	1.69328e+06	42537.5	65.663	96.1279
0.0972	599	1.69204e+06	1.72415e+06	42572.8	66.0167	96.0655
0.09744	643	1.6908e+06	1.52319e+06	42608.2	66.3717	96.0053
0.09768	720	1.71374e+06	1.61236e+06	42643.5	66.7281	95.9472
0.09792	779	1.78307e+06	1.91145e+06	42663.1	66.9265	95.9159
0.09816	788	1.75728e+06	1.63586e+06	42680.1	67.0988	95.8892
0.0984	893	1.77552e+06	1.59848e+06	42697.1	67.2713	95.8631
0.09864	995	1.82683e+06	1.76506e+06	42734.4	67.6514	95.8074
0.09888	1011	1.85784e+06	2.0039e+06	42822.6	68.5551	95.6851
0.09912	1050	1.84485e+06	1.64048e+06	42910.7	69.4673	95.5758
0.09936	1195	1.88556e+06	1.74541e+06	42998.8	70.3881	95.4795
0.0996	1270	1.96453e+06	2.18316e+06	43102.8	71.4855	95.3825
0.09984	1269	1.95474e+06	1.90479e+06	43213.1	72.5427	95.3124
0.10008	1460	1.96867e+06	1.72781e+06	43323.4	73.4579	95.2524
0.10032	1468	2.02977e+06	2.00538e+06	43411.2	74.1857	95.1936
0.10056	1579	2.11108e+06	2.23794e+06	43363.5	73.7907	95.2267
0.1008	1645	2.0833e+06	1.91838e+06	43315.9	73.3956	95.2569
0.10104	1768	2.11568e+06	1.95916e+06	43268.3	73.0004	95.2843
0.10128	1942	2.21114e+06	2.24411e+06	43072.8	71.1673	95.4087
0.10152	2001	2.21827e+06	2.22713e+06	42766.4	67.9778	95.7616
0.10176	2071	2.22548e+06	1.99749e+06	42459.9	64.8917	96.2721
0.102	2104	2.29921e+06	2.13102e+06	42153.5	61.9079	96.9427
0.10224	2253	2.4268e+06	2.78457e+06	41382.2	54.9038	99.4506
0.10248	2375	2.37978e+06	2.07687e+06	40610.9	49.6311	104.663
0.10272	2351	2.43973e+06	2.05506e+06	39839.6	45.1539	111.62
0.10296	2450	2.56418e+06	2.51093e+06	39107.3	41.6261	119.839
0.1032	2480	2.5887e+06	2.53575e+06	38426.9	38.4426	128.319
0.10344	2477	2.57732e+06	2.28298e+06	37746.6	35.2555	137.649
0.10368	2445	2.6178e+06	2.55843e+06	37066.2	31.7523	146.933
0.10392	2504	2.74866e+06	3.04267e+06	36859.3	30.6376	149.639
0.10416	2540	2.72212e+06	2.64089e+06	36731.2	29.9403	151.282
0.1044	2590	2.76089e+06	2.4782e+06	36603.1	29.2384	152.899
0.10464	2463	2.87221e+06	2.89108e+06	36480.5	28.5637	154.42
0.10488	2438	2.95013e+06	3.3727e+06	36371.9	27.9634	155.748
0.10512	2439	2.91707e+06	2.66269e+06	36263.2	27.362	157.055
0.10536	2362	2.97356e+06	2.8009e+06	36154.5	26.6745	157.93
0.1056	2428	3.09891e+06	3.17368e+06	36222.4	27.1335	157.527
0.10584	2345	3.04723e+06	2.95178e+06	36360.9	27.903	155.88
0.10608	2295	3.04387e+06	2.81815e+06	36499.5	28.6682	154.187
0.10632	2284	3.12283e+06	3.11842e+06	36685	29.6876	151.868
0.10656	2364	3.23916e+06	4.01834e+06	37152.1	32.2093	145.793
0.1068	2316	3.17033e+06	2.99893e+06	37619.2	34.6231	139.427
0.10704	2306	3.18661e+06	3.06975e+06	38086.3	36.8657	132.884
0.10728	2370	3.29384e+06	3.47974e+06	38389.5	38.2687	128.81
0.10752	2351	3.24336e+06	3.31966e+06	38569.8	39.108	126.47
0.10776	2268	3.18908e+06	2.88172e+06	38750.1	39.9503	124.189
0.108	2318	3.22464e+06	3.10736e+06	38930.4	40.7951	121.966
0.10824	2382	3.39017e+06	4.08706e+06	38634.2	39.4084	125.649
0.10848	2400	3.25804e+06	3.03068e+06	38338	38.0294	129.49
0.10872	2282	3.26906e+06	3.04062e+06	38041.8	36.6607	133.497
0.10896	2346	3.35068e+06	3.3112e+06	37720.6	35.1277	138.013
0.1092	2348	3.32702e+06	3.5602e+06	37366.2	33.3321	142.908
0.10944	2241	3.23853e+06	2.96234e+06	37011.7	31.4601	147.653
0.10968	2286	3.26118e+06	3.27986e+06	36657.2	29.5352	152.219
0.10992	2271	3.39495e+06	3.78592e+06	36504.2	28.6942	154.128
0.11016	2298	3.25805e+06	3.20549e+06	36384.9	28.0353	155.59
0.1104	2226	3.23338e+06	3.00519e+06	36265.5	27.3749	157.027
0.11064	2196	3.30131e+06	3.2215e+06	36147.1	26.6248	157.974
0.11088	2108	3.32473e+06	4.00225e+06	36031	25.8552	158.67
0.11112	2046	3.183e+06	3.04204e+06	35915	25.1029	159.373
0.11136	1951	3.16203e+06	3.08561e+06	35798.9	24.3676	160.085
0.1116	1955	3.26482e+06	3.40745e+06	35731.9	23.9508	160.499
0.11184	1956	3.12802e+06	3.17684e+06	35684.5	23.6593	160.794
0.11208	2005	3.03349e+06	2.83857e+06	35637.1	23.3706	161.09
0.11232	1782	3.04478e+06	3.09319e+06	35577.9	23.0138	161.462
0.11256	1813	3.10456e+06	3.81598e+06	35447.7	22.2446	162.287
0.1128	1823	2.93164e+06	2.85779e+06	35317.5	21.4957	163.122
0.11304	1724	2.91336e+06	2.82529e+06	35187.4	20.7669	163.968
0.11328	1723	2.97578e+06	3.09922e+06	34979.8	19.6452	165.34
0.11352	1639	2.85961e+06	2.98558e+06	34714.2	18.2808	167.136
0.11376	1628	2.73118e+06	2.65467e+06	34448.5	17.0301	169.254
0.114	1596	2.72383e+06	2.7583e+06	34182.8	16.0494	173.081
0.11424	1530	2.81607e+06	3.28041e+06	34141.1	15.9013	173.713
0.11448	1406	2.62609e+06	2.6812e+06	34099.4	15.7548	174.353
0.11472	1382	2.56544e+06	2.56271e+06	34057.6	15.6098	175.002
0.11496	1356	2.59936e+06	2.87962e+06	34061	15.6216	174.948
0.1152	1316	2.54696e+06	2.94824e+06	34124.6	15.8432	173.965
0.11544	1257	2.43614e+06	2.4886e+06	34188.2	16.0685	173
0.11568	1162	2.44667e+06	2.53412e+06	34251.8	16.2975	172.056
0.11592	1187	2.5335e+06	2.98714e+06	34228.5	16.2133	172.399
0.11616	1107	2.38295e+06	2.54646e+06	34190.8	16.0778	172.962
0.1164	1042	2.34549e+06	2.31069e+06	34153.1	15.9436	173.531
0.11664	1072	2.40885e+06	2.6336e+06	34156.1	15.9542	173.485
0.11688	1054	2.37696e+06	2.92649e+06	34260.9	16.3305	171.922
0.11712	971	2.15806e+06	2.33752e+06	34365.7	16.7171	170.412
0.11736	955	2.07878e+06	2.32192e+06	34470.5	17.1142	168.952
0.1176	913	2.10419e+06	2.79995e+06	34330.1	16.5846	170.919
0.11784	890	1.91253e+06	2.29649e+06	34091.6	15.7275	174.474
0.11808	833	1.82803e+06	1.96819e+06	33853	14.921	178.308
0.11832	812	1.90013e+06	2.14493e+06	33824.1	14.8264	178.793
0.11856	763	2.0445e+06	2.65538e+06	35052.7	20.0335	164.855
0.1188	829	2.22181e+06	2.16708e+06	36281.3	27.4623	156.838
0.11904	802	2.48804e+06	2.47145e+06	37509.9	34.0706	140.94
0.11928	752	2.71258e+06	3.12308e+06	44673.7	84.5422	93.2838
0.11952	768	2.79945e+06	3.25667e+06	56289.1	202.116	50.4782
0.11976	0	2.72516e+06	1.91446e+06	67904.4	352.157	35.314
