0	0	0	0	56000.1	198.738	51.1097
0.00024	0	0	0	56000.1	198.738	51.1097
0.00048	0	0	0	56000.1	198.738	51.1097
0.00072	0	0	0	56000.1	198.738	51.1097
0.00096	0	0	0	56000.1	198.738	51.1097
0.0012	0	0	0	56000.2	198.738	51.1097
0.00144	0	0	0	56000.2	198.738	51.1097
0.00168	0	0	0	56000.2	198.738	51.1097
0.00192	0	0	0	56000.2	198.738	51.1097
0.00216	0	0	0	56000.2	198.738	51.1097
0.0024	0	0	0	56000.2	198.738	51.1097
0.00264	0	0	0	56000.2	198.738	51.1096
0.00288	0	0	0	56000.2	198.738	51.1096
0.00312	0	0	0	56000.2	198.739	51.1096
0.00336	0	0	0	56000.2	198.739	51.1096
0.0036	0	0	0	56000.2	198.739	51.1096
0.00384	0	0	0	56000.2	198.739	51.1096
0.00408	0	0	0	56000.2	198.739	51.1096
0.00432	0	0	0	56000.2	198.739	51.1096
0.00456	0	0	0	56000.2	198.739	51.1096
0.0048	0	0	0	56000.2	198.739	51.1095
0.00504	0	0	0	56000.2	198.739	51.1095
0.00528	0	0	0	56000.2	198.739	51.1095
0.00552	0	0	0	56000.2	198.739	51.1095
0.00576	0	0	0	56000.3	198.739	51.1095
0.006	0	0	0	56000.3	198.739	51.1095
0.00624	0	0	0	56000.3	198.74	51.1094
0.00648	0	0	0	56000.3	198.74	51.1094
0.00672	0	0	0	56000.3	198.74	51.1094
0.00696	0	0	0	56000.3	198.74	51.1094
0.0072	0	0	0	56000.3	198.74	51.1093
0.00744	0	0	0	56000.3	198.74	51.1093
0.00768	0	0	0	56000.3	198.74	51.1093
0.00792	0	0	0	56000.3	198.74	51.1093
0.00816	0	0	0	56000.4	198.741	51.1092
0.0084	0	0	0	56000.4	198.741	51.1092
0.00864	0	0	0	56000.4	198.741	51.1092
0.00888	0	0	0	56000.4	198.741	51.1091
0.00912	0	0	0	56000.4	198.741	51.1091
0.00936	0	0	0	56000.4	198.741	51.1091
0.0096	0	0	0	56000.4	198.742	51.109
0.00984	0	1	0	56000.5	198.742	51.109
0.01008	0	0	0	56000.5	198.742	51.109
0.01032	0	0	0	56000.5	198.742	51.1089
0.01056	0	0	0	56000.5	198.742	51.1089
0.0108	0	0	0	56000.5	198.742	51.1089
0.01104	0	1	0	56000.5	198.742	51.1089
0.01128	0	0	0	56000.5	198.743	51.1089
0.01152	0	2	0	56000.5	198.743	51.1088
0.01176	0	0	0	56000.6	198.743	51.1088
0.012	0	0	0	56000.6	198.743	51.1088
0.01224	0	0	0	56000.6	198.743	51.1087
0.01248	0	0	0	56000.6	198.743	51.1087
0.01272	0	3	0	56000.6	198.744	51.1086
0.01296	0	0	2	56000.7	198.744	51.1086
0.0132	0	0	0	56000.7	198.745	51.1085
0.01344	0	0	0	56000.7	198.745	51.1084
0.01368	0	1	1	56000.8	198.745	51.1083
0.01392	0	1	0	56000.8	198.746	51.1082
0.01416	0	0	0	56000.8	198.746	51.1082
0.0144	0	0	0	56000.9	198.747	51.1081
0.01464	0	0	0	56000.9	198.747	51.108
0.01488	0	3	0	56000.9	198.747	51.1079
0.01512	0	2	0	56001	198.748	51.1079
0.01536	0	1	0	56001	198.748	51.1078
0.0156	0	0	1	56001.1	198.749	51.1077
0.01584	0	0	0	56001.1	198.749	51.1076
0.01608	0	1	0	56001.1	198.75	51.1075
0.01632	0	1	1	56001.2	198.75	51.1074
0.01656	0	5	1	56001.2	198.751	51.1073
0.0168	0	1	0	56001.3	198.751	51.1072
0.01704	0	3	0	56001.3	198.752	51.1071
0.01728	0	0	1	56001.4	198.752	51.107
0.01752	0	0	1	56001.4	198.753	51.1069
0.01776	0	5	2	56001.5	198.753	51.1068
0.018	0	4	1	56001.5	198.754	51.1067
0.01824	0	3	0	56001.5	198.754	51.1066
0.01848	0	4	0	56001.6	198.755	51.1065
0.01872	0	1	3	56001.6	198.755	51.1064
0.01896	0	8	1	56001.7	198.756	51.1062
0.0192	0	4	2	56001.8	198.757	51.106
0.01944	0	3	1	56001.9	198.758	51.1058
0.01968	0	2	2	56002	198.759	51.1056
0.01992	0	4	3	56002.1	198.761	51.1054
0.02016	0	4	1	56002.2	198.762	51.1051
0.0204	0	3	4	56002.4	198.764	51.1048
0.02064	0	3	0	56002.5	198.765	51.1045
0.02088	0	4	0	56002.6	198.766	51.1043
0.02112	0	6	0	56002.7	198.767	51.1041
0.02136	0	7	0	56002.7	198.768	51.1039
0.0216	0	7	2	56002.8	198.769	51.1037
0.02184	0	6	0	56002.9	198.77	51.1035
0.02208	0	8	0	56003	198.771	51.1033
0.02232	0	9	4	56003.1	198.773	51.1031
0.02256	0	7	2	56003.3	198.774	51.1028
0.0228	0	6	3	56003.4	198.776	51.1024
0.02304	0	7	1	56003.6	198.778	51.102
0.02328	0	8	1	56003.8	198.78	51.1017
0.02352	0	5	7	56004	198.782	51.1012
0.02376	0	19	2	56004.1	198.785	51.1008
0.024	0	13	3	56004.3	198.787	51.1004
0.02424	0	11	5	56004.5	198.789	51.1
0.02448	0	13	3	56004.7	198.791	51.0996
0.02472	0	16	4	56004.9	198.793	51.0992
0.02496	0	17	2	56005.1	198.795	51.0988
0.0252	0	14	4	56005.2	198.797	51.0984
0.02544	0	15	6	56005.4	198.799	51.098
0.02568	0	13	0	56005.6	198.802	51.0976
0.02592	0	17	4	56005.7	198.803	51.0973
0.02616	0	24	3	56005.9	198.804	51.097
0.0264	0	24	4	56006	198.806	51.0968
0.02664	0	25	3	56006.1	198.807	51.0966
0.02688	0	27	4	56006.1	198.807	51.0965
0.02712	0	35	4	56006.2	198.808	51.0964
0.02736	0	30	5	56006.2	198.808	51.0963
0.0276	0	26	5	56006.3	198.809	51.0962
0.02784	0	33	4	56006.3	198.81	51.0961
0.02808	0	36	4	56006.4	198.81	51.0959
0.02832	0	27	8	56006.4	198.81	51.0959
0.02856	0	37	9	56006.3	198.809	51.0962
0.0288	0	44	5	56006.1	198.808	51.0964
0.02904	0	52	9	56006	198.806	51.0967
0.02928	0	51	3	56005.6	198.802	51.0976
0.02952	0	42	6	56005	198.795	51.0989
0.02976	0	54	9	56004.4	198.788	51.1002
0.03	0	69	5	56003.8	198.781	51.1015
0.03024	0	77	8	56002.8	198.769	51.1038
0.03048	0	65	9	56001.7	198.757	51.1062
0.03072	4	74	9	56000.7	198.745	51.1085
0.03096	1	80	12	55999.5	198.731	51.1111
0.0312	2	75	10	55998.1	198.714	51.1143
0.03144	3	70	4	55996.7	198.698	51.1174
0.03168	5	101	7	55995.2	198.681	51.1206
0.03192	15	87	7	55993.5	198.661	51.1244
0.03216	17	97	7	55991.7	198.641	51.1284
0.0324	23	107	9	55990	198.62	51.1323
0.03264	38	124	6	55988.2	198.599	51.1363
0.03288	51	130	6	55986.3	198.578	51.1404
0.03312	54	133	5	55984.5	198.556	51.1445
0.03336	51	142	4	55982.6	198.535	51.1486
0.0336	65	121	10	55981	198.516	51.1522
0.03384	94	158	6	55979.5	198.499	51.1555
0.03408	84	148	6	55978	198.481	51.1589
0.03432	113	186	4	55976.6	198.465	51.1619
0.03456	115	148	5	55975.9	198.457	51.1635
0.0348	143	145	8	55975.2	198.449	51.1651
0.03504	137	159	4	55974.5	198.44	51.1667
0.03528	152	157	3	55974.2	198.437	51.1674
0.03552	155	143	8	55974.2	198.437	51.1673
0.03576	155	167	2	55974.2	198.437	51.1673
0.036	148	134	4	55974.3	198.438	51.1672
0.03624	168	165	2	55975	198.446	51.1655
0.03648	160	161	4	55975.8	198.455	51.1639
0.03672	183	153	9	55976.5	198.464	51.1622
0.03696	219	137	3	55977.7	198.477	51.1596
0.0372	215	151	3	55979.3	198.497	51.1559
0.03744	212	141	1	55981	198.516	51.1522
0.03768	200	137	1	55982.7	198.535	51.1485
0.03792	228	147	3	55984.9	198.562	51.1435
0.03816	218	149	1	55987.3	198.589	51.1383
0.0384	223	115	1	55989.6	198.616	51.133
0.03864	218	110	4	55991.9	198.642	51.128
0.03888	210	81	2	55993.9	198.666	51.1235
0.03912	179	90	3	55996	198.689	51.119
0.03936	164	91	1	55998	198.713	51.1145
0.0396	143	86	5	55999.5	198.73	51.1112
0.03984	137	79	1	56000.8	198.745	51.1084
0.04008	132	67	3	56002	198.76	51.1055
0.04032	127	65	6	56003.3	198.775	51.1027
0.04056	127	74	0	56004.4	198.788	51.1002
0.0408	131	51	0	56005.5	198.801	51.0977
0.04104	115	54	2	56006.7	198.814	51.0952
0.04128	117	33	6	56007.7	198.826	51.093
0.04152	107	36	3	56008.7	198.837	51.0908
0.04176	87	28	2	56009.6	198.848	51.0887
0.042	84	33	0	56010.6	198.859	51.0866
0.04224	73	18	3	56010.9	198.863	51.0859
0.04248	58	24	1	56011.1	198.866	51.0853
0.04272	53	18	2	56011.4	198.869	51.0847
0.04296	41	14	1	56011.4	198.869	51.0847
0.0432	33	13	1	56011.1	198.865	51.0855
0.04344	24	12	0	56010.7	198.861	51.0863
0.04368	15	5	1	56010.4	198.857	51.0871
0.04392	12	6	2	56009.8	198.851	51.0882
0.04416	18	4	1	56009.3	198.844	51.0895
0.0444	10	2	0	56008.7	198.838	51.0907
0.04464	10	4	0	56008.2	198.832	51.0919
0.04488	8	3	0	56007.7	198.826	51.0929
0.04512	7	0	0	56007.2	198.821	51.094
0.04536	2	2	0	56006.8	198.815	51.095
0.0456	10	1	2	56006.4	198.81	51.0959
0.04584	4	1	0	56006	198.806	51.0968
0.04608	5	0	0	56005.6	198.801	51.0976
0.04632	1	2	0	56005.2	198.797	51.0985
0.04656	2	0	0	56004.9	198.793	51.0992
0.0468	0	0	0	56004.5	198.789	51.0999
0.04704	0	0	0	56004.2	198.785	51.1007
0.04728	0	0	0	56003.9	198.782	51.1013
0.04752	0	0	0	56003.7	198.779	51.1019
0.04776	0	0	0	56003.4	198.776	51.1025
0.048	0	0	0	56003.1	198.773	51.1031
0.04824	0	0	0	56002.9	198.77	51.1035
0.04848	0	0	0	56002.7	198.768	51.104
0.04872	0	0	0	56002.5	198.766	51.1044
0.04896	0	0	0	56002.4	198.764	51.1048
0.0492	0	0	0	56002.2	198.762	51.1051
0.04944	0	0	0	56002.1	198.761	51.1054
0.04968	0	0	0	56002	198.759	51.1057
0.04992	0	0	0	56001.9	198.758	51.1059
0.05016	0	0	0	56001.8	198.757	51.1061
0.0504	0	0	0	56001.7	198.756	51.1063
0.05064	0	0	0	56001.6	198.755	51.1065
0.05088	0	0	0	56001.5	198.754	51.1067
0.05112	0	0	0	56001.4	198.753	51.1069
0.05136	0	0	0	56001.4	198.752	51.107
0.0516	0	0	0	56001.3	198.751	51.1071
0.05184	0	0	0	56001.2	198.751	51.1073
0.05208	0	0	0	56001.2	198.75	51.1074
0.05232	0	0	0	56001.1	198.75	51.1075
0.05256	0	0	0	56001.1	198.749	51.1076
0.0528	0	0	0	56001.1	198.749	51.1077
0.05304	0	0	0	56001	198.748	51.1078
0.05328	0	0	0	56001	198.748	51.1079
0.05352	0	0	0	56000.9	198.747	51.108
0.05376	0	0	0	56000.9	198.747	51.108
0.054	0	0	0	56000.9	198.746	51.1081
0.05424	0	0	0	56000.8	198.746	51.1082
0.05448	0	0	0	56000.8	198.746	51.1082
0.05472	0	0	0	56000.8	198.746	51.1083
0.05496	0	0	0	56000.8	198.745	51.1083
0.0552	0	0	0	56000.7	198.745	51.1084
0.05544	0	0	0	56000.7	198.745	51.1084
0.05568	0	0	0	56000.7	198.745	51.1085
0.05592	0	0	0	56000.7	198.744	51.1085
0.05616	0	0	0	56000.7	198.744	51.1085
0.0564	0	0	0	56000.7	198.744	51.1086
0.05664	0	0	0	56000.6	198.744	51.1086
0.05688	0	0	0	56000.6	198.744	51.1086
0.05712	0	0	0	56000.6	198.743	51.1087
0.05736	0	0	0	56000.6	198.743	51.1087
0.0576	0	0	0	56000.6	198.743	51.1087
0.05784	0	0	0	56000.6	198.743	51.1088
0.05808	0	0	0	56000.6	198.743	51.1088
0.05832	0	0	0	56000.6	198.743	51.1088
0.05856	0	0	0	56000.6	198.743	51.1088
0.0588	0	0	0	56000.5	198.743	51.1088
0.05904	0	0	0	56000.5	198.743	51.1088
0.05928	0	0	0	56000.5	198.743	51.1089
0.05952	0	0	0	56000.5	198.742	51.1089
0.05976	0	0	0	56000.5	198.742	51.1089
0.06	0	0	0	56000.5	198.742	51.1089
0.06024	0	0	0	56000.5	198.742	51.1089
0.06048	0	0	0	56000.5	198.742	51.1089
0.06072	0	0	0	56000.5	198.742	51.1089
0.06096	0	0	0	56000.5	198.742	51.1089
0.0612	0	0	0	56000.5	198.742	51.1089
0.06144	0	0	0	56000.5	198.742	51.1089
0.06168	0	0	0	56000.5	198.742	51.1089
0.06192	0	0	0	56000.5	198.742	51.1089
0.06216	0	0	0	56000.5	198.742	51.1089
0.0624	0	0	0	56000.5	198.742	51.1089
0.06264	0	0	0	56000.5	198.742	51.1089
0.06288	0	0	0	56000.5	198.742	51.1089
0.06312	0	0	0	56000.5	198.742	51.1089
0.06336	0	0	0	56000.5	198.742	51.1089
0.0636	0	0	0	56000.5	198.742	51.1089
0.06384	0	0	0	56000.5	198.742	51.1089
0.06408	0	0	0	56000.5	198.743	51.1089
0.06432	0	0	0	56000.5	198.743	51.1088
0.06456	0	0	0	56000.5	198.743	51.1088
0.0648	0	0	0	56000.6	198.743	51.1088
0.06504	0	0	0	56000.6	198.743	51.1088
0.06528	0	0	0	56000.6	198.743	51.1088
0.06552	0	0	0	56000.6	198.743	51.1087
0.06576	0	0	0	56000.6	198.743	51.1087
0.066	0	0	0	56000.6	198.743	51.1087
0.06624	0	0	0	56000.6	198.744	51.1086
0.06648	0	0	0	56000.6	198.744	51.1086
0.06672	0	0	0	56000.7	198.744	51.1086
0.06696	0	0	0	56000.7	198.744	51.1085
0.0672	0	0	0	56000.7	198.745	51.1085
0.06744	0	0	0	56000.7	198.745	51.1084
0.06768	0	0	0	56000.7	198.745	51.1084
0.06792	0	0	0	56000.8	198.745	51.1083
0.06816	0	0	0	56000.8	198.746	51.1083
0.0684	0	0	0	56000.8	198.746	51.1082
0.06864	0	0	0	56000.8	198.746	51.1082
0.06888	0	0	0	56000.9	198.746	51.1081
0.06912	0	0	0	56000.9	198.747	51.1081
0.06936	0	3	0	56000.9	198.747	51.108
0.0696	0	0	0	56000.9	198.747	51.108
0.06984	0	0	0	56001	198.748	51.1079
0.07008	0	0	0	56001	198.748	51.1078
0.07032	0	0	0	56001	198.748	51.1077
0.07056	0	0	0	56001.1	198.749	51.1076
0.0708	0	0	0	56001.2	198.75	51.1074
0.07104	0	0	0	56001.2	198.751	51.1073
0.07128	0	0	0	56001.3	198.751	51.1072
0.07152	0	0	0	56001.4	198.752	51.107
0.07176	0	0	0	56001.4	198.753	51.1069
0.072	0	1	0	56001.5	198.754	51.1067
0.07224	0	1	0	56001.5	198.754	51.1066
0.07248	0	1	0	56001.6	198.755	51.1065
0.07272	0	2	1	56001.6	198.756	51.1064
0.07296	0	3	0	56001.7	198.756	51.1063
0.0732	0	1	0	56001.7	198.757	51.1062
0.07344	0	2	0	56001.8	198.757	51.1061
0.07368	0	4	0	56001.8	198.758	51.106
0.07392	0	2	0	56001.9	198.759	51.1058
0.07416	0	4	0	56002	198.76	51.1056
0.0744	0	0	1	56002.1	198.761	51.1054
0.07464	0	1	0	56002.2	198.762	51.1052
0.07488	0	2	1	56002.3	198.763	51.1049
0.07512	0	4	1	56002.4	198.765	51.1046
0.07536	0	1	0	56002.6	198.766	51.1044
0.0756	0	3	1	56002.7	198.767	51.1041
0.07584	0	4	0	56002.8	198.769	51.1039
0.07608	0	7	2	56002.9	198.77	51.1036
0.07632	0	10	0	56003	198.771	51.1034
0.07656	0	1	0	56003.1	198.772	51.1032
0.0768	0	7	1	56003.2	198.774	51.1029
0.07704	0	4	1	56003.3	198.775	51.1027
0.07728	0	3	1	56003.4	198.776	51.1025
0.07752	0	7	0	56003.5	198.777	51.1022
0.07776	0	14	1	56003.6	198.778	51.102
0.078	0	6	1	56003.7	198.779	51.1018
0.07824	0	10	3	56003.8	198.781	51.1016
0.07848	0	17	1	56003.9	198.782	51.1014
0.07872	0	13	2	56004	198.783	51.1012
0.07896	0	14	2	56004.1	198.784	51.1009
0.0792	0	10	3	56004.3	198.787	51.1004
0.07944	0	14	3	56004.5	198.789	51.1
0.07968	0	13	6	56004.8	198.792	51.0995
0.07992	0	8	7	56005	198.795	51.0989
0.08016	0	13	1	56005.3	198.798	51.0983
0.0804	0	11	4	56005.6	198.801	51.0977
0.08064	0	23	4	56005.8	198.804	51.0972
0.08088	0	25	3	56006	198.806	51.0968
0.08112	0	23	6	56006.1	198.808	51.0964
0.08136	0	18	5	56006.3	198.81	51.096
0.0816	0	32	3	56006.4	198.811	51.0959
0.08184	0	22	5	56006.4	198.811	51.0958
0.08208	0	34	6	56006.5	198.811	51.0957
0.08232	0	30	3	56006.5	198.811	51.0957
0.08256	0	35	6	56006.3	198.809	51.0961
0.0828	0	29	6	56006.1	198.807	51.0965
0.08304	0	46	6	56005.9	198.805	51.0969
0.08328	1	52	6	56005.6	198.801	51.0977
0.08352	1	55	7	56005.1	198.796	51.0987
0.08376	0	49	7	56004.7	198.791	51.0996
0.084	0	56	6	56004.2	198.786	51.1006
0.08424	1	39	6	56003.5	198.777	51.1023
0.08448	1	52	5	56002.8	198.768	51.1039
0.08472	2	52	10	56002	198.76	51.1056
0.08496	2	90	8	56001.1	198.749	51.1076
0.0852	4	71	6	56000	198.736	51.1101
0.08544	5	82	11	55998.9	198.723	51.1126
0.08568	10	84	10	55997.7	198.71	51.1151
0.08592	15	85	7	55996.2	198.693	51.1184
0.08616	20	79	16	55994.7	198.674	51.1219
0.0864	21	93	6	55993.1	198.656	51.1253
0.08664	26	109	8	55991.4	198.637	51.1291
0.08688	22	126	8	55989.4	198.613	51.1336
0.08712	28	106	10	55987.4	198.59	51.1381
0.08736	31	106	6	55985.3	198.566	51.1426
0.0876	35	114	8	55983.2	198.542	51.1473
0.08784	46	120	4	55981.1	198.517	51.1521
0.08808	50	133	2	55978.9	198.492	51.1569
0.08832	68	154	7	55976.8	198.468	51.1615
0.08856	98	120	3	55975.4	198.45	51.1648
0.0888	91	152	4	55973.9	198.433	51.1681
0.08904	110	135	6	55972.4	198.416	51.1715
0.08928	107	152	2	55971.8	198.409	51.1728
0.08952	166	176	4	55971.8	198.41	51.1726
0.08976	147	130	6	55971.9	198.411	51.1724
0.09	160	130	3	55972	198.412	51.1722
0.09024	182	144	7	55973.7	198.431	51.1686
0.09048	193	129	2	55975.3	198.45	51.1649
0.09072	193	127	4	55976.9	198.468	51.1613
0.09096	220	149	2	55979	198.493	51.1566
0.0912	183	130	6	55981.8	198.525	51.1505
0.09144	217	100	3	55984.6	198.557	51.1443
0.09168	185	100	2	55987.3	198.589	51.1382
0.09192	215	88	4	55990.5	198.626	51.1311
0.09216	178	93	3	55993.8	198.664	51.1239
0.0924	182	63	15	55997	198.702	51.1166
0.09264	196	77	4	56000.1	198.737	51.1099
0.09288	181	80	3	56002.5	198.766	51.1044
0.09312	146	66	0	56005	198.794	51.099
0.09336	140	65	3	56007.5	198.823	51.0935
0.0936	113	46	3	56009	198.841	51.09
0.09384	118	45	6	56010.3	198.856	51.0873
0.09408	85	39	2	56011.5	198.87	51.0846
0.09432	74	39	6	56012.6	198.882	51.0822
0.09456	80	28	2	56012.9	198.886	51.0815
0.0948	64	25	2	56013.2	198.889	51.0808
0.09504	50	22	3	56013.5	198.893	51.0802
0.09528	44	25	6	56013.5	198.893	51.0802
0.09552	34	31	4	56013.2	198.889	51.0808
0.09576	26	12	5	56012.9	198.886	51.0814
0.096	27	21	1	56012.6	198.883	51.082
0.09624	27	22	3	56012.2	198.878	51.0831
0.09648	20	23	2	56011.7	198.872	51.0842
0.09672	20	12	3	56011.2	198.866	51.0853
0.09696	12	16	2	56010.7	198.86	51.0864
0.0972	15	24	4	56010.2	198.855	51.0875
0.09744	13	15	4	56009.7	198.849	51.0886
0.09768	10	17	5	56009.2	198.843	51.0897
0.09792	6	26	4	56008.6	198.837	51.0909
0.09816	7	18	2	56008.1	198.831	51.092
0.0984	7	22	2	56007.6	198.824	51.0932
0.09864	5	24	7	56007	198.818	51.0944
0.09888	6	29	2	56006.5	198.812	51.0957
0.09912	4	25	1	56005.9	198.805	51.0969
0.09936	5	22	6	56005.4	198.799	51.0981
0.0996	1	17	5	56004.8	198.792	51.0994
0.09984	0	31	11	56004.2	198.785	51.1007
0.10008	4	30	5	56003.6	198.779	51.102
0.10032	1	29	9	56003	198.772	51.1033
0.10056	3	34	4	56002.3	198.763	51.1049
0.1008	2	32	8	56001.6	198.755	51.1065
0.10104	5	45	2	56000.9	198.747	51.108
0.10128	6	35	6	56000.2	198.739	51.1096
0.10152	6	34	5	55999.5	198.73	51.1112
0.10176	13	47	3	55998.7	198.722	51.1128
0.102	17	36	1	55998	198.714	51.1144
0.10224	17	39	11	55997.4	198.706	51.1158
0.10248	12	56	7	55996.8	198.699	51.1172
0.10272	21	45	9	55996.1	198.692	51.1186
0.10296	19	59	6	55995.5	198.685	51.1199
0.1032	26	44	8	55995	198.678	51.1211
0.10344	28	44	6	55994.5	198.672	51.1224
0.10368	35	58	8	55993.9	198.666	51.1236
0.10392	34	66	6	55993.4	198.66	51.1246
0.10416	45	67	5	55993	198.655	51.1256
0.1044	41	55	6	55992.6	198.65	51.1265
0.10464	35	49	7	55992.2	198.646	51.1274
0.10488	43	47	6	55992	198.643	51.1279
0.10512	47	54	7	55991.7	198.64	51.1284
0.10536	58	65	3	55991.5	198.638	51.1289
0.1056	56	64	4	55991.5	198.638	51.1288
0.10584	64	51	3	55991.7	198.64	51.1285
0.10608	67	62	8	55991.9	198.642	51.1281
0.10632	81	71	4	55992.1	198.645	51.1276
0.10656	69	51	4	55992.8	198.652	51.1261
0.1068	55	43	2	55993.4	198.66	51.1246
0.10704	79	45	8	55994.1	198.668	51.1231
0.10728	77	44	5	55994.9	198.677	51.1214
0.10752	85	48	6	55995.7	198.687	51.1195
0.10776	75	45	2	55996.6	198.697	51.1176
0.108	66	46	2	55997.5	198.707	51.1157
0.10824	61	42	2	55998.2	198.716	51.114
0.10848	68	22	4	55999	198.725	51.1123
0.10872	57	30	2	55999.8	198.734	51.1106
0.10896	60	25	2	56000.5	198.742	51.1089
0.1092	52	28	2	56001.2	198.751	51.1073
0.10944	50	18	7	56001.9	198.759	51.1057
0.10968	42	15	6	56002.7	198.767	51.1041
0.10992	44	20	2	56003.2	198.774	51.1028
0.11016	49	23	3	56003.8	198.781	51.1016
0.1104	34	13	6	56004.4	198.787	51.1003
0.11064	46	11	0	56004.9	198.793	51.0992
0.11088	32	17	0	56005.2	198.797	51.0985
0.11112	23	15	1	56005.5	198.801	51.0978
0.11136	25	8	2	56005.9	198.804	51.097
0.1116	23	4	1	56006	198.806	51.0967
0.11184	20	7	1	56006.1	198.807	51.0965
0.11208	18	5	2	56006.2	198.808	51.0964
0.11232	12	11	0	56006.2	198.809	51.0963
0.11256	7	5	2	56006.1	198.807	51.0966
0.1128	10	3	0	56005.9	198.805	51.0969
0.11304	1	3	1	56005.7	198.803	51.0973
0.11328	1	3	1	56005.5	198.8	51.0978
0.11352	4	14	1	56005.2	198.797	51.0985
0.11376	1	2	1	56004.9	198.793	51.0992
0.114	0	8	0	56004.6	198.789	51.0999
0.11424	0	10	2	56004.2	198.786	51.1006
0.11448	0	12	0	56003.9	198.782	51.1014
0.11472	0	6	0	56003.6	198.778	51.1021
0.11496	0	7	2	56003.3	198.774	51.1028
0.1152	0	8	4	56003	198.771	51.1034
0.11544	0	8	0	56002.7	198.767	51.1041
0.11568	0	15	1	56002.4	198.764	51.1048
0.11592	0	7	3	56002	198.76	51.1056
0.11616	0	13	1	56001.6	198.755	51.1064
0.1164	0	16	1	56001.2	198.751	51.1073
0.11664	0	10	1	56000.8	198.746	51.1082
0.11688	0	15	1	56000.2	198.739	51.1095
0.11712	0	17	4	55999.6	198.732	51.1108
0.11736	0	25	2	55999	198.725	51.1121
0.1176	0	24	3	55998.3	198.717	51.1137
0.11784	0	17	3	55997.6	198.708	51.1154
0.11808	0	25	8	55996.8	198.699	51.1171
0.11832	0	16	5	55996	198.69	51.1188
0.11856	0	13	1	55995.3	198.682	51.1204
0.1188	0	18	6	55994.6	198.674	51.1219
0.11904	0	39	2	55993.9	198.666	51.1235
0.11928	0	18	4	55993.9	198.665	51.1237
0.11952	0	35	9	55994.3	198.67	51.1227
0.11976	0	35	4	55994.7	198.675	51.1218
