0	0	0	0	56228	201.398	50.6101
0.00024	0	0	0	56230.2	201.424	50.6054
0.00048	0	0	0	56232.4	201.45	50.6006
0.00072	0	0	0	56234.6	201.475	50.5959
0.00096	0	0	0	56236.8	201.501	50.591
0.0012	0	0	0	56239.1	201.528	50.5861
0.00144	0	0	0	56241.4	201.555	50.5811
0.00168	0	0	0	56243.7	201.582	50.5762
0.00192	0	0	0	56246.1	201.61	50.571
0.00216	0	0	0	56248.5	201.639	50.5658
0.0024	0	0	0	56250.9	201.667	50.5606
0.00264	0	0	0	56253.3	201.696	50.5553
0.00288	0	0	0	56255.9	201.725	50.5498
0.00312	0	0	0	56258.4	201.755	50.5444
0.00336	0	0	0	56260.9	201.785	50.5389
0.0036	0	0	0	56263.6	201.816	50.5333
0.00384	0	0	0	56266.2	201.847	50.5275
0.00408	0	0	0	56268.9	201.878	50.5218
0.00432	0	0	0	56271.5	201.91	50.516
0.00456	0	0	0	56274.3	201.942	50.51
0.0048	0	0	0	56277.1	201.975	50.504
0.00504	0	0	0	56279.9	202.008	50.4979
0.00528	0	0	0	56282.8	202.042	50.4918
0.00552	0	0	0	56285.7	202.077	50.4854
0.00576	0	0	0	56288.7	202.111	50.4791
0.006	0	0	0	56291.6	202.146	50.4728
0.00624	0	0	0	56294.7	202.182	50.4661
0.00648	0	0	0	56297.8	202.219	50.4594
0.00672	0	0	0	56300.9	202.255	50.4528
0.00696	0	0	0	56304.1	202.292	50.446
0.0072	0	0	0	56307.3	202.331	50.439
0.00744	0	0	0	56310.6	202.369	50.4319
0.00768	0	0	0	56313.9	202.408	50.4249
0.00792	0	0	0	56317.3	202.448	50.4176
0.00816	0	0	0	56320.7	202.489	50.4102
0.0084	0	0	0	56324.2	202.529	50.4028
0.00864	0	0	0	56327.7	202.571	50.3953
0.00888	0	0	0	56331.3	202.613	50.3875
0.00912	0	0	0	56334.9	202.656	50.3797
0.00936	0	0	0	56338.6	202.699	50.3719
0.0096	0	0	0	56342.4	202.744	50.3638
0.00984	0	1	0	56346.2	202.789	50.3556
0.01008	0	0	0	56350	202.834	50.3474
0.01032	0	0	0	56353.9	202.88	50.3391
0.01056	0	0	0	56358	202.928	50.3304
0.0108	0	0	0	56362	202.976	50.3218
0.01104	0	1	0	56366.1	203.024	50.3131
0.01128	0	0	0	56370.3	203.074	50.3041
0.01152	0	2	0	56374.6	203.124	50.295
0.01176	0	0	0	56378.9	203.175	50.2858
0.012	0	0	0	56383.2	203.226	50.2766
0.01224	0	0	0	56387.7	203.28	50.2669
0.01248	0	0	0	56392.3	203.334	50.2572
0.01272	0	3	0	56396.9	203.388	50.2475
0.01296	0	0	2	56401.5	203.443	50.2375
0.0132	0	0	0	56406.4	203.5	50.2273
0.01344	0	0	0	56411.2	203.558	50.217
0.01368	0	1	1	56416.1	203.615	50.2067
0.01392	0	1	0	56421.2	203.675	50.1959
0.01416	0	0	0	56426.3	203.736	50.1849
0.0144	0	0	0	56431.4	203.797	50.174
0.01464	0	0	0	56436.7	203.859	50.163
0.01488	0	3	0	56442.1	203.924	50.1514
0.01512	0	2	0	56447.6	203.988	50.1398
0.01536	0	1	0	56453.1	204.053	50.1283
0.0156	0	0	1	56458.8	204.121	50.1162
0.01584	0	0	0	56464.6	204.19	50.1039
0.01608	0	1	0	56470.4	204.259	50.0916
0.01632	0	1	1	56476.3	204.329	50.0792
0.01656	0	5	1	56482.5	204.402	50.0661
0.0168	0	1	0	56488.7	204.476	50.0531
0.01704	0	3	0	56494.9	204.549	50.04
0.01728	0	0	1	56501.3	204.626	50.0265
0.01752	0	0	1	56507.9	204.704	50.0126
0.01776	0	5	2	56514.5	204.783	49.9987
0.018	0	4	1	56521.1	204.861	49.9848
0.01824	0	3	0	56528.2	204.945	49.97
0.01848	0	4	0	56535.2	205.029	49.9552
0.01872	0	1	3	56542.3	205.113	49.9404
0.01896	0	8	1	56549.5	205.2	49.9251
0.0192	0	4	2	56557.1	205.29	49.9093
0.01944	0	3	1	56564.7	205.38	49.8935
0.01968	0	2	2	56572.2	205.471	49.8776
0.01992	0	4	3	56580.3	205.566	49.8609
0.02016	0	4	1	56588.4	205.663	49.8439
0.0204	0	3	4	56596.5	205.76	49.827
0.02064	0	3	0	56604.8	205.859	49.8097
0.02088	0	4	0	56613.5	205.963	49.7917
0.02112	0	6	0	56622.2	206.067	49.7736
0.02136	0	7	0	56630.9	206.17	49.7556
0.0216	0	7	2	56640	206.28	49.7366
0.02184	0	6	0	56649.3	206.391	49.7172
0.02208	0	8	0	56658.7	206.503	49.6979
0.02232	0	9	4	56668.1	206.616	49.6784
0.02256	0	7	2	56678.2	206.737	49.6576
0.0228	0	6	3	56688.2	206.857	49.6368
0.02304	0	7	1	56698.3	206.978	49.616
0.02328	0	8	1	56708.8	207.104	49.5943
0.02352	0	5	7	56719.7	207.235	49.572
0.02376	0	19	2	56730.5	207.365	49.5497
0.024	0	13	3	56741.4	207.495	49.5274
0.02424	0	11	5	56753.1	207.636	49.5033
0.02448	0	13	3	56764.8	207.777	49.4793
0.02472	0	16	4	56776.5	207.918	49.4553
0.02496	0	17	2	56788.7	208.064	49.4305
0.0252	0	14	4	56801.3	208.217	49.4046
0.02544	0	15	6	56814	208.37	49.3788
0.02568	0	13	0	56826.7	208.523	49.353
0.02592	0	17	4	56840.3	208.687	49.3254
0.02616	0	24	3	56854	208.853	49.2975
0.0264	0	24	4	56867.7	209.018	49.2697
0.02664	0	25	3	56881.8	209.188	49.2413
0.02688	0	27	4	56896.7	209.369	49.2112
0.02712	0	35	4	56911.6	209.549	49.1811
0.02736	0	30	5	56926.5	209.729	49.1511
0.0276	0	26	5	56942.3	209.922	49.1192
0.02784	0	33	4	56958.6	210.119	49.0866
0.02808	0	36	4	56974.8	210.316	49.054
0.02832	0	27	8	56991.3	210.517	49.021
0.02856	0	37	9	57009.1	210.732	48.9856
0.0288	0	44	5	57026.8	210.948	48.9502
0.02904	0	52	9	57044.5	211.167	48.9169
0.02928	0	51	3	57063.2	211.406	48.8899
0.02952	0	42	6	57082.5	211.654	48.8619
0.02976	0	54	9	57101.9	211.903	48.8339
0.03	0	69	5	57121.2	212.151	48.806
0.03024	0	77	8	57142.4	212.424	48.7755
0.03048	0	65	9	57163.6	212.697	48.745
0.03072	0	74	9	57184.8	212.97	48.7145
0.03096	0	80	12	57207	213.256	48.6828
0.0312	0	75	11	57230.4	213.557	48.6493
0.03144	0	71	5	57253.7	213.859	48.616
0.03168	0	102	7	57277.1	214.16	48.5827
0.03192	0	88	7	57302.5	214.488	48.5466
0.03216	0	99	8	57328.1	214.82	48.5102
0.0324	0	119	11	57353.8	215.152	48.4738
0.03264	0	131	8	57380.2	215.494	48.4365
0.03288	0	139	7	57408.5	215.859	48.3967
0.03312	0	145	7	57436.7	216.225	48.3571
0.03336	0	160	6	57464.9	216.591	48.3175
0.0336	0	154	11	57495.2	216.984	48.2751
0.03384	0	193	9	57526.2	217.387	48.2318
0.03408	0	207	11	57557.3	217.791	48.1885
0.03432	0	250	7	57588.8	218.202	48.1447
0.03456	0	227	6	57623.3	218.651	48.097
0.0348	0	229	10	57657.8	219.1	48.0494
0.03504	0	233	7	57692.3	219.55	48.0019
0.03528	0	279	6	57729	220.029	47.9516
0.03552	0	282	12	57767.3	220.53	47.8992
0.03576	0	335	4	57805.7	221.031	47.8469
0.036	0	349	10	57844	221.533	47.7948
0.03624	0	355	7	57886.5	222.091	47.7372
0.03648	0	401	6	57929.1	222.649	47.6798
0.03672	0	445	10	57971.6	223.208	47.6225
0.03696	0	469	6	58016.2	223.794	47.5628
0.0372	0	485	11	58063.5	224.417	47.4997
0.03744	0	519	1	58110.9	225.04	47.4368
0.03768	0	586	4	58158.2	225.664	47.3742
0.03792	0	614	5	58210	226.348	47.3059
0.03816	0	656	1	58262.5	227.043	47.237
0.0384	0	759	2	58315.1	227.739	47.1683
0.03864	0	770	8	58369.3	228.457	47.0978
0.03888	0	801	4	58427.6	229.232	47.0223
0.03912	0	924	5	58486	230.008	46.9472
0.03936	0	1115	3	58544.3	230.784	46.8724
0.0396	0	999	7	58607.6	231.626	46.7919
0.03984	0	1139	2	58672.7	232.496	46.7093
0.04008	0	1156	13	58737.8	233.366	46.6272
0.04032	0	1438	13	58804.1	234.229	46.53
0.04056	0	1322	3	58877.5	235.148	46.4024
0.0408	0	1439	4	58950.8	236.068	46.2752
0.04104	0	1604	8	59024.1	236.988	46.1483
0.04128	0	1683	8	59102.3	237.969	46.0134
0.04152	0	1915	5	59184.2	238.996	45.8725
0.04176	0	1918	8	59266.1	240.023	45.7321
0.042	0	2100	8	59348	241.051	45.5922
0.04224	0	2332	5	59439.3	242.195	45.4368
0.04248	0	2548	10	59530.5	243.34	45.282
0.04272	0	2575	11	59621.8	244.484	45.1277
0.04296	0	2937	12	59717.5	245.683	44.9665
0.0432	0	3063	9	59819.2	246.957	44.796
0.04344	0	3211	8	59920.8	248.23	44.6262
0.04368	0	3578	5	60022.4	249.502	44.4571
0.04392	0	3945	7	60133.9	250.897	44.2724
0.04416	0	4016	5	60247.1	252.312	44.0858
0.0444	0	4338	5	60360.2	253.726	43.9
0.04464	0	4811	5	60476.9	255.183	43.7092
0.04488	0	4856	10	60602.6	256.791	43.5375
0.04512	0	5403	5	60728.3	258.419	43.3791
0.04536	0	6017	2	60854	260.051	43.2222
0.0456	0	6148	6	60988.6	261.805	43.056
0.04584	0	6692	4	61126.7	263.612	42.8872
0.04608	0	7341	6	61264.8	265.424	42.7203
0.04632	0	7734	6	61404.8	267.267	42.553
0.04656	0	8222	7	61555.9	269.265	42.3744
0.0468	0	8766	6	61707	271.269	42.198
0.04704	0	9729	2	61858.2	273.281	42.0236
0.04728	0	10273	4	62015.2	275.379	41.8447
0.04752	0	10993	5	62176.6	277.543	41.6632
0.04776	0	11907	2	62338	279.743	41.4592
0.048	0	12528	4	62499.5	281.962	41.2392
0.04824	0	13714	1	62670.7	284.311	41.0081
0.04848	0	14630	6	62841.9	286.657	40.7793
0.04872	0	15864	4	63013.2	288.997	40.5526
0.04896	0	16831	4	63187.9	291.379	40.3237
0.0492	0	17698	0	63367.4	293.819	40.0909
0.04944	0	18864	5	63546.8	296.253	39.8606
0.04968	0	20213	5	63726.3	298.678	39.6326
0.04992	0	22027	2	63907.5	301.12	39.4048
0.05016	0	23404	4	64089	303.463	39.2021
0.0504	0	24646	8	64270.6	305.736	39.0173
0.05064	0	26778	8	64450.7	307.983	38.8364
0.05088	0	28279	4	64627.3	310.177	38.6616
0.05112	0	30159	3	64803.9	312.362	38.4891
0.05136	0	32355	3	64980.5	314.537	38.3191
0.0516	0	34354	2	65144	316.544	38.1636
0.05184	0	36456	4	65302.4	318.479	38.015
0.05208	0	39191	3	65460.8	320.405	37.8683
0.05232	0	41219	2	65615	322.272	37.7271
0.05256	0	44021	5	65744.4	323.838	37.608
0.0528	0	46541	4	65873.7	325.429	37.4817
0.05304	0	49216	2	66003	327.03	37.3545
0.05328	0	53047	3	66101.1	328.251	37.2573
0.05352	0	55863	0	66175.8	329.184	37.183
0.05376	0	58695	4	66250.4	330.12	37.1084
0.054	0	62472	1	66325.1	331.06	37.0335
0.05424	0	65554	2	66332.1	331.149	37.0264
0.05448	0	69303	4	66339.2	331.238	37.0193
0.05472	0	73421	4	66346.2	331.327	37.0122
0.05496	2	75970	2	66316	330.945	37.0427
0.0552	1	80896	3	66235.9	329.938	37.1229
0.05544	8	84636	6	66155.9	328.935	37.2029
0.05568	2	88975	4	66075.8	327.936	37.2824
0.05592	5	92577	4	65896.1	325.705	37.4598
0.05616	18	96612	2	65699.7	323.293	37.6504
0.0564	25	101497	2	65503.3	320.92	37.8292
0.05664	52	105040	3	65270.3	318.087	38.045
0.05688	91	110357	2	64945.7	314.11	38.3523
0.05712	150	115010	3	64621.2	310.101	38.6676
0.05736	254	118673	3	64296.6	306.062	38.9909
0.0576	324	122249	0	63870.1	300.617	39.4516
0.05784	489	126514	0	63402.8	294.3	40.0453
0.05808	671	132105	1	62935.4	287.935	40.6552
0.05832	982	134087	1	62452	281.31	41.3037
0.05856	1295	138233	1	61871.6	273.46	42.0082
0.0588	1578	142601	5	61291.3	265.772	42.6885
0.05904	2100	145702	1	60710.9	258.193	43.4009
0.05928	2666	148388	0	60080.3	250.226	44.3612
0.05952	3330	150429	4	59411.9	241.852	45.4834
0.05976	4255	152901	1	58743.5	233.442	46.6201
0.06	5373	155318	0	58075.1	224.57	47.4843
0.06024	6712	157594	5	57379.2	215.481	48.4379
0.06048	7834	159493	1	56683.3	206.799	49.6469
0.06072	9059	161344	3	55987.4	198.591	51.1379
0.06096	10192	162088	1	55307.6	190.825	52.7033
0.0612	11739	162673	2	54649.1	183.497	54.0757
0.06144	13765	164569	1	53990.6	176.18	55.415
0.06168	15615	165680	1	53332.1	168.778	56.6601
0.06192	17702	164349	0	52748.2	162.083	57.725
0.06216	19975	162905	2	52176.8	155.597	58.854
0.0624	22284	163984	2	51605.5	149.33	60.2373
0.06264	24715	162847	1	51071.6	143.68	61.8311
0.06288	27687	162717	1	50631.6	139.025	63.1992
0.06312	29700	162085	0	50191.6	134.381	64.6186
0.06336	32502	162616	1	49751.7	129.144	65.5851
0.0636	34591	160531	1	49385.3	124.901	66.4146
0.06384	37466	160571	0	49048.4	121.207	67.2968
0.06408	39557	162118	3	48711.5	117.702	68.2979
0.06432	41580	160759	0	48387.7	114.502	69.3765
0.06456	44076	158477	0	48142.8	113.045	70.8812
0.0648	46786	159566	1	47897.9	111.65	72.5143
0.06504	48625	159365	6	47653	110.236	74.2238
0.06528	51423	158387	0	47446.5	109.03	75.7272
0.06552	53420	157518	1	47268.8	107.982	77.0681
0.06576	56433	158308	3	47091.1	106.926	78.4543
0.066	58338	156399	1	46913.4	105.863	79.8875
0.06624	60661	156380	1	46786.7	105.099	80.9392
0.06648	61940	159225	1	46660	104.332	82.0163
0.06672	64918	156282	85	46533.3	103.173	82.9781
0.06696	67217	156984	183	46422.2	102.057	83.7744
0.0672	69048	156448	521	46331.9	101.145	84.4092
0.06744	71079	157966	972	46241.6	100.23	85.0324
0.06768	73019	157754	2093	46151.3	99.3108	85.6439
0.06792	74402	157479	2656	46061.9	98.3987	86.2367
0.06816	76480	159872	3336	45972.8	97.4855	86.8163
0.0684	78274	162103	3846	45883.6	96.5697	87.3835
0.06864	80644	163769	5102	45793.4	95.6406	87.9444
0.06888	82008	162783	6949	45700.5	94.6821	88.5077
0.06912	84394	165366	7878	45607.7	93.7216	89.0565
0.06936	85153	166287	9331	45514.8	92.7593	89.5905
0.0696	86876	166913	10659	45413.5	91.7067	90.1564
0.06984	87966	167145	12358	45308.7	90.6171	90.7221
0.07008	89577	170522	12843	45203.9	89.5262	91.2677
0.07032	91204	173086	14595	45099.9	88.4434	91.7887
0.07056	92884	173128	18205	45001.1	87.4137	92.2648
0.0708	93634	174512	18737	44902.3	86.3838	92.7222
0.07104	95106	177580	21949	44803.5	85.5841	92.9774
0.07128	95851	176813	25970	44719.7	84.912	93.1776
0.07152	97120	180120	28329	44647.2	84.3281	93.3441
0.07176	99353	182723	29327	44574.6	83.7424	93.5044
0.072	99966	184008	34871	44502	83.155	93.6584
0.07224	101624	186676	38868	44452.1	82.7499	93.7607
0.07248	102791	190137	41767	44402.2	82.3441	93.8599
0.07272	103948	193859	45088	44352.2	81.9376	93.9562
0.07296	104893	197419	50545	44305.9	81.56	94.0427
0.0732	106626	201143	55675	44264.5	81.2214	94.118
0.07344	106492	207406	58338	44223	80.8824	94.1912
0.07368	108319	210108	62698	44181.5	80.5429	94.2622
0.07392	109555	213544	71170	44149.2	80.2782	94.3161
0.07416	110883	217863	73871	44118.4	80.0257	94.3663
0.0744	111743	223543	80860	44087.6	79.7731	94.4153
0.07464	113703	229032	86662	44062.1	79.5633	94.4551
0.07488	114096	233002	93232	44049.7	79.4613	94.4741
0.07512	115602	239803	98355	44037.3	79.3592	94.493
0.07536	116553	244370	104648	44024.8	79.2572	94.5116
0.0756	118516	249416	111128	44003	79.0776	94.544
0.07584	119701	254485	117018	43977.4	78.8669	94.5811
0.07608	119850	261322	121889	43951.8	78.6561	94.6175
0.07632	120771	268197	129722	43921	78.4022	94.6602
0.07656	122100	275212	137301	43858.8	77.8894	94.7427
0.0768	124220	280431	140477	43796.6	77.376	94.8204
0.07704	125281	287896	147928	43734.4	76.8621	94.8933
0.07728	126483	295173	158523	43662.4	76.2666	94.9716
0.07752	127285	301038	163086	43583	75.6097	95.0503
0.07776	128169	308694	169582	43503.7	74.9523	95.1211
0.078	129400	316109	179773	43424.3	74.2945	95.184
0.07824	129577	324669	195582	43392.9	74.0338	95.2067
0.07848	130168	332348	200512	43361.4	73.7731	95.2281
0.07872	130312	341013	212737	43330	73.5123	95.2483
0.07896	130101	351174	230706	43335.7	73.5596	95.2447
0.0792	129828	357913	241551	43390.9	74.0175	95.2081
0.07944	130206	364448	249100	43446.1	74.4753	95.1675
0.07968	129842	377175	262715	43501.3	74.9329	95.1231
0.07992	129365	387102	283677	43593.1	75.6933	95.0408
0.08016	129371	396010	288757	43691	76.5033	94.9413
0.0804	128467	409051	298409	43788.9	77.3123	94.8297
0.08064	127650	421222	320113	43892.9	78.1706	94.6981
0.08088	126829	435338	339544	44012.2	79.1532	94.5304
0.08112	125915	443452	341975	44131.5	80.1331	94.3451
0.08136	125484	455384	359552	44250.8	81.1101	94.1423
0.0816	123456	472622	393087	44409.4	82.4026	93.8458
0.08184	123060	478386	394897	44583.6	83.815	93.4849
0.08208	120561	490554	402592	44757.8	85.2177	93.0877
0.08232	119863	509772	433171	44941.1	86.7883	92.5448
0.08256	119397	527793	471102	45179.2	89.2695	91.3931
0.0828	118908	535937	453166	45417.3	91.7466	90.1354
0.08304	117384	551536	470473	45655.4	94.2151	88.7764
0.08328	117634	575220	521759	45952.1	97.273	86.9492
0.08352	117421	584728	529091	46292.7	100.748	84.6809
0.08376	117147	596544	520561	46633.3	104.171	82.2461
0.084	116706	623357	561921	46974	106.226	79.3937
0.08424	116413	656912	647973	47421.4	108.883	75.9136
0.08448	114794	662957	586758	47868.8	111.483	72.713
0.08472	113921	684380	603258	48316.3	114.021	69.7691
0.08496	112698	713641	684096	48805.1	118.657	68.0076
0.0852	111537	724832	709704	49349	124.493	66.504
0.08544	111014	732884	651828	49893	130.847	65.3004
0.08568	109228	757266	698513	50436.9	136.968	63.8209
0.08592	106705	792019	857732	50902.1	141.887	62.3521
0.08616	103240	786191	714957	51354.3	146.672	60.9784
0.0864	99215	799358	706843	51806.4	151.453	59.6556
0.08664	94556	838524	824583	52135.7	155.133	58.9388
0.08688	87955	865386	899738	52157.9	155.383	58.893
0.08712	80484	862688	735129	52180.1	155.633	58.8474
0.08736	72970	885035	793764	52202.3	155.884	58.8019
0.0876	63666	924333	999074	51856.9	151.999	59.5253
0.08784	54712	919485	860999	51364.4	146.78	60.9481
0.08808	45581	927979	799412	50872	141.568	62.4455
0.08832	36131	958982	929760	50318.7	135.721	64.2033
0.08856	27995	987839	1.09084e+06	49400.3	125.069	66.3781
0.0888	20987	968078	844351	48481.8	115.415	69.0512
0.08904	15025	979552	874875	47563.3	109.714	74.8694
0.08928	10386	1.01604e+06	1.09169e+06	46424.9	102.084	83.7553
0.08952	6715	1.00644e+06	1.01739e+06	45121.4	88.6675	91.6826
0.08976	4126	1.0014e+06	863594	43818	77.5526	94.7943
0.09	2352	1.0203e+06	973057	42514.5	65.4339	96.1695
0.09024	1195	1.0632e+06	1.2242e+06	40675.8	50.0417	104.161
0.09048	578	1.03431e+06	895364	38837	40.3572	123.11
0.09072	256	1.04236e+06	908830	36998.2	31.3879	147.829
0.09096	74	1.07931e+06	1.12921e+06	34823.4	18.8322	166.392
0.0912	31	1.08254e+06	1.11761e+06	32200.4	10.4476	212.26
0.09144	6	1.07086e+06	928367	29577.4	4.72097	286.519
0.09168	1	1.08198e+06	1.01175e+06	26954.4	1.9058	398.791
0.09192	0	1.12984e+06	1.24127e+06	23618.6	0.306481	616.459
0.09216	0	1.10318e+06	1.02499e+06	20163.9	3.19778e-05	1062.4
0.0924	0	1.10288e+06	973228	16709.2	0	2014.53
0.09264	0	1.12744e+06	1.10758e+06	13511.7	0	6528.58
0.09288	0	1.15343e+06	1.26315e+06	10957.2	0	18845.9
0.09312	0	1.13e+06	991542	8402.74	0	37404.3
0.09336	13	1.1373e+06	1.02827e+06	5848.24	0	61233.5
0.0936	495	1.17933e+06	1.32014e+06	7730.64	0	42768.9
0.09384	20392	1.16358e+06	1.11981e+06	11387.8	0	16245.6
0.09408	237239	1.16173e+06	972573	15044.9	0	3301.74
0.09432	841937	1.18099e+06	890946	19740.7	4.77083e-08	1143.21
0.09456	1.51061e+06	1.22131e+06	540620	30668.1	6.93374	252.071
0.0948	1.95442e+06	1.19363e+06	139959	41595.4	56.7324	98.587
0.09504	2.16411e+06	1.19738e+06	21289	52522.8	159.515	58.16
0.09528	2.31094e+06	1.23924e+06	14	62837.8	286.599	40.7848
0.09552	2.28715e+06	1.18947e+06	13	72693.4	418.158	30.7768
0.09576	1.89776e+06	1.04894e+06	9	82549.1	572.184	25.3708
0.096	1.45564e+06	862158	3	92404.8	730.639	20.4088
0.09624	1.11496e+06	692412	9	95538.4	780.849	18.8042
0.09648	840574	498226	7	98672	831.058	17.1996
0.09672	597836	331706	11	101806	881.268	15.595
0.09696	403794	205571	8	103000	900.413	14.9831
0.0972	251355	117053	13	101610	878.139	15.6949
0.09744	139165	59699	10	100220	855.865	16.4068
0.09768	69134	28511	8	98830.1	833.591	17.1186
0.09792	30369	13668	12	96470.4	795.782	18.327
0.09816	11712	7143	9	93949.1	755.383	19.618
0.0984	4348	5203	11	91427.8	714.984	20.9091
0.09864	1619	4469	12	89041.3	677.1	22.2402
0.09888	657	4537	8	86991.9	641.975	22.494
0.09912	326	4630	6	84942.6	607.889	23.6202
0.09936	206	4898	13	82893.2	578.393	25.1696
0.0996	110	5280	7	81335	550.392	25.8591
0.09984	63	5629	17	79973.2	530.864	25.7388
0.10008	59	6155	9	78611.4	512.335	26.7339
0.10032	46	6562	17	77319.5	492.061	28.208
0.10056	45	7077	8	76446.2	476.991	28.9761
0.1008	31	7280	14	75572.9	463.597	29.6246
0.10104	24	8171	10	74699.6	451.142	30.1408
0.10128	23	8546	10	73999.2	440.025	30.3701
0.10152	15	9194	10	73428.4	430.363	30.5204
0.10176	15	10074	10	72857.7	420.863	30.7133
0.102	5	10467	9	72286.9	412.483	31.167
0.10224	8	11716	17	71906.2	407.386	31.5745
0.10248	10	12189	14	71525.4	402.405	32.0015
0.10272	2	12904	17	71144.7	397.537	32.4486
0.10296	2	13986	15	70816.8	393.34	32.7925
0.1032	1	15163	17	70559.5	389.883	32.9655
0.10344	0	16022	17	70302.2	386.395	33.1379
0.10368	2	17337	15	70044.9	382.877	33.3099
0.10392	0	18279	12	69855.7	380.271	33.4361
0.10416	1	19586	9	69677.8	377.808	33.5544
0.1044	0	21246	20	69499.9	375.333	33.6725
0.10464	0	23185	15	69336.5	373.049	33.7807
0.10488	0	24421	14	69209.5	371.267	33.8647
0.10512	2	25831	17	69082.5	369.4	33.9884
0.10536	1	27464	6	68955.4	367.517	34.1239
0.1056	0	29870	11	68843.9	365.869	34.2443
0.10584	0	31902	15	68738.5	364.315	34.3593
0.10608	0	33877	15	68633.1	362.766	34.4756
0.10632	0	36966	8	68527.4	361.215	34.5934
0.10656	0	38907	15	68419.8	359.641	34.7147
0.1068	0	41298	12	68312.2	358.071	34.8373
0.10704	0	44087	16	68204.6	356.504	34.9612
0.10728	0	47032	10	68074.8	354.621	35.1125
0.10752	0	50709	11	67928.4	352.503	35.2854
0.10776	0	54137	8	67782	350.393	35.4609
0.108	1	56937	6	67635.6	348.291	35.639
0.10824	3	59920	3	67417.8	345.207	35.9029
0.10848	2	63980	10	67200	342.328	36.1332
0.10872	6	68018	5	66982.2	339.479	36.361
0.10896	12	72486	8	66713.1	336	36.6391
0.1092	25	76736	5	66375.8	331.701	36.9824
0.10944	24	80635	19	66038.4	327.47	37.3195
0.10968	62	85645	14	65701.1	323.31	37.6492
0.10992	82	90762	7	65208.6	317.333	38.1029
0.11016	118	95442	4	64690.2	310.956	38.5999
0.1104	150	100536	9	64171.8	304.5	39.1175
0.11064	209	106072	4	63592.6	296.873	39.8022
0.11088	267	110502	0	62861.5	286.925	40.7532
0.11112	365	116239	5	62130.4	276.923	41.7149
0.11136	460	121184	5	61399.3	267.195	42.5595
0.1116	599	123902	4	60508.8	255.581	43.6572
0.11184	901	129337	4	59554.6	243.641	45.2413
0.11208	1163	131704	3	58600.4	231.53	46.801
0.11232	1493	136211	1	57622.1	218.635	48.0986
0.11256	1747	139519	5	56500	204.611	50.0291
0.1128	2019	142138	2	55377.9	191.617	52.5361
0.11304	2501	143281	2	54255.8	179.125	54.8797
0.11328	2896	144251	4	53082.8	165.912	57.104
0.11352	3441	143713	3	51871.7	152.165	59.4936
0.11376	4065	143262	9	50660.5	139.331	63.1077
0.114	4718	141602	4	49449.4	125.625	66.2599
0.11424	5152	138037	4	48270	113.761	70.0621
0.11448	5792	136193	1	47090.7	106.924	78.4577
0.11472	6012	132272	75	45911.3	96.8549	87.2084
0.11496	6763	127785	1132	44782.5	85.4158	93.0284
0.1152	7126	124580	4154	43721	76.7518	94.9083
0.11544	7633	123636	7134	42659.5	66.8904	95.9215
0.11568	8126	123344	12449	41598.1	56.7562	98.5779
0.11592	8442	121268	17430	40652.9	49.8962	104.337
0.11616	8499	120255	23661	39727.1	44.5592	112.798
0.1164	9027	121133	30162	38801.3	40.19	123.552
0.11664	9416	121179	38705	37920.6	36.0977	135.195
0.11688	9603	120670	49026	37152.5	32.2115	145.788
0.11712	9813	121873	59347	36384.4	28.0329	155.595
0.11736	9823	123532	69551	35616.4	23.2453	161.22
0.1176	9405	123799	80701	34959.2	19.5366	165.478
0.11784	9310	125843	91319	34346.4	16.6453	170.685
0.11808	8906	127283	104155	33733.6	14.535	180.339
0.11832	8986	129949	116293	33228.2	13.0245	189.797
0.11856	8995	132155	128521	33367.3	13.4214	187.048
0.1188	8346	135176	133281	33506.4	13.8323	184.412
0.11904	8369	140074	137602	33645.6	14.2578	181.884
0.11928	8350	142874	142443	35533	22.7464	161.745
0.11952	7337	149510	120345	38731.7	39.8644	124.419
0.11976	0	146460	72927	41930.5	59.7997	97.5334
