0	0	0	0	56659	206.507	49.6972
0.00024	0	0	0	56664.3	206.571	49.6862
0.00048	0	0	0	56669.6	206.634	49.6752
0.00072	0	0	0	56674.9	206.698	49.6642
0.00096	0	0	0	56680.3	206.763	49.6531
0.0012	0	0	0	56685.9	206.829	49.6416
0.00144	0	0	0	56691.4	206.895	49.6302
0.00168	0	0	0	56696.9	206.962	49.6188
0.00192	0	0	0	56702.6	207.03	49.607
0.00216	0	0	0	56708.4	207.099	49.5952
0.0024	0	0	0	56714.1	207.168	49.5833
0.00264	0	0	0	56720	207.238	49.5713
0.00288	0	0	0	56726	207.31	49.559
0.00312	0	0	0	56732	207.382	49.5467
0.00336	0	0	0	56738	207.454	49.5344
0.0036	0	0	0	56744.2	207.529	49.5217
0.00384	0	0	0	56750.4	207.604	49.5088
0.00408	0	0	0	56756.7	207.679	49.496
0.00432	0	0	0	56763	207.755	49.4831
0.00456	0	0	0	56769.5	207.833	49.4697
0.0048	0	0	0	56776	207.912	49.4564
0.00504	0	0	0	56782.5	207.991	49.443
0.00528	0	0	0	56789.2	208.071	49.4294
0.00552	0	0	0	56796	208.153	49.4155
0.00576	0	0	0	56802.9	208.235	49.4016
0.006	0	0	0	56809.7	208.317	49.3877
0.00624	0	0	0	56816.8	208.403	49.3732
0.00648	0	0	0	56823.9	208.489	49.3587
0.00672	0	0	0	56831	208.575	49.3442
0.00696	0	0	0	56838.3	208.663	49.3295
0.0072	0	0	0	56845.7	208.752	49.3143
0.00744	0	0	0	56853.2	208.842	49.2992
0.00768	0	0	0	56860.6	208.932	49.2842
0.00792	0	0	0	56868.3	209.026	49.2685
0.00816	0	0	0	56876.1	209.12	49.2527
0.0084	0	0	0	56883.9	209.214	49.237
0.00864	0	0	0	56891.8	209.309	49.2211
0.00888	0	0	0	56899.9	209.408	49.2046
0.00912	0	0	0	56908.1	209.507	49.1882
0.00936	0	0	0	56916.2	209.605	49.1718
0.0096	0	0	0	56924.6	209.707	49.1548
0.00984	0	1	0	56933.2	209.811	49.1376
0.01008	0	0	0	56941.7	209.914	49.1205
0.01032	0	0	0	56950.3	210.018	49.1032
0.01056	0	0	0	56959.2	210.127	49.0853
0.0108	0	0	0	56968.2	210.235	49.0674
0.01104	0	1	0	56977.1	210.344	49.0495
0.01128	0	0	0	56986.3	210.456	49.0311
0.01152	0	2	0	56995.7	210.57	49.0123
0.01176	0	0	0	57005	210.684	48.9936
0.012	0	0	0	57014.4	210.798	48.9749
0.01224	0	0	0	57024.3	210.917	48.9553
0.01248	0	0	0	57034.1	211.037	48.9357
0.01272	0	3	0	57043.9	211.159	48.9178
0.01296	0	0	2	57054	211.288	48.9032
0.0132	0	0	0	57064.3	211.421	48.8882
0.01344	0	0	0	57074.7	211.554	48.8732
0.01368	0	1	1	57085	211.687	48.8583
0.01392	0	1	0	57095.8	211.825	48.8427
0.01416	0	0	0	57106.7	211.965	48.8269
0.0144	0	0	0	57117.6	212.105	48.8113
0.01464	0	0	0	57128.6	212.247	48.7954
0.01488	0	3	0	57140	212.394	48.7789
0.01512	0	2	0	57151.5	212.541	48.7624
0.01536	0	1	0	57162.9	212.688	48.746
0.0156	0	0	1	57174.8	212.841	48.7289
0.01584	0	0	0	57186.8	212.996	48.7116
0.01608	0	1	0	57198.9	213.151	48.6944
0.01632	0	1	1	57211	213.308	48.677
0.01656	0	5	1	57223.7	213.471	48.6588
0.0168	0	1	0	57236.4	213.635	48.6407
0.01704	0	3	0	57249.1	213.799	48.6226
0.01728	0	0	1	57262.2	213.968	48.6039
0.01752	0	0	1	57275.6	214.141	48.5848
0.01776	0	5	2	57289	214.314	48.5658
0.018	0	4	1	57302.4	214.487	48.5467
0.01824	0	3	0	57316.5	214.67	48.5267
0.01848	0	4	0	57330.7	214.852	48.5066
0.01872	0	1	3	57344.8	215.035	48.4866
0.01896	0	8	1	57359.3	215.223	48.4661
0.0192	0	4	2	57374.3	215.416	48.4449
0.01944	0	3	1	57389.2	215.61	48.4238
0.01968	0	2	2	57404.2	215.804	48.4028
0.01992	0	4	3	57419.9	216.007	48.3807
0.02016	0	4	1	57435.7	216.213	48.3584
0.0204	0	3	4	57451.6	216.418	48.3362
0.02064	0	3	0	57467.7	216.627	48.3136
0.02088	0	4	0	57484.4	216.845	48.2901
0.02112	0	6	0	57501.2	217.062	48.2667
0.02136	0	7	0	57518	217.28	48.2433
0.0216	0	7	2	57535.5	217.507	48.2189
0.02184	0	6	0	57553.2	217.738	48.1942
0.02208	0	8	0	57571	217.97	48.1695
0.02232	0	9	4	57588.9	218.203	48.1446
0.02256	0	7	2	57607.8	218.449	48.1184
0.0228	0	6	3	57626.7	218.695	48.0923
0.02304	0	7	1	57645.6	218.941	48.0662
0.02328	0	8	1	57665.2	219.196	48.0392
0.02352	0	5	7	57685.3	219.458	48.0116
0.02376	0	19	2	57705.4	219.721	47.984
0.024	0	13	3	57725.4	219.983	47.9564
0.02424	0	11	5	57746.8	220.262	47.9272
0.02448	0	13	3	57768.2	220.541	47.898
0.02472	0	16	4	57789.6	220.821	47.8688
0.02496	0	17	2	57811.5	221.109	47.8389
0.0252	0	14	4	57834.3	221.407	47.8079
0.02544	0	15	6	57857.1	221.705	47.777
0.02568	0	13	0	57879.9	222.004	47.7462
0.02592	0	17	4	57904	222.32	47.7136
0.02616	0	24	3	57928.3	222.638	47.6809
0.0264	0	24	4	57952.6	222.957	47.6482
0.02664	0	25	3	57977.3	223.283	47.6149
0.02688	0	27	4	58003.3	223.624	47.5801
0.02712	0	35	4	58029.3	223.966	47.5454
0.02736	0	30	5	58055.2	224.307	47.5108
0.0276	0	26	5	58082.5	224.667	47.4745
0.02784	0	33	4	58110.3	225.033	47.4376
0.02808	0	36	4	58138.1	225.4	47.4007
0.02832	0	27	8	58166.2	225.77	47.3636
0.02856	0	37	9	58196	226.164	47.3243
0.0288	0	44	5	58225.8	226.557	47.2851
0.02904	0	52	9	58255.6	226.952	47.2461
0.02928	0	51	3	58286.6	227.362	47.2055
0.02952	0	42	6	58318.5	227.785	47.1638
0.02976	0	54	9	58350.5	228.209	47.1222
0.03	0	69	5	58382.4	228.632	47.0808
0.03024	0	77	8	58416.8	229.088	47.0363
0.03048	0	65	9	58451.2	229.545	46.992
0.03072	0	74	9	58485.5	230.001	46.9478
0.03096	0	80	12	58521	230.473	46.9023
0.0312	0	75	11	58558	230.966	46.855
0.03144	0	71	5	58595	231.459	46.8078
0.03168	0	102	7	58632	231.953	46.7608
0.03192	0	88	7	58671.5	232.48	46.7108
0.03216	0	99	8	58711.4	233.013	46.6605
0.0324	0	119	11	58751.3	233.546	46.6103
0.03264	0	131	8	58792	234.077	46.5511
0.03288	0	139	7	58835	234.616	46.4762
0.03312	0	145	7	58878	235.155	46.4015
0.03336	0	160	6	58921	235.695	46.3268
0.0336	0	154	11	58966.4	236.264	46.2481
0.03384	0	193	9	59012.8	236.846	46.1678
0.03408	0	207	11	59059.2	237.428	46.0877
0.03432	0	250	7	59106.1	238.017	46.0068
0.03456	0	227	6	59156.4	238.647	45.9203
0.0348	0	229	10	59206.6	239.277	45.834
0.03504	0	233	7	59256.9	239.908	45.7479
0.03528	0	279	6	59309.5	240.568	45.6579
0.03552	0	282	12	59364	241.251	45.5649
0.03576	0	335	4	59418.5	241.934	45.4722
0.036	0	349	10	59472.9	242.618	45.3796
0.03624	0	355	7	59532	243.358	45.2795
0.03648	0	401	6	59591	244.098	45.1797
0.03672	0	445	10	59650.1	244.838	45.08
0.03696	0	469	6	59711.3	245.605	44.977
0.0372	0	485	11	59775.3	246.408	44.8694
0.03744	0	519	1	59839.4	247.211	44.7622
0.03768	0	586	4	59903.5	248.013	44.6551
0.03792	0	614	5	59972.2	248.873	44.5406
0.03816	0	656	1	60041.7	249.743	44.4252
0.0384	0	759	2	60111.2	250.613	44.31
0.03864	0	770	8	60182.3	251.503	44.1924
0.03888	0	801	4	60257.7	252.445	44.0683
0.03912	0	924	5	60333.1	253.387	43.9444
0.03936	0	1115	3	60408.4	254.328	43.821
0.0396	0	999	7	60488.5	255.327	43.6903
0.03984	0	1139	2	60570.4	256.375	43.5784
0.04008	0	1156	13	60652.3	257.434	43.4747
0.04032	0	1438	13	60735.2	258.508	43.3704
0.04056	0	1322	3	60824.5	259.668	43.2589
0.0408	0	1439	4	60913.8	260.83	43.1481
0.04104	0	1604	8	61003.1	261.995	43.0382
0.04128	0	1683	8	61096.8	263.22	42.9236
0.04152	0	1915	5	61193.8	264.491	42.8059
0.04176	0	1918	8	61290.8	265.766	42.6891
0.042	0	2100	8	61387.8	267.043	42.5732
0.04224	0	2332	5	61492.9	268.432	42.4485
0.04248	0	2548	10	61598.1	269.824	42.3249
0.04272	0	2575	11	61703.3	271.219	42.2023
0.04296	0	2937	12	61812.2	272.668	42.0764
0.0432	0	3063	9	61926.1	274.188	41.9459
0.04344	0	3211	8	62040	275.711	41.8167
0.04368	0	3578	5	62153.9	277.239	41.6885
0.04392	0	3945	7	62275.8	278.887	41.5446
0.04416	0	4016	5	62399	280.581	41.3759
0.0444	0	4338	5	62522.2	282.274	41.2084
0.04464	0	4811	5	62648.2	284.002	41.0384
0.04488	0	4856	10	62781.1	285.824	40.8603
0.04512	0	5403	5	62914	287.642	40.6836
0.04536	0	6017	2	63046.9	289.457	40.5082
0.0456	0	6148	6	63186.6	291.362	40.3254
0.04584	0	6692	4	63329	293.299	40.1405
0.04608	0	7341	6	63471.4	295.231	39.9571
0.04632	0	7734	6	63615.2	297.178	39.7735
0.04656	0	8222	7	63767.1	299.229	39.5811
0.0468	0	8766	6	63919	301.275	39.3904
0.04704	0	9729	2	64070.9	303.236	39.2207
0.04728	0	10273	4	64227.2	305.194	39.0612
0.04752	0	10993	5	64386.8	307.187	38.9003
0.04776	0	11907	2	64546.4	309.173	38.7414
0.048	0	12528	4	64706	311.152	38.5844
0.04824	0	13714	1	64872.6	313.209	38.4227
0.04848	0	14630	6	65039.1	315.258	38.2631
0.04872	0	15864	4	65205.7	317.298	38.1056
0.04896	0	16831	4	65374.6	319.358	37.9479
0.0492	0	17698	0	65546.8	321.447	37.7894
0.04944	0	18864	5	65719	323.526	37.6327
0.04968	0	20213	5	65891.1	325.644	37.4646
0.04992	0	22027	2	66064.8	327.798	37.2934
0.05016	0	23404	4	66238.7	329.974	37.1201
0.0504	0	24646	8	66412.7	332.167	36.9452
0.05064	0	26778	8	66585.9	334.37	36.7694
0.05088	0	28279	4	66757.3	336.567	36.5938
0.05112	0	30159	3	66928.7	338.783	36.4166
0.05136	0	32355	3	67100.1	341.018	36.238
0.0516	0	34354	2	67264.4	343.176	36.0653
0.05184	0	36456	4	67425.8	345.314	35.8944
0.05208	0	39191	3	67587.2	347.598	35.6984
0.05232	0	41219	2	67746.4	349.881	35.504
0.05256	0	44021	5	67891.9	351.976	35.329
0.0528	0	46541	4	68037.3	354.078	35.1565
0.05304	0	49216	2	68182.8	356.188	34.9864
0.05328	0	53047	3	68311.6	358.062	34.838
0.05352	0	55863	0	68427.8	359.758	34.7056
0.05376	0	58695	4	68544	361.459	34.5748
0.054	0	62472	1	68660.3	363.164	34.4455
0.05424	0	65554	2	68741.4	364.358	34.3561
0.05448	0	69303	4	68822.6	365.555	34.2674
0.05472	0	73421	4	68903.8	366.753	34.1795
0.05496	0	75970	2	68966.4	367.68	34.1121
0.0552	0	80896	3	69004.4	368.242	34.0715
0.05544	0	84637	6	69042.4	368.805	34.031
0.05568	0	88976	4	69080.3	369.368	33.9907
0.05592	0	92578	4	69070.8	369.227	34.0007
0.05616	0	96615	3	69053.5	368.97	34.0192
0.0564	0	101507	2	69036.1	368.712	34.0377
0.05664	0	105052	4	69002.2	368.21	34.0738
0.05688	0	110401	4	68927.1	367.097	34.1544
0.05712	0	115073	3	68851.9	365.987	34.2356
0.05736	0	118765	5	68776.8	364.879	34.3174
0.0576	0	122404	1	68656.6	363.11	34.4496
0.05784	0	126748	0	68518.3	361.082	34.6036
0.05808	0	132393	4	68380.1	359.06	34.7598
0.05832	0	134526	4	68234.8	356.943	34.9263
0.05856	0	138883	1	68047.2	354.22	35.1449
0.0588	0	143577	5	67859.5	351.51	35.3677
0.05904	0	146907	2	67671.9	348.812	35.5946
0.05928	0	149950	0	67457.5	345.743	35.8592
0.05952	0	152521	7	67222.9	342.629	36.1091
0.05976	0	155570	3	66988.3	339.558	36.3547
0.06	0	158538	2	66753.7	336.521	36.5975
0.06024	0	161595	8	66488.7	333.131	36.8682
0.06048	0	164518	3	66223.6	329.784	37.1352
0.06072	0	167606	4	65958.6	326.479	37.3983
0.06096	0	169185	3	65687.3	323.144	37.6616
0.0612	0	170865	3	65407.7	319.76	37.9173
0.06144	0	173779	3	65128.1	316.349	38.1787
0.06168	0	176172	2	64848.4	312.912	38.446
0.06192	0	176680	1	64564.3	309.395	38.7237
0.06216	0	176155	2	64279.4	305.846	39.0084
0.0624	0	178524	2	63994.5	302.276	39.2994
0.06264	0	178618	5	63713.2	298.502	39.6492
0.06288	0	179836	5	63441	294.819	39.9961
0.06312	0	180605	2	63168.9	291.12	40.3485
0.06336	0	181994	2	62896.7	287.406	40.7065
0.0636	0	181188	2	62627.4	283.717	41.0664
0.06384	0	181899	7	62359.2	280.034	41.4303
0.06408	0	184010	4	62091	276.394	41.7592
0.06432	0	183959	3	61825	272.839	42.0617
0.06456	0	181706	2	61572.7	269.487	42.3547
0.0648	0	183703	2	61320.4	266.155	42.6537
0.06504	0	183780	13	61068	262.844	42.9587
0.06528	0	182811	8	60822.7	259.645	43.2611
0.06552	0	181806	7	60582.7	256.534	43.5627
0.06576	0	182620	4	60342.7	253.507	43.9287
0.066	0	180791	6	60102.6	250.506	44.3241
0.06624	0	179899	4	59888.9	247.83	44.6795
0.06648	0	181755	7	59675.1	245.152	45.0378
0.06672	0	178140	88	59461.4	242.473	45.3992
0.06696	0	177975	186	59266.6	240.03	45.7312
0.0672	0	175673	523	59097.2	237.905	46.0221
0.06744	0	176949	973	58927.9	235.781	46.3149
0.06768	0	174121	2099	58758.5	233.642	46.6013
0.06792	0	172036	2665	58625.4	231.864	46.7693
0.06816	0	172486	3348	58498.3	230.171	46.9314
0.0684	0	172936	4028	58371.3	228.484	47.0953
0.06864	0	173352	5587	58261.7	227.033	47.238
0.06888	0	170757	8378	58195.9	226.163	47.3244
0.06912	0	172408	11134	58130.1	225.294	47.4113
0.06936	0	172107	14302	58064.3	224.427	47.4987
0.0696	0	172283	15830	58042.1	224.134	47.5283
0.06984	0	171935	19357	58037.3	224.071	47.5347
0.07008	0	175567	21734	58032.5	224.009	47.5411
0.07032	0	177676	25468	58038.1	224.082	47.5336
0.07056	0	177889	32089	58106	224.976	47.4432
0.0708	0	179288	33344	58173.9	225.872	47.3535
0.07104	0	182617	37751	58241.8	226.769	47.2642
0.07128	0	182016	44579	58348.2	228.178	47.1252
0.07152	0	186028	47171	58483.6	229.976	46.9502
0.07176	0	188803	48819	58619	231.779	46.7773
0.072	0	190600	57296	58754.4	233.588	46.6064
0.07224	0	194271	61210	58947.1	236.022	46.2816
0.07248	0	197905	64837	59139.7	238.438	45.9489
0.07272	0	203238	69755	59332.4	240.855	45.6188
0.07296	0	207299	76043	59546.3	243.538	45.2553
0.0732	0	212484	80847	59788.6	246.574	44.8473
0.07344	0	219946	84802	60030.8	249.607	44.4432
0.07368	0	224070	90154	60273.1	252.637	44.043
0.07392	0	228990	99319	60554.1	256.164	43.5991
0.07416	0	235874	102647	60841.5	259.889	43.2377
0.0744	0	243168	109737	61129	263.641	42.8845
0.07464	0	251101	116551	61429.8	267.598	42.5232
0.07488	0	258363	123159	61764.4	272.031	42.1316
0.07512	0	267982	130696	62098.9	276.5	41.7503
0.07536	0	277006	137168	62433.4	281.054	41.329
0.0756	0	286846	143071	62768.9	285.656	40.8766
0.07584	0	296204	150326	63104.7	290.245	40.4324
0.07608	0	309175	155254	63440.6	294.813	39.9967
0.07632	0	322974	163757	63766.9	299.226	39.5814
0.07656	0	337300	172074	64035.9	302.797	39.2567
0.0768	0	350955	177476	64305	306.166	38.9825
0.07704	0	368675	185533	64574	309.516	38.7141
0.07728	0	387692	198206	64711.4	311.218	38.5791
0.07752	0	407076	205437	64750	311.696	38.5415
0.07776	0	432289	211510	64788.6	312.173	38.504
0.078	0	455465	222212	64827.2	312.65	38.4665
0.07824	0	484397	240860	64374.4	307.032	38.9127
0.07848	0	517212	245848	63921.7	301.31	39.3871
0.07872	0	551571	257211	63468.9	295.197	39.9603
0.07896	0	591892	274265	62668.7	284.284	41.0108
0.0792	0	627176	284517	61405.2	267.273	42.5525
0.07944	0	665499	289755	60141.7	250.995	44.2595
0.07968	0	712185	301016	58878.3	235.159	46.401
0.07992	0	761242	320536	56904.8	209.467	49.1947
0.08016	0	789812	323319	54813.1	185.322	53.7369
0.0804	0	815546	330707	52721.3	161.776	57.7762
0.08064	0	840846	349341	50570	138.374	63.3949
0.08088	0	860579	366951	48269.6	113.759	70.0647
0.08112	0	853703	365657	45969.3	97.4496	86.8388
0.08136	0	848947	382926	43668.9	76.3208	94.9648
0.0816	0	858219	426466	41819.6	58.7718	97.8597
0.08184	0	850965	444399	40150.8	46.873	108.586
0.08208	0	853201	475262	38481.9	38.6984	127.603
0.08232	0	863207	536650	36969.3	31.2322	148.209
0.08256	0	876378	605360	36393.9	28.0855	155.48
0.0828	0	873240	608820	35818.6	24.4913	159.963
0.08304	0	882473	652319	35243.3	21.0774	163.604
0.08328	0	900901	732965	35204.9	20.8636	163.854
0.08352	0	905585	757816	35569.2	22.9618	161.517
0.08376	0	909355	757068	35933.5	25.2216	159.26
0.084	0	929697	808583	36297.7	27.5534	156.641
0.08424	0	956459	907340	37128.9	32.0863	146.102
0.08448	0	951490	835548	37960.1	36.2853	134.633
0.08472	0	964128	848585	38791.3	40.1432	123.676
0.08496	0	982825	931373	39623.1	44.0534	113.932
0.0852	0	988842	951568	40455.8	48.6711	105.914
0.08544	0	990282	875168	41288.4	54.2153	99.9994
0.08568	0	1.01071e+06	904551	42121.1	61.5982	97.0232
0.08592	0	1.04042e+06	1.04909e+06	42644.6	66.7392	95.9454
0.08616	0	1.02782e+06	885363	43116.6	71.6315	95.3711
0.0864	0	1.03309e+06	858807	43588.5	75.6554	95.0451
0.08664	0	1.06785e+06	960600	43935.8	78.5247	94.6397
0.08688	0	1.08564e+06	1.02102e+06	43971.5	78.8186	94.5895
0.08712	0	1.07423e+06	842970	44007.2	79.1123	94.5378
0.08736	0	1.08689e+06	887988	44042.9	79.4058	94.4844
0.0876	0	1.11301e+06	1.08083e+06	43844.9	77.7752	94.7604
0.08784	0	1.10144e+06	930097	43553.5	75.3649	95.0777
0.08808	0	1.10455e+06	857708	43262	72.948	95.2877
0.08832	0	1.13323e+06	977037	42929.3	69.6614	95.5544
0.08856	0	1.16608e+06	1.1306e+06	42349.8	63.8075	96.4945
0.0888	0	1.16841e+06	891568	41770.3	58.3182	98.012
0.08904	0	1.20308e+06	929629	41190.7	53.5124	100.595
0.08928	0	1.25879e+06	1.15584e+06	40572.2	49.3882	104.969
0.08952	0	1.26244e+06	1.09663e+06	39924.3	45.6108	110.762
0.08976	0	1.26808e+06	964282	39276.5	42.4218	117.854
0.09	0	1.2959e+06	1.09904e+06	38628.7	39.3827	125.719
0.09024	0	1.34908e+06	1.37789e+06	38417.4	38.3983	128.444
0.09048	0	1.31402e+06	1.07383e+06	38206.2	37.4187	131.253
0.09072	0	1.31894e+06	1.11637e+06	37994.9	36.445	134.148
0.09096	0	1.35558e+06	1.36538e+06	38056	36.7258	133.302
0.0912	0	1.35099e+06	1.37216e+06	38480.1	38.6901	127.626
0.09144	0	1.3334e+06	1.19027e+06	38904.3	40.6729	122.284
0.09168	0	1.3381e+06	1.28284e+06	39328.5	42.6666	117.253
0.09192	0	1.38197e+06	1.52132e+06	39929.6	45.6394	110.71
0.09216	0	1.35431e+06	1.29533e+06	40560.2	49.3135	105.064
0.0924	1	1.35474e+06	1.23204e+06	41190.7	53.5125	100.595
0.09264	0	1.37985e+06	1.3588e+06	41739.7	58.0384	98.1086
0.09288	0	1.40752e+06	1.50484e+06	42084.5	61.2501	97.1161
0.09312	0	1.38969e+06	1.22211e+06	42429.4	64.5896	96.3317
0.09336	0	1.40267e+06	1.25155e+06	42774.2	68.0585	95.7505
0.0936	0	1.44834e+06	1.53575e+06	42872.3	69.0683	95.6219
0.09384	0	1.43571e+06	1.33841e+06	42871.5	69.0609	95.6228
0.09408	1	1.4407e+06	1.21628e+06	42870.8	69.0535	95.6237
0.09432	0	1.46518e+06	1.35982e+06	42858.5	68.9258	95.639
0.09456	0	1.51121e+06	1.6434e+06	42776.4	68.0809	95.7475
0.0948	0	1.48785e+06	1.2724e+06	42694.4	67.2434	95.8673
0.09504	1	1.49888e+06	1.30796e+06	42612.3	66.4133	95.9984
0.09528	0	1.54582e+06	1.63447e+06	42582	66.1089	96.0497
0.09552	1	1.54627e+06	1.53564e+06	42590.6	66.1948	96.035
0.09576	0	1.547e+06	1.3345e+06	42599.1	66.2809	96.0205
0.096	2	1.56978e+06	1.49398e+06	42607.7	66.3671	96.0061
0.09624	4	1.63686e+06	1.77189e+06	42650.3	66.7971	95.9362
0.09648	5	1.60749e+06	1.46979e+06	42692.9	67.2291	95.8694
0.09672	3	1.62592e+06	1.44318e+06	42735.6	67.6631	95.8057
0.09696	5	1.67534e+06	1.69336e+06	42773.2	68.0475	95.7521
0.0972	6	1.69208e+06	1.72427e+06	42804	68.3642	95.7098
0.09744	7	1.69082e+06	1.52331e+06	42834.9	68.6819	95.6691
0.09768	6	1.71376e+06	1.61247e+06	42865.7	69.0007	95.63
0.09792	8	1.78311e+06	1.91156e+06	42880.7	69.1554	95.6116
0.09816	17	1.75732e+06	1.63597e+06	42892.9	69.2828	95.5968
0.0984	13	1.77556e+06	1.59864e+06	42905.2	69.4104	95.5823
0.09864	21	1.82685e+06	1.76522e+06	42935.9	69.7298	95.547
0.09888	24	1.85786e+06	2.00411e+06	43012.6	70.5326	95.4657
0.09912	33	1.84489e+06	1.64069e+06	43089.3	71.342	95.3942
0.09936	35	1.8856e+06	1.74558e+06	43166	72.1515	95.3333
0.0996	32	1.96456e+06	2.18335e+06	43255.4	72.8937	95.2912
0.09984	43	1.9548e+06	1.90496e+06	43350	73.6782	95.2356
0.10008	35	1.96871e+06	1.72809e+06	43444.6	74.4625	95.1687
0.10032	44	2.02984e+06	2.0056e+06	43517.6	75.0678	95.1093
0.10056	56	2.11113e+06	2.23821e+06	43461.4	74.6021	95.1556
0.1008	57	2.08334e+06	1.9186e+06	43405.2	74.1362	95.1979
0.10104	66	2.11572e+06	1.95941e+06	43349	73.6701	95.2362
0.10128	78	2.21122e+06	2.24439e+06	43153.3	72.0226	95.3419
0.10152	82	2.21831e+06	2.22743e+06	42852.9	68.8682	95.646
0.10176	101	2.22552e+06	1.99783e+06	42552.5	65.8134	96.1011
0.102	122	2.29924e+06	2.13147e+06	42252.1	62.8572	96.7092
0.10224	102	2.42683e+06	2.7851e+06	41518.3	56.043	98.8584
0.10248	124	2.37979e+06	2.07741e+06	40784.4	50.7426	103.348
0.10272	119	2.43974e+06	2.05591e+06	40050.5	46.3068	109.528
0.10296	157	2.56419e+06	2.51193e+06	39355	42.7911	116.949
0.1032	155	2.5887e+06	2.53696e+06	38710.5	39.7649	124.685
0.10344	168	2.57732e+06	2.28435e+06	38066	36.7718	133.164
0.10368	158	2.6178e+06	2.56017e+06	37421.4	33.6178	142.154
0.10392	187	2.74867e+06	3.04457e+06	37223.5	32.5865	144.838
0.10416	197	2.72212e+06	2.64292e+06	37099.9	31.9319	146.487
0.1044	228	2.76089e+06	2.4802e+06	36976.3	31.2703	148.116
0.10464	194	2.87221e+06	2.89324e+06	36858.9	30.6359	149.643
0.10488	198	2.95013e+06	3.37489e+06	36756.9	30.0808	150.954
0.10512	233	2.91707e+06	2.66486e+06	36654.9	29.5227	152.248
0.10536	247	2.97356e+06	2.80312e+06	36552.9	28.9622	153.525
0.1056	217	3.09891e+06	3.1759e+06	36616.2	29.3103	152.735
0.10584	241	3.04723e+06	2.95406e+06	36745.6	30.0193	151.098
0.10608	243	3.04387e+06	2.82041e+06	36875.1	30.7235	149.434
0.10632	245	3.12283e+06	3.12061e+06	37048	31.655	147.174
0.10656	258	3.23916e+06	4.02044e+06	37481.8	33.9276	141.326
0.1068	259	3.17033e+06	3.00086e+06	37915.6	36.0741	135.265
0.10704	270	3.18661e+06	3.07154e+06	38349.4	38.0824	129.339
0.10728	283	3.29384e+06	3.48141e+06	38628.4	39.3814	125.722
0.10752	306	3.24336e+06	3.32123e+06	38791.3	40.1433	123.676
0.10776	292	3.18908e+06	2.88318e+06	38954.2	40.907	121.676
0.108	312	3.22465e+06	3.10899e+06	39117.1	41.6723	119.722
0.10824	325	3.39017e+06	4.08852e+06	38835	40.3481	123.135
0.10848	339	3.25804e+06	3.03233e+06	38552.9	39.0292	126.686
0.10872	323	3.26906e+06	3.04238e+06	38270.8	37.718	130.384
0.10896	318	3.35068e+06	3.31294e+06	37966.6	36.315	134.543
0.1092	356	3.32702e+06	3.56214e+06	37632.8	34.6913	139.238
0.10944	350	3.23853e+06	2.96441e+06	37299.1	32.9829	143.819
0.10968	346	3.26118e+06	3.28199e+06	36965.3	31.2107	148.261
0.10992	348	3.39495e+06	3.78821e+06	36822.3	30.4367	150.116
0.11016	336	3.25805e+06	3.20792e+06	36711	29.8301	151.538
0.1104	348	3.23338e+06	3.00752e+06	36599.8	29.2202	152.94
0.11064	348	3.30131e+06	3.22378e+06	36489.8	28.6147	154.306
0.11088	355	3.32473e+06	4.00456e+06	36382.9	28.0244	155.614
0.11112	354	3.183e+06	3.04441e+06	36276	27.433	156.901
0.11136	376	3.16203e+06	3.0879e+06	36169.1	26.7729	157.843
0.1116	367	3.26482e+06	3.4097e+06	36107.4	26.3597	158.211
0.11184	348	3.12802e+06	3.17916e+06	36063.7	26.0705	158.473
0.11208	327	3.03349e+06	2.84085e+06	36020.1	25.7837	158.735
0.11232	373	3.04478e+06	3.09535e+06	35965	25.4253	159.069
0.11256	363	3.10456e+06	3.81814e+06	35841.4	24.6349	159.823
0.1128	304	2.93164e+06	2.85989e+06	35717.8	23.8637	160.587
0.11304	314	2.91336e+06	2.82744e+06	35594.1	23.1114	161.36
0.11328	313	2.97578e+06	3.10139e+06	35395.6	21.9424	162.62
0.11352	302	2.85961e+06	2.9876e+06	35140.9	20.5113	164.273
0.11376	307	2.73118e+06	2.65672e+06	34886.2	19.1553	165.968
0.114	317	2.72383e+06	2.76035e+06	34631.5	17.8718	167.704
0.11424	294	2.81607e+06	3.28254e+06	34577	17.6064	168.081
0.11448	315	2.62609e+06	2.68324e+06	34522.5	17.3442	168.46
0.11472	263	2.56544e+06	2.56458e+06	34468	17.1045	168.986
0.11496	279	2.59936e+06	2.88152e+06	34448.1	17.0287	169.259
0.1152	278	2.54696e+06	2.95006e+06	34474.6	17.1299	168.896
0.11544	254	2.43614e+06	2.49048e+06	34501	17.2417	168.61
0.11568	260	2.44667e+06	2.53588e+06	34527.4	17.3678	168.426
0.11592	237	2.5335e+06	2.98876e+06	34445.3	17.0177	169.298
0.11616	251	2.38295e+06	2.54809e+06	34345.1	16.6403	170.705
0.1164	241	2.34549e+06	2.31223e+06	34244.9	16.2724	172.158
0.11664	247	2.40885e+06	2.63512e+06	34167.3	15.9942	173.315
0.11688	237	2.37696e+06	2.92803e+06	34146.5	15.9203	173.631
0.11712	228	2.15806e+06	2.33891e+06	34125.7	15.8469	173.949
0.11736	210	2.07878e+06	2.32333e+06	34104.8	15.7738	174.269
0.1176	184	2.10419e+06	2.80124e+06	33814.4	14.7948	178.957
0.11784	186	1.91253e+06	2.29783e+06	33416.1	13.5639	186.111
0.11808	170	1.82803e+06	1.96952e+06	33017.9	12.45	194.176
0.11832	186	1.90013e+06	2.14619e+06	32836.8	11.9788	198.17
0.11856	161	2.0445e+06	2.65665e+06	33958.8	15.2724	176.573
0.1188	173	2.22181e+06	2.16811e+06	35080.7	20.1844	164.67
0.11904	180	2.48804e+06	2.47242e+06	36202.7	26.9998	157.644
0.11928	168	2.71258e+06	3.12397e+06	43312.1	73.3641	95.2592
0.11952	160	2.79952e+06	3.25684e+06	54912.2	186.425	53.5312
0.11976	0	2.72618e+06	1.91446e+06	66512.2	333.431	36.8444
