0	0	0	0	56302.4	202.273	50.4495
0.00024	0	0	0	56305.2	202.306	50.4435
0.00048	0	0	0	56308	202.339	50.4375
0.00072	0	0	0	56310.8	202.371	50.4316
0.00096	0	0	0	56313.6	202.405	50.4255
0.0012	0	0	0	56316.5	202.439	50.4192
0.00144	0	0	0	56319.4	202.473	50.413
0.00168	0	0	0	56322.3	202.508	50.4067
0.00192	0	0	0	56325.4	202.543	50.4003
0.00216	0	0	0	56328.4	202.579	50.3937
0.0024	0	0	0	56331.5	202.615	50.3872
0.00264	0	0	0	56334.6	202.652	50.3806
0.00288	0	0	0	56337.8	202.689	50.3737
0.00312	0	0	0	56340.9	202.727	50.3669
0.00336	0	0	0	56344.1	202.765	50.36
0.0036	0	0	0	56347.4	202.804	50.353
0.00384	0	0	0	56350.8	202.843	50.3458
0.00408	0	0	0	56354.1	202.883	50.3386
0.00432	0	0	0	56357.5	202.923	50.3314
0.00456	0	0	0	56361	202.964	50.3239
0.0048	0	0	0	56364.6	203.006	50.3164
0.00504	0	0	0	56368.1	203.047	50.3089
0.00528	0	0	0	56371.7	203.09	50.3012
0.00552	0	0	0	56375.4	203.134	50.2933
0.00576	0	0	0	56379.1	203.177	50.2854
0.006	0	0	0	56382.8	203.221	50.2775
0.00624	0	0	0	56386.6	203.267	50.2693
0.00648	0	0	0	56390.5	203.313	50.261
0.00672	0	0	0	56394.4	203.359	50.2527
0.00696	0	0	0	56398.4	203.406	50.2443
0.0072	0	0	0	56402.5	203.454	50.2356
0.00744	0	0	0	56406.5	203.502	50.2269
0.00768	0	0	0	56410.6	203.551	50.2182
0.00792	0	0	0	56414.9	203.601	50.2092
0.00816	0	0	0	56419.2	203.652	50.2
0.0084	0	0	0	56423.5	203.703	50.1909
0.00864	0	0	0	56427.9	203.755	50.1816
0.00888	0	0	0	56432.4	203.808	50.172
0.00912	0	0	0	56436.9	203.862	50.1624
0.00936	0	0	0	56441.5	203.916	50.1528
0.0096	0	0	0	56446.2	203.971	50.1429
0.00984	0	1	0	56450.9	204.028	50.1328
0.01008	0	0	0	56455.7	204.085	50.1226
0.01032	0	0	0	56460.5	204.142	50.1125
0.01056	0	0	0	56465.6	204.201	50.1018
0.0108	0	0	0	56470.6	204.261	50.0912
0.01104	0	1	0	56475.6	204.321	50.0806
0.01128	0	0	0	56480.8	204.383	50.0696
0.01152	0	2	0	56486.1	204.446	50.0584
0.01176	0	0	0	56491.5	204.509	50.0471
0.012	0	0	0	56496.8	204.572	50.0359
0.01224	0	0	0	56502.4	204.639	50.0241
0.01248	0	0	0	56508	204.706	50.0122
0.01272	0	3	0	56513.7	204.773	50.0004
0.01296	0	0	2	56519.5	204.842	49.9883
0.0132	0	0	0	56525.4	204.913	49.9757
0.01344	0	0	0	56531.4	204.984	49.9632
0.01368	0	1	1	56537.3	205.055	49.9507
0.01392	0	1	0	56543.6	205.129	49.9376
0.01416	0	0	0	56549.9	205.204	49.9244
0.0144	0	0	0	56556.2	205.28	49.9111
0.01464	0	0	0	56562.6	205.356	49.8977
0.01488	0	3	0	56569.3	205.436	49.8837
0.01512	0	2	0	56576	205.516	49.8697
0.01536	0	1	0	56582.7	205.596	49.8557
0.0156	0	0	1	56589.7	205.679	49.8412
0.01584	0	0	0	56596.8	205.764	49.8263
0.01608	0	1	0	56603.9	205.849	49.8115
0.01632	0	1	1	56611.1	205.934	49.7966
0.01656	0	5	1	56618.7	206.025	49.7809
0.0168	0	1	0	56626.2	206.115	49.7652
0.01704	0	3	0	56633.8	206.205	49.7495
0.01728	0	0	1	56641.6	206.299	49.7333
0.01752	0	0	1	56649.6	206.395	49.7166
0.01776	0	5	2	56657.7	206.491	49.6999
0.018	0	4	1	56665.7	206.587	49.6833
0.01824	0	3	0	56674.3	206.69	49.6656
0.01848	0	4	0	56682.8	206.793	49.6479
0.01872	0	1	3	56691.4	206.895	49.6303
0.01896	0	8	1	56700.2	207.001	49.6121
0.0192	0	4	2	56709.3	207.111	49.5932
0.01944	0	3	1	56718.5	207.22	49.5744
0.01968	0	2	2	56727.6	207.33	49.5556
0.01992	0	4	3	56737.3	207.447	49.5357
0.02016	0	4	1	56747.1	207.564	49.5156
0.0204	0	3	4	56756.9	207.682	49.4956
0.02064	0	3	0	56766.8	207.802	49.4752
0.02088	0	4	0	56777.3	207.927	49.4538
0.02112	0	6	0	56787.7	208.053	49.4325
0.02136	0	7	0	56798.2	208.179	49.4112
0.0216	0	7	2	56809.1	208.311	49.3888
0.02184	0	6	0	56820.3	208.446	49.366
0.02208	0	8	0	56831.5	208.581	49.3433
0.02232	0	9	4	56842.8	208.717	49.3203
0.02256	0	7	2	56854.8	208.862	49.2959
0.0228	0	6	3	56866.8	209.007	49.2716
0.02304	0	7	1	56878.8	209.153	49.2472
0.02328	0	8	1	56891.4	209.304	49.2219
0.02352	0	5	7	56904.3	209.461	49.1958
0.02376	0	19	2	56917.2	209.617	49.1698
0.024	0	13	3	56930.1	209.774	49.1438
0.02424	0	11	5	56944	209.942	49.1158
0.02448	0	13	3	56957.9	210.111	49.0879
0.02472	0	16	4	56971.8	210.28	49.0601
0.02496	0	17	2	56986.2	210.454	49.0313
0.0252	0	14	4	57001.2	210.636	49.0014
0.02544	0	15	6	57016.1	210.819	48.9715
0.02568	0	13	0	57031.1	211.001	48.9416
0.02592	0	17	4	57047.1	211.2	48.9132
0.02616	0	24	3	57063.3	211.407	48.8897
0.0264	0	24	4	57079.4	211.615	48.8663
0.02664	0	25	3	57096	211.827	48.8424
0.02688	0	27	4	57113.4	212.052	48.8172
0.02712	0	35	4	57130.9	212.277	48.792
0.02736	0	30	5	57148.4	212.501	48.7668
0.0276	0	26	5	57167	212.74	48.7402
0.02784	0	33	4	57185.9	212.985	48.7129
0.02808	0	36	4	57204.9	213.229	48.6857
0.02832	0	27	8	57224.2	213.477	48.6582
0.02856	0	37	9	57244.8	213.743	48.6287
0.0288	0	44	5	57265.4	214.009	48.5993
0.02904	0	52	9	57286.1	214.276	48.5699
0.02928	0	51	3	57307.7	214.556	48.5392
0.02952	0	42	6	57330.1	214.845	48.5074
0.02976	0	54	9	57352.5	215.135	48.4757
0.03	0	69	5	57374.9	215.425	48.444
0.03024	0	77	8	57399.4	215.742	48.4095
0.03048	0	65	9	57423.9	216.059	48.3751
0.03072	0	74	9	57448.3	216.376	48.3407
0.03096	0	80	12	57473.8	216.707	48.305
0.0312	0	75	11	57500.6	217.055	48.2675
0.03144	0	71	5	57527.5	217.403	48.2301
0.03168	0	102	7	57554.3	217.752	48.1927
0.03192	0	88	7	57583.3	218.129	48.1525
0.03216	0	99	8	57612.6	218.511	48.1118
0.0324	0	119	11	57641.9	218.893	48.0713
0.03264	0	131	8	57672.1	219.286	48.0298
0.03288	0	139	7	57704.2	219.705	47.9856
0.03312	0	145	7	57736.3	220.125	47.9416
0.03336	0	160	6	57768.4	220.544	47.8977
0.0336	0	154	11	57802.7	220.993	47.8509
0.03384	0	193	9	57837.9	221.454	47.803
0.03408	0	207	11	57873.1	221.915	47.7553
0.03432	0	250	7	57908.8	222.383	47.7071
0.03456	0	227	6	57947.7	222.893	47.6547
0.0348	0	229	10	57986.6	223.404	47.6026
0.03504	0	233	7	58025.4	223.915	47.5506
0.03528	0	279	6	58066.6	224.457	47.4956
0.03552	0	282	12	58109.6	225.023	47.4385
0.03576	0	335	4	58152.5	225.59	47.3816
0.036	0	349	10	58195.5	226.157	47.325
0.03624	0	355	7	58243	226.785	47.2626
0.03648	0	401	6	58290.4	227.412	47.2005
0.03672	0	445	10	58337.9	228.041	47.1387
0.03696	0	469	6	58387.5	228.699	47.0742
0.0372	0	485	11	58440	229.396	47.0064
0.03744	0	519	1	58492.5	230.094	46.9389
0.03768	0	586	4	58545	230.792	46.8716
0.03792	0	614	5	58602.2	231.555	46.7986
0.03816	0	656	1	58660.3	232.33	46.725
0.0384	0	759	2	58718.3	233.105	46.6518
0.03864	0	770	8	58778.1	233.903	46.5754
0.03888	0	801	4	58842.3	234.707	46.4636
0.03912	0	924	5	58906.5	235.512	46.352
0.03936	0	1115	3	58970.6	236.317	46.2407
0.0396	0	999	7	59039.9	237.186	46.121
0.03984	0	1139	2	59111.2	238.08	45.9981
0.04008	0	1156	13	59182.4	238.974	45.8756
0.04032	0	1438	13	59254.9	239.883	45.7513
0.04056	0	1322	3	59334.6	240.883	45.615
0.0408	0	1439	4	59414.4	241.883	45.4791
0.04104	0	1604	8	59494.1	242.883	45.3437
0.04128	0	1683	8	59578.9	243.946	45.2001
0.04152	0	1915	5	59667.6	245.057	45.0506
0.04176	0	1918	8	59756.2	246.168	44.9016
0.042	0	2100	8	59844.8	247.279	44.7531
0.04224	0	2332	5	59943.2	248.51	44.589
0.04248	0	2548	10	60041.5	249.741	44.4255
0.04272	0	2575	11	60139.8	250.971	44.2626
0.04296	0	2937	12	60242.7	252.258	44.0929
0.0432	0	3063	9	60351.8	253.62	43.9138
0.04344	0	3211	8	60460.8	254.982	43.7354
0.04368	0	3578	5	60569.8	256.368	43.579
0.04392	0	3945	7	60689	257.91	43.4284
0.04416	0	4016	5	60809.9	259.478	43.2771
0.0444	0	4338	5	60930.7	261.051	43.1272
0.04464	0	4811	5	61055.3	262.677	42.9743
0.04488	0	4856	10	61189	264.429	42.8117
0.04512	0	5403	5	61322.7	266.186	42.6508
0.04536	0	6017	2	61456.5	267.95	42.4917
0.0456	0	6148	6	61599.4	269.84	42.3234
0.04584	0	6692	4	61746	271.787	42.1529
0.04608	0	7341	6	61892.6	273.739	41.9843
0.04632	0	7734	6	62041.1	275.725	41.8155
0.04656	0	8222	7	62201.1	277.872	41.6358
0.0468	0	8766	6	62361.2	280.061	41.4276
0.04704	0	9729	2	62521.2	282.261	41.2097
0.04728	0	10273	4	62687.6	284.543	40.9854
0.04752	0	10993	5	62858.6	286.885	40.757
0.04776	0	11907	2	63029.7	289.223	40.5309
0.048	0	12528	4	63200.8	291.554	40.3069
0.04824	0	13714	1	63382.6	294.026	40.0714
0.04848	0	14630	6	63564.3	296.49	39.8382
0.04872	0	15864	4	63746.1	298.946	39.6076
0.04896	0	16831	4	63931.9	301.448	39.3743
0.0492	0	17698	0	64123.1	303.89	39.1672
0.04944	0	18864	5	64314.2	306.281	38.9732
0.04968	0	20213	5	64505.4	308.663	38.782
0.04992	0	22027	2	64699.8	311.076	38.5904
0.05016	0	23404	4	64894.9	313.484	38.4012
0.0504	0	24646	8	65089.9	315.881	38.2149
0.05064	0	26778	8	65284.2	318.257	38.032
0.05088	0	28279	4	65476.9	320.6	37.8535
0.05112	0	30159	3	65669.6	322.93	37.6776
0.05136	0	32355	3	65862.2	325.287	37.4929
0.0516	0	34354	2	66044.8	327.549	37.3132
0.05184	0	36456	4	66223.2	329.779	37.1356
0.05208	0	39191	3	66401.7	332.028	36.9563
0.05232	0	41219	2	66576.8	334.254	36.7786
0.05256	0	44021	5	66731.7	336.239	36.62
0.0528	0	46541	4	66886.7	338.239	36.4602
0.05304	0	49216	2	67041.6	340.253	36.2991
0.05328	0	53047	3	67170.3	341.937	36.1644
0.05352	0	55863	0	67279.2	343.371	36.0497
0.05376	0	58695	4	67388.1	344.812	35.9345
0.054	0	62472	1	67496.9	346.307	35.8101
0.05424	0	65554	2	67550	347.064	35.7444
0.05448	0	69303	4	67603	347.823	35.679
0.05472	0	73421	4	67656	348.583	35.6141
0.05496	0	75970	2	67678.7	348.91	35.5863
0.0552	0	80896	3	67661.2	348.657	35.6077
0.05544	0	84637	6	67643.6	348.405	35.6293
0.05568	0	88976	4	67626	348.153	35.6508
0.05592	0	92578	4	67528.3	346.755	35.7712
0.05616	0	96615	3	67417.3	345.2	35.9035
0.0564	0	101507	2	67306.3	343.729	36.0211
0.05664	0	105052	4	67166.5	341.888	36.1684
0.05688	0	110401	4	66954.9	339.123	36.3894
0.05712	2	115073	3	66743.2	336.387	36.6082
0.05736	0	118765	4	66531.6	333.678	36.8246
0.0576	3	122404	1	66238	329.964	37.1209
0.05784	4	126748	0	65911.5	325.896	37.4446
0.05808	6	132393	4	65585.1	321.91	37.7544
0.05832	6	134523	4	65244.8	317.776	38.0689
0.05856	18	138877	1	64821.3	312.577	38.4722
0.0588	30	143571	5	64397.9	307.325	38.8892
0.05904	55	146890	1	63974.4	302.02	39.3212
0.05928	102	149911	0	63494.1	295.538	39.9281
0.05952	144	152448	4	62971	288.421	40.6082
0.05976	166	155470	1	62447.9	281.254	41.3092
0.06	305	158435	0	61924.9	274.171	41.9474
0.06024	391	161424	5	61327.8	266.252	42.6448
0.06048	531	164279	1	60730.6	258.449	43.3761
0.06072	719	167263	3	60133.5	250.892	44.2731
0.06096	956	168742	1	59519.2	243.198	45.3012
0.0612	1412	170317	2	58882	235.205	46.3946
0.06144	1831	173027	1	58244.7	226.808	47.2603
0.06168	2506	175110	1	57607.5	218.445	48.1189
0.06192	3182	175269	0	56962.1	210.162	49.0794
0.06216	3911	174357	2	56315.4	202.426	50.4216
0.0624	4584	176291	2	55668.7	194.919	51.8581
0.06264	5388	176017	1	55033.9	187.779	53.2776
0.06288	6428	176664	1	54429	181.05	54.5272
0.06312	7673	176988	0	53824.1	174.335	55.7478
0.06336	8759	177710	1	53219.2	167.479	56.8591
0.0636	10464	176110	1	52649.7	160.959	57.9135
0.06384	11761	176232	0	52094.3	154.666	59.0245
0.06408	13405	177797	3	51538.9	148.626	60.4323
0.06432	15317	176930	0	50994.8	142.867	62.0664
0.06456	16891	174145	0	50518.5	137.83	63.5592
0.0648	18835	175043	1	50042.2	132.688	65.0205
0.06504	20355	174702	6	49565.9	126.962	65.989
0.06528	22115	173238	0	49130.6	122.09	67.0707
0.06552	23962	171744	1	48726.1	117.85	68.2521
0.06576	25725	172259	3	48321.5	114.05	69.7359
0.066	27831	169748	1	47917	111.759	72.3842
0.06624	29494	168859	1	47590.5	109.872	74.6726
0.06648	31452	170918	1	47264	107.954	77.1049
0.06672	33725	166592	85	46937.5	106.007	79.6905
0.06696	35806	167056	183	46645.9	104.247	82.1374
0.0672	37435	164690	521	46400.9	101.843	83.9248
0.06744	38993	165938	972	46155.9	99.3582	85.6126
0.06768	41006	163876	2093	45910.9	96.8504	87.2111
0.06792	42906	162778	2656	45701.3	94.6897	88.5033
0.06816	44270	164221	3339	45497.5	92.5795	89.6885
0.0684	46125	165226	4004	45293.8	90.4622	90.8009
0.06864	47209	166030	5497	45100.4	88.448	91.7865
0.06888	48629	164240	7952	44932.8	86.7013	92.5832
0.06912	50225	166102	9997	44765.2	85.2772	93.0699
0.06936	51304	166686	12449	44597.6	83.9286	93.4542
0.0696	52912	167480	13752	44448.8	82.723	93.7674
0.06984	54252	167200	16636	44307.4	81.5722	94.04
0.07008	55431	170566	18575	44166.1	80.4162	94.2882
0.07032	56521	173098	21137	44030.5	79.3036	94.5032
0.07056	58542	173149	26147	43929.7	78.4742	94.6482
0.0708	59572	174512	27011	43828.9	77.6432	94.7806
0.07104	60686	177580	30946	43728.2	76.8107	94.9003
0.07128	61545	176813	36976	43651.9	76.1801	94.9824
0.07152	63204	180120	39387	43594.1	75.7013	95.0398
0.07176	63890	182723	40749	43536.2	75.2223	95.093
0.072	65014	184008	47920	43478.4	74.7429	95.142
0.07224	66183	186676	51544	43446.3	74.4765	95.1674
0.07248	67287	190137	54742	43414.1	74.2101	95.1915
0.07272	68071	193859	59587	43382	73.9436	95.2142
0.07296	69177	197419	65297	43353.7	73.7091	95.2332
0.0732	70247	201143	70545	43330.6	73.5173	95.2479
0.07344	70846	207406	73929	43307.5	73.3256	95.262
0.07368	72144	210108	78582	43284.4	73.1338	95.2754
0.07392	73520	213544	87602	43264.8	72.9716	95.2862
0.07416	74415	217863	90418	43245.9	72.8143	95.2962
0.0744	74757	223543	97994	43226.9	72.6571	95.3057
0.07464	76001	229032	104482	43209.8	72.5149	95.3139
0.07488	76743	233002	111251	43197.2	72.4103	95.3198
0.07512	77496	239803	117240	43184.6	72.3058	95.3254
0.07536	78614	244370	124026	43172	72.2012	95.3308
0.0756	79201	249416	130687	43139.4	71.8746	95.3527
0.07584	79636	254485	137359	43098.9	71.4437	95.3859
0.07608	80091	261322	142152	43058.3	71.0146	95.4218
0.07632	81148	268197	150430	43012.7	70.5338	95.4656
0.07656	82243	275212	158814	42936.5	69.7362	95.5463
0.0768	82450	280431	163641	42860.3	68.9451	95.6367
0.07704	83264	287896	172142	42784.2	68.1603	95.7368
0.07728	83454	295173	183619	42713.3	67.4364	95.8386
0.07752	83944	301038	190383	42646.5	66.7586	95.9423
0.07776	85275	308694	197861	42579.7	66.0857	96.0536
0.078	85404	316109	208021	42512.9	65.4176	96.1725
0.07824	85847	324669	225974	42533.6	65.6246	96.1348
0.07848	86551	332348	232142	42554.4	65.8321	96.0978
0.07872	86606	341013	244557	42575.1	66.04	96.0615
0.07896	87570	351174	262390	42644.2	66.7349	95.9461
0.0792	88123	357913	273705	42777.6	68.0926	95.7459
0.07944	88554	364448	280294	42910.9	69.4698	95.5756
0.07968	89267	377175	292487	43044.3	70.8667	95.4349
0.07992	90012	387102	313179	43224.6	72.6378	95.3068
0.08016	90908	396010	316981	43412.7	74.198	95.1925
0.0804	91965	409051	325337	43600.8	75.7566	95.0334
0.08064	92654	421222	345258	43800	77.4042	94.8163
0.08088	93368	435338	363243	44027.1	79.2757	94.5082
0.08112	94643	443452	363039	44254.2	81.1376	94.1363
0.08136	96195	455384	378829	44481.3	82.9871	93.7012
0.0816	97774	472622	410842	44755	85.1949	93.0944
0.08184	98374	478386	410311	45047.2	87.8937	92.0452
0.08208	100852	490554	414332	45339.4	90.9367	90.5583
0.08232	102699	509861	442826	45634.2	93.9964	88.9011
0.08256	104226	528264	476996	45944.9	97.1991	86.9952
0.0828	107064	537656	455829	46255.5	100.371	84.9371
0.08304	110472	556451	470955	46566.1	103.502	82.7396
0.08328	112480	585744	521759	46855	105.511	80.3696
0.08352	114858	600451	529091	47127.5	107.143	78.1666
0.08376	118334	618523	520561	47400	108.757	76.0733
0.084	121012	652475	561921	47672.6	110.35	74.084
0.08424	124282	691519	647973	47875.9	111.524	72.6646
0.08448	127240	702710	586758	48079.2	112.685	71.2981
0.08472	129623	730322	603258	48282.6	113.832	69.9825
0.08496	133544	764424	684096	48458.9	115.191	69.1296
0.0852	137404	781685	709704	48599.1	116.573	68.6591
0.08544	140784	795967	651828	48739.4	117.985	68.2104
0.08568	144347	827584	698513	48879.7	119.428	67.783
0.08592	148295	869742	857732	48885.2	119.486	67.7666
0.08616	151047	870850	714957	48868.3	119.31	67.8169
0.0864	155735	889432	706843	48851.4	119.135	67.8675
0.08664	158980	936332	824583	48770	118.298	68.1152
0.08688	162479	967667	899738	48527.7	115.865	68.8961
0.08712	165127	967946	735129	48285.3	113.847	69.9654
0.08736	168990	992964	793764	48042.9	112.478	71.5388
0.0876	172911	1.03467e+06	999074	47810.9	111.15	73.1127
0.08784	176184	1.0314e+06	860999	47583.1	109.829	74.7261
0.08808	179627	1.03924e+06	799412	47355.3	108.493	76.4097
0.08832	184914	1.07172e+06	929760	47167.9	107.384	77.85
0.08856	189094	1.10044e+06	1.09084e+06	47222.5	107.708	77.4249
0.0888	193724	1.08218e+06	844351	47277.1	108.032	77.0041
0.08904	199474	1.09562e+06	874875	47331.8	108.355	76.5877
0.08928	204691	1.1318e+06	1.09169e+06	47619.6	110.042	74.4628
0.08952	212300	1.12379e+06	1.01739e+06	48082.3	112.702	71.2776
0.08976	222809	1.12154e+06	863594	48545.1	116.037	68.8378
0.09	232944	1.14161e+06	973079	49007.8	120.775	67.4111
0.09024	243730	1.18546e+06	1.22423e+06	49776.9	129.446	65.5329
0.09048	251815	1.15726e+06	895369	50546	138.12	63.4713
0.09072	255308	1.1652e+06	908868	51315.1	146.258	61.0954
0.09096	256951	1.20138e+06	1.12924e+06	52170.7	155.528	58.8665
0.0912	253246	1.20112e+06	1.11763e+06	53141.8	166.589	56.9975
0.09144	244701	1.1861e+06	928392	54112.9	177.538	55.1689
0.09168	244570	1.19164e+06	1.01177e+06	55083.9	188.336	53.1731
0.09192	254704	1.23592e+06	1.24128e+06	56112.3	200.044	50.8624
0.09216	259957	1.20118e+06	1.02501e+06	57150.2	212.524	48.7643
0.0924	247496	1.19186e+06	973237	58188	226.059	47.3348
0.09264	222787	1.20528e+06	1.1076e+06	59123.8	238.239	45.9763
0.09288	193050	1.22032e+06	1.26316e+06	59804.3	246.771	44.8209
0.09312	167165	1.18525e+06	991546	60484.8	255.282	43.6962
0.09336	144890	1.18258e+06	1.02827e+06	61165.4	264.119	42.8403
0.0936	121253	1.21505e+06	1.32016e+06	61365.7	266.752	42.5995
0.09384	98138	1.19098e+06	1.12032e+06	61374	266.862	42.5896
0.09408	77012	1.18175e+06	992993	61382.3	266.971	42.5797
0.09432	58880	1.19535e+06	1.12978e+06	61312.4	266.05	42.6632
0.09456	44116	1.23144e+06	1.40495e+06	60773.1	259	43.323
0.0948	32074	1.20032e+06	1.0241e+06	60233.8	252.146	44.1076
0.09504	22578	1.20169e+06	1.04716e+06	59694.5	245.395	45.0052
0.09528	14802	1.24189e+06	1.35546e+06	59012.9	236.848	46.1676
0.09552	9519	1.23603e+06	1.24758e+06	58224.7	226.543	47.2866
0.09576	5968	1.22811e+06	1.03713e+06	57436.4	216.221	48.3575
0.096	3731	1.24227e+06	1.18589e+06	56648.1	206.377	49.7197
0.09624	2364	1.30071e+06	1.44608e+06	55778.4	196.177	51.6074
0.09648	1376	1.2654e+06	1.14111e+06	54908.7	186.386	53.5384
0.09672	807	1.27152e+06	1.10351e+06	54039	176.718	55.3177
0.09696	412	1.31116e+06	1.33746e+06	53189.2	167.134	56.9125
0.0972	218	1.31865e+06	1.36174e+06	52366	157.736	58.4705
0.09744	101	1.30654e+06	1.15332e+06	51542.8	148.667	60.4208
0.09768	59	1.31531e+06	1.23134e+06	50719.5	139.955	62.9218
0.09792	26	1.36912e+06	1.51598e+06	49884.5	130.745	65.3168
0.09816	10	1.33895e+06	1.23316e+06	49047.6	121.198	67.299
0.0984	8	1.34423e+06	1.18202e+06	48210.7	113.428	70.442
0.09864	2	1.38185e+06	1.32495e+06	47351.6	108.472	76.4374
0.09888	1	1.40009e+06	1.54429e+06	46437.4	102.21	83.6662
0.09912	1	1.37508e+06	1.17523e+06	45523.2	92.8457	89.5432
0.09936	1	1.39636e+06	1.25961e+06	44608.9	84.0198	93.4293
0.0996	0	1.45085e+06	1.66708e+06	43425.3	74.3026	95.1833
0.09984	0	1.42862e+06	1.37618e+06	42133.8	61.7197	96.9913
0.10008	0	1.42516e+06	1.18637e+06	40842.4	51.1234	102.927
0.10032	0	1.46297e+06	1.43012e+06	39433	43.1586	116.059
0.10056	0	1.52117e+06	1.62179e+06	37316.2	33.0723	143.587
0.1008	0	1.48869e+06	1.31234e+06	35199.3	20.8329	163.89
0.10104	0	1.50256e+06	1.32957e+06	33082.5	12.6232	192.803
0.10128	0	1.57231e+06	1.55955e+06	30540.2	6.64037	255.811
0.10152	0	1.56683e+06	1.54976e+06	27678.7	2.44664	363.632
0.10176	0	1.54939e+06	1.35108e+06	24817.3	0.6505	524.374
0.102	0	1.58104e+06	1.46624e+06	21955.9	0.30488	789.854
0.10224	0	1.65787e+06	2.05547e+06	18133.2	0	1517.55
0.10248	0	1.60131e+06	1.40334e+06	14310.6	0	4505.92
0.10272	0	1.62029e+06	1.35161e+06	10487.9	0	21890.2
0.10296	0	1.68998e+06	1.7089e+06	7188.74	0	47400.4
0.1032	0	1.68908e+06	1.66911e+06	4587.53	0	72445.5
0.10344	0	1.67697e+06	1.42444e+06	1986.32	0	72445.5
0.10368	0	1.6992e+06	1.60095e+06	-614.887	0	72445.5
0.10392	70	1.79718e+06	1.83133e+06	3867.94	0	72445.5
0.10416	20258	1.77293e+06	1.63675e+06	9531.45	0	28654.3
0.1044	509599	1.78225e+06	1.48047e+06	15195	0	3110.2
0.10464	1.6416e+06	1.83844e+06	1.27561e+06	23064.8	0.219025	667.457
0.10488	2.55137e+06	1.88236e+06	478453	36450.4	28.3971	154.791
0.10512	2.96689e+06	1.85649e+06	88810	49836	130.156	65.4129
0.10536	3.24524e+06	1.88421e+06	7	63221.5	291.837	40.2799
0.1056	3.23791e+06	1.92662e+06	11	74335.9	445.799	30.3012
0.10584	2.80544e+06	1.75451e+06	15	84541.7	602.194	23.9581
0.10608	2.1608e+06	1.49984e+06	16	94747.5	768.176	19.2092
0.10632	1.71493e+06	1.24291e+06	8	103876	914.446	14.5346
0.10656	1.41757e+06	991667	15	106543	957.179	13.169
0.1068	1.07961e+06	710674	13	109210	999.912	11.8033
0.10704	766899	482187	17	111877	1042.64	10.4376
0.10728	516425	313673	10	112115	1046.45	10.3159
0.10752	319857	196779	11	110531	1021.07	11.1271
0.10776	178395	125360	8	108947	995.689	11.9383
0.108	88372	88521	6	107363	970.306	12.7495
0.10824	38667	71868	4	104543	925.129	14.1932
0.10848	14576	68088	10	101724	879.952	15.637
0.10872	4734	69253	5	98904	834.776	17.0808
0.10896	1329	72870	9	96223	791.818	18.4536
0.1092	382	76861	6	93726.7	751.82	19.7319
0.10944	147	80727	20	91230.4	711.821	21.0102
0.10968	97	85722	14	88734	672.103	22.3761
0.10992	47	90833	7	86698.8	636.829	22.4979
0.11016	50	95536	5	84740.5	604.878	23.7986
0.1104	48	100651	11	82782.1	576.387	25.2376
0.11064	31	106218	5	80910.2	544.071	25.7897
0.11088	38	110712	0	79254.3	521.243	26.0649
0.11112	32	116540	5	77598.5	496.89	27.9398
0.11136	36	121540	5	75942.6	468.865	29.366
0.1116	70	124355	4	74349.2	446.028	30.2988
0.11184	59	129891	4	72780.7	419.593	30.7426
0.11208	60	132406	3	71212.1	398.391	32.3679
0.11232	109	137073	1	69644.8	377.351	33.5763
0.11256	175	140603	5	68084.8	354.766	35.1007
0.1128	203	143349	2	66524.8	333.591	36.8316
0.11304	257	144640	2	64964.8	314.345	38.3341
0.11328	308	145762	4	63408.8	294.382	40.0376
0.11352	379	145376	3	61855.8	273.25	42.0263
0.11376	507	145088	9	60302.9	253.01	43.994
0.114	697	143359	4	58749.9	233.528	46.612
0.11424	781	139972	4	57284.7	214.259	48.5718
0.11448	878	137809	1	55819.6	196.65	51.5142
0.11472	1048	133756	75	54354.4	180.22	54.6794
0.11496	1183	128892	1132	52958.5	164.487	57.3313
0.1152	1408	125251	4286	51655.2	149.856	60.0924
0.11544	1510	124106	7397	50351.9	136.071	64.0957
0.11568	1655	123629	12998	49048.5	121.208	67.2965
0.11592	1824	121428	18488	47899.3	111.658	72.5049
0.11616	1943	120340	25082	46775.7	105.033	81.0315
0.1164	2108	121208	32085	45652.2	94.1823	88.7952
0.11664	2170	121221	41438	44587.2	83.8439	93.4771
0.11688	2427	120670	52504	43668.4	76.3166	94.9653
0.11712	2485	121873	63696	42749.7	67.807	95.7853
0.11736	2762	123532	74615	41830.9	58.8758	97.8255
0.1176	2739	123799	86432	41056.9	52.5736	101.452
0.11784	2769	125843	97722	40340.8	47.9796	106.887
0.11808	2817	127283	110932	39624.7	44.0608	113.914
0.11832	2918	129949	123454	39023.7	41.2333	120.837
0.11856	2988	132155	135910	39113.6	41.6556	119.764
0.1188	3062	135176	140643	39203.5	42.0783	118.705
0.11904	3050	140074	144792	39293.3	42.5011	117.659
0.11928	3085	142874	149312	41174.3	53.3962	100.698
0.11952	2723	149510	125799	44398.7	82.3158	93.8667
0.11976	0	146460	75479	47623.1	110.062	74.438
