0	0	0	0	56560.6	205.332	49.9019
0.00024	0	0	0	56565	205.385	49.8927
0.00048	0	0	0	56569.4	205.437	49.8835
0.00072	0	0	0	56573.8	205.49	49.8743
0.00096	0	0	0	56578.3	205.543	49.8649
0.0012	0	0	0	56582.9	205.598	49.8554
0.00144	0	0	0	56587.5	205.652	49.8458
0.00168	0	0	0	56592.1	205.707	49.8363
0.00192	0	0	0	56596.8	205.763	49.8264
0.00216	0	0	0	56601.5	205.82	49.8165
0.0024	0	0	0	56606.3	205.877	49.8066
0.00264	0	0	0	56611.1	205.935	49.7966
0.00288	0	0	0	56616.1	205.994	49.7863
0.00312	0	0	0	56621	206.053	49.776
0.00336	0	0	0	56626	206.112	49.7657
0.0036	0	0	0	56631.1	206.173	49.7551
0.00384	0	0	0	56636.2	206.235	49.7443
0.00408	0	0	0	56641.4	206.297	49.7336
0.00432	0	0	0	56646.6	206.359	49.7229
0.00456	0	0	0	56652	206.423	49.7117
0.0048	0	0	0	56657.4	206.487	49.7006
0.00504	0	0	0	56662.7	206.552	49.6895
0.00528	0	0	0	56668.2	206.618	49.6781
0.00552	0	0	0	56673.8	206.685	49.6665
0.00576	0	0	0	56679.4	206.752	49.6549
0.006	0	0	0	56685.1	206.819	49.6433
0.00624	0	0	0	56690.9	206.889	49.6312
0.00648	0	0	0	56696.7	206.96	49.6192
0.00672	0	0	0	56702.6	207.03	49.6071
0.00696	0	0	0	56708.6	207.101	49.5949
0.0072	0	0	0	56714.7	207.174	49.5823
0.00744	0	0	0	56720.8	207.248	49.5697
0.00768	0	0	0	56726.9	207.321	49.5572
0.00792	0	0	0	56733.2	207.397	49.5442
0.00816	0	0	0	56739.6	207.474	49.5311
0.0084	0	0	0	56745.9	207.55	49.518
0.00864	0	0	0	56752.4	207.628	49.5048
0.00888	0	0	0	56759.1	207.708	49.4911
0.00912	0	0	0	56765.7	207.788	49.4775
0.00936	0	0	0	56772.4	207.868	49.4638
0.0096	0	0	0	56779.2	207.951	49.4498
0.00984	0	1	0	56786.2	208.035	49.4355
0.01008	0	0	0	56793.2	208.119	49.4213
0.01032	0	0	0	56800.2	208.203	49.407
0.01056	0	0	0	56807.5	208.291	49.3922
0.0108	0	0	0	56814.8	208.379	49.3773
0.01104	0	0	0	56822	208.467	49.3625
0.01128	0	0	0	56829.5	208.557	49.3473
0.01152	0	0	0	56837.1	208.649	49.3318
0.01176	0	0	0	56844.8	208.741	49.3163
0.012	0	0	0	56852.4	208.833	49.3008
0.01224	0	0	0	56860.4	208.93	49.2846
0.01248	0	0	0	56868.4	209.026	49.2684
0.01272	0	4	0	56876.4	209.123	49.2522
0.01296	0	0	0	56884.5	209.221	49.2357
0.0132	0	0	0	56892.9	209.323	49.2188
0.01344	0	0	0	56901.3	209.424	49.2019
0.01368	0	0	0	56909.7	209.526	49.185
0.01392	0	0	0	56918.4	209.631	49.1674
0.01416	0	0	0	56927.2	209.738	49.1497
0.0144	0	0	0	56936	209.845	49.132
0.01464	0	0	0	56944.9	209.953	49.1141
0.01488	0	0	0	56954.1	210.065	49.0955
0.01512	0	1	0	56963.4	210.177	49.077
0.01536	0	0	0	56972.6	210.289	49.0585
0.0156	0	0	1	56982.2	210.405	49.0393
0.01584	0	1	0	56991.9	210.523	49.0199
0.01608	0	1	0	57001.6	210.641	49.0005
0.01632	0	0	1	57011.4	210.76	48.981
0.01656	0	0	0	57021.6	210.885	48.9607
0.0168	0	0	0	57031.8	211.009	48.9403
0.01704	0	1	0	57042	211.134	48.9206
0.01728	0	0	0	57052.5	211.269	48.9054
0.01752	0	2	0	57063.2	211.407	48.8898
0.01776	0	1	1	57074	211.545	48.8743
0.018	0	3	0	57084.7	211.683	48.8587
0.01824	0	1	0	57096	211.828	48.8424
0.01848	0	2	0	57107.3	211.973	48.826
0.01872	0	2	0	57118.6	212.119	48.8097
0.01896	0	1	0	57130.2	212.268	48.793
0.0192	0	1	0	57142.2	212.421	48.7758
0.01944	0	3	0	57154.1	212.575	48.7587
0.01968	0	2	1	57166	212.728	48.7415
0.01992	0	2	0	57178.5	212.889	48.7235
0.02016	0	1	1	57191.1	213.052	48.7055
0.0204	0	1	0	57203.7	213.214	48.6874
0.02064	0	3	1	57216.5	213.379	48.6691
0.02088	0	6	1	57229.8	213.551	48.6501
0.02112	0	1	2	57243.2	213.722	48.631
0.02136	0	4	1	57256.5	213.894	48.6121
0.0216	0	2	1	57270.3	214.073	48.5923
0.02184	0	2	0	57284.4	214.255	48.5723
0.02208	0	6	2	57298.5	214.437	48.5522
0.02232	0	4	1	57312.7	214.62	48.5321
0.02256	0	5	1	57327.6	214.813	48.511
0.0228	0	5	1	57342.5	215.005	48.4899
0.02304	0	5	0	57357.4	215.198	48.4688
0.02328	0	10	2	57372.8	215.397	48.447
0.02352	0	7	2	57388.6	215.602	48.4247
0.02376	0	8	1	57404.4	215.807	48.4025
0.024	0	9	1	57420.2	216.011	48.3802
0.02424	0	3	3	57437	216.229	48.3567
0.02448	0	4	1	57453.7	216.446	48.3331
0.02472	0	6	2	57470.5	216.664	48.3096
0.02496	0	7	4	57487.8	216.888	48.2855
0.0252	0	8	5	57505.6	217.119	48.2606
0.02544	0	11	2	57523.4	217.351	48.2357
0.02568	0	9	1	57541.2	217.582	48.2109
0.02592	0	11	2	57560	217.827	48.1847
0.02616	0	8	5	57579	218.073	48.1584
0.0264	0	11	1	57597.9	218.32	48.1322
0.02664	0	22	1	57617.2	218.571	48.1055
0.02688	0	18	3	57637.4	218.834	48.0776
0.02712	0	14	6	57657.6	219.097	48.0497
0.02736	0	17	3	57677.7	219.36	48.022
0.0276	0	14	2	57698.9	219.636	47.9929
0.02784	0	22	1	57720.4	219.917	47.9634
0.02808	0	21	2	57741.9	220.198	47.9339
0.02832	0	18	1	57763.6	220.482	47.9042
0.02856	0	23	8	57786.6	220.782	47.8729
0.0288	0	26	5	57809.6	221.083	47.8416
0.02904	0	21	5	57832.5	221.383	47.8103
0.02928	0	38	1	57856.4	221.696	47.778
0.02952	0	42	7	57881	222.018	47.7447
0.02976	0	31	5	57905.5	222.34	47.7116
0.03	0	36	6	57930	222.662	47.6785
0.03024	0	30	3	57956.3	223.007	47.6431
0.03048	0	53	4	57982.6	223.352	47.6079
0.03072	0	52	3	58008.8	223.697	47.5727
0.03096	0	34	9	58035.9	224.053	47.5365
0.0312	0	59	3	58064	224.424	47.499
0.03144	0	68	5	58092.2	224.794	47.4616
0.03168	0	55	4	58120.3	225.165	47.4243
0.03192	0	69	5	58150.2	225.56	47.3847
0.03216	0	76	11	58180.4	225.959	47.3448
0.0324	0	62	8	58210.7	226.358	47.305
0.03264	0	75	8	58241.5	226.766	47.2645
0.03288	0	93	9	58274	227.195	47.2219
0.03312	0	102	1	58306.5	227.625	47.1795
0.03336	0	93	12	58339	228.056	47.1372
0.0336	0	100	9	58373.2	228.51	47.0927
0.03384	0	114	14	58408.2	228.974	47.0474
0.03408	0	94	6	58443.2	229.438	47.0023
0.03432	0	128	12	58478.5	229.908	46.9568
0.03456	0	147	6	58516.2	230.409	46.9085
0.0348	0	120	12	58553.8	230.91	46.8603
0.03504	0	182	6	58591.5	231.412	46.8123
0.03528	0	179	7	58630.8	231.936	46.7624
0.03552	0	187	13	58671.4	232.478	46.711
0.03576	0	183	6	58712	233.02	46.6598
0.036	0	205	9	58752.5	233.563	46.6087
0.03624	0	220	6	58796.4	234.131	46.5436
0.03648	0	224	4	58840.2	234.681	46.4673
0.03672	0	262	2	58884	235.23	46.3911
0.03696	0	298	5	58929.3	235.799	46.3124
0.0372	0	296	5	58976.7	236.393	46.2303
0.03744	0	287	7	59024	236.987	46.1484
0.03768	0	354	3	59071.4	237.581	46.0666
0.03792	0	343	11	59122.1	238.217	45.9793
0.03816	0	364	5	59173.3	238.859	45.8913
0.0384	0	451	1	59224.5	239.501	45.8034
0.03864	0	474	6	59276.9	240.159	45.7137
0.03888	0	488	2	59332.3	240.854	45.619
0.03912	0	522	8	59387.7	241.549	45.5245
0.03936	0	567	5	59443.2	242.244	45.4302
0.0396	0	611	5	59501.9	242.981	45.3304
0.03984	0	608	8	59562	243.735	45.2287
0.04008	0	687	4	59622.1	244.488	45.1271
0.04032	0	734	5	59683	245.251	45.0246
0.04056	0	786	4	59748.1	246.067	44.9151
0.0408	0	852	12	59813.3	246.884	44.8058
0.04104	0	897	6	59878.5	247.7	44.6969
0.04128	0	974	6	59946.7	248.554	44.5831
0.04152	0	1111	3	60017.1	249.436	44.4659
0.04176	0	1103	6	60087.6	250.318	44.349
0.042	0	1314	3	60158.1	251.2	44.2325
0.04224	0	1300	6	60234.5	252.155	44.1064
0.04248	0	1418	3	60310.9	253.11	43.9808
0.04272	0	1520	8	60387.4	254.065	43.8555
0.04296	0	1548	4	60466.5	255.053	43.7261
0.0432	0	1760	3	60549.4	256.104	43.605
0.04344	0	1838	6	60632.2	257.174	43.5
0.04368	0	2020	5	60715	258.247	43.3957
0.04392	0	2223	7	60803.5	259.394	43.2851
0.04416	0	2339	2	60892.8	260.557	43.1741
0.0444	0	2478	11	60982.2	261.722	43.0639
0.04464	0	2681	7	61073.4	262.915	42.9521
0.04488	0	2971	2	61169.6	264.174	42.8352
0.04512	0	3261	3	61265.7	265.436	42.7192
0.04536	0	3375	6	61361.9	266.702	42.6041
0.0456	0	3667	5	61462.9	268.035	42.4841
0.04584	0	3784	3	61565.9	269.396	42.3627
0.04608	0	4346	6	61668.8	270.762	42.2424
0.04632	0	4589	6	61772.9	272.144	42.1218
0.04656	0	4908	2	61883.1	273.614	41.9951
0.0468	0	5231	5	61993.4	275.087	41.8694
0.04704	0	5595	5	62103.7	276.564	41.7449
0.04728	0	6105	9	62218	278.099	41.617
0.04752	0	6450	5	62335.3	279.706	41.4629
0.04776	0	6919	2	62452.7	281.319	41.3028
0.048	0	7298	0	62570	282.93	41.1438
0.04824	0	7984	3	62694	284.631	40.9768
0.04848	0	8338	2	62818	286.329	40.8111
0.04872	0	9192	4	62942	288.025	40.6465
0.04896	0	9980	8	63068.5	289.752	40.4799
0.0492	0	10531	12	63198.3	291.521	40.3101
0.04944	0	11488	5	63328.1	293.286	40.1416
0.04968	0	11801	1	63457.9	295.048	39.9744
0.04992	0	12801	2	63591.2	296.853	39.804
0.05016	0	13858	4	63725	298.662	39.6342
0.0504	0	14714	4	63858.9	300.466	39.4657
0.05064	0	15876	3	63993.3	302.262	39.3006
0.05088	0	17071	7	64129.5	303.97	39.1607
0.05112	0	18127	2	64265.6	305.673	39.0223
0.05136	0	19452	2	64401.7	307.372	38.8854
0.0516	0	20605	5	64537.2	309.059	38.7504
0.05184	0	21732	2	64672.5	310.738	38.6171
0.05208	0	23324	4	64807.9	312.411	38.4852
0.05232	0	25077	2	64942.8	314.074	38.3551
0.05256	0	26757	2	65075.1	315.7	38.2288
0.0528	0	28220	4	65207.5	317.32	38.1039
0.05304	0	29555	7	65339.8	318.934	37.9802
0.05328	0	32342	5	65466.4	320.473	37.8631
0.05352	0	33748	9	65588.7	321.954	37.7511
0.05376	0	35725	0	65711	323.429	37.6402
0.054	0	38111	4	65833.2	324.93	37.5213
0.05424	0	40685	2	65940.4	326.254	37.4162
0.05448	0	43032	3	66047.6	327.584	37.3104
0.05472	0	45399	2	66154.7	328.921	37.204
0.05496	0	48160	5	66252.8	330.151	37.106
0.0552	0	50894	3	66338.8	331.233	37.0197
0.05544	0	53805	1	66424.7	332.32	36.933
0.05568	0	56558	3	66510.7	333.412	36.8459
0.05592	0	59131	3	66571.4	334.184	36.7842
0.05616	0	62640	2	66627.8	334.905	36.7266
0.0564	0	66481	3	66684.2	335.628	36.6688
0.05664	0	69332	0	66731	336.229	36.6208
0.05688	0	72527	0	66753.7	336.522	36.5974
0.05712	0	75330	3	66776.5	336.815	36.574
0.05736	0	79555	1	66799.2	337.108	36.5506
0.0576	0	83053	7	66792.8	337.025	36.5572
0.05784	0	86710	3	66774.7	336.791	36.5759
0.05808	0	90455	3	66756.6	336.558	36.5945
0.05832	0	93702	5	66733.1	336.257	36.6186
0.05856	0	96926	4	66677.8	335.547	36.6753
0.0588	0	100870	3	66622.5	334.838	36.7319
0.05904	0	104338	2	66567.2	334.132	36.7884
0.05928	0	107082	2	66488.4	333.128	36.8685
0.05952	0	110177	4	66391.9	331.904	36.9662
0.05976	0	114178	2	66295.3	330.685	37.0634
0.06	0	118361	2	66198.8	329.473	37.16
0.06024	0	120274	4	66068.6	327.846	37.2896
0.06048	0	123337	1	65938.4	326.229	37.4181
0.06072	0	126330	1	65808.3	324.622	37.5457
0.06096	0	128915	3	65666.1	322.888	37.6808
0.0612	0	132640	5	65507.9	320.976	37.825
0.06144	0	135901	2	65349.8	319.056	37.9709
0.06168	0	138350	5	65191.6	317.126	38.1187
0.06192	0	140716	5	65010.5	314.907	38.2903
0.06216	0	143612	5	64825.6	312.63	38.468
0.0624	0	145286	3	64640.7	310.343	38.6484
0.06264	0	146091	2	64452.3	308.003	38.8348
0.06288	0	149386	1	64255.2	305.544	39.0328
0.06312	0	151899	5	64058.1	303.074	39.2339
0.06336	0	153475	7	63860.9	300.493	39.4631
0.0636	0	153537	5	63656.2	297.732	39.7214
0.06384	0	156709	4	63448.4	294.919	39.9867
0.06408	0	157539	4	63240.6	292.096	40.2551
0.06432	0	158622	5	63033	289.267	40.5265
0.06456	0	158863	7	62826.7	286.449	40.7995
0.0648	0	161447	8	62620.5	283.623	41.0757
0.06504	0	161697	1	62414.2	280.79	41.3552
0.06528	0	163231	5	62205.2	277.928	41.6312
0.06552	0	162762	2	61994.2	275.098	41.8685
0.06576	0	165261	4	61783.2	272.282	42.1098
0.066	0	164405	2	61572.2	269.481	42.3552
0.06624	0	165823	2	61361.3	266.694	42.6048
0.06648	0	167760	7	61150.3	263.921	42.8586
0.06672	0	166257	4	60939.3	261.162	43.1167
0.06696	0	168976	122	60730.3	258.445	43.3765
0.0672	0	167087	379	60524.1	255.778	43.6372
0.06744	0	168440	249	60317.9	253.198	43.9693
0.06768	0	169803	1481	60111.7	250.62	44.3091
0.06792	0	171636	1489	59905.5	248.039	44.6517
0.06816	0	170662	2246	59699.4	245.456	44.9971
0.0684	0	172449	3860	59493.2	242.871	45.3453
0.06864	0	172532	4680	59290.8	240.333	45.69
0.06888	0	173570	5363	59097.8	237.912	46.0212
0.06912	0	173415	6883	58904.7	235.491	46.355
0.06936	0	174675	7942	58711.7	233.017	46.6601
0.0696	0	174976	8900	58534.8	230.657	46.8846
0.06984	0	175776	10032	58364.3	228.392	47.1043
0.07008	0	176052	11389	58193.8	226.136	47.3271
0.07032	0	174290	13150	58030.9	223.988	47.5432
0.07056	0	172378	14569	57913.4	222.444	47.7009
0.0708	0	171739	16913	57795.9	220.904	47.8602
0.07104	0	173334	19290	57678.4	219.369	48.021
0.07128	0	173134	22614	57592.7	218.252	48.1393
0.07152	0	172795	25870	57531	217.449	48.2252
0.07176	0	176248	28990	57469.2	216.647	48.3115
0.072	0	176999	32490	57407.4	215.846	48.3982
0.07224	0	178112	36822	57399	215.736	48.4101
0.07248	0	179788	40993	57390.5	215.627	48.422
0.07272	0	183809	45682	57382.1	215.517	48.4339
0.07296	0	185723	51819	57395.4	215.69	48.4151
0.0732	0	189485	55886	57437.8	216.239	48.3555
0.07344	0	192259	59091	57480.2	216.789	48.2961
0.07368	0	195433	64779	57522.5	217.339	48.2369
0.07392	0	198654	72148	57598	218.321	48.132
0.07416	0	202394	76425	57679	219.377	48.0202
0.0744	0	206548	82313	57760	220.435	47.9091
0.07464	0	210639	87971	57852.8	221.649	47.7828
0.07488	0	217885	95343	57975.1	223.254	47.6179
0.07512	0	222151	99197	58097.5	224.864	47.4546
0.07536	0	225970	107169	58219.8	226.478	47.293
0.0756	0	232110	115400	58365.7	228.41	47.1025
0.07584	0	235846	120609	58521	230.473	46.9023
0.07608	0	242900	124901	58676.3	232.544	46.7047
0.07632	0	250091	132425	58837.1	234.643	46.4725
0.07656	0	254370	142060	59030.7	237.071	46.1368
0.0768	0	261596	145679	59224.3	239.5	45.8037
0.07704	0	267307	152632	59418	241.928	45.4731
0.07728	0	275038	162427	59633.4	244.629	45.1082
0.07752	0	282138	169096	59865.1	247.533	44.7192
0.07776	0	288379	173906	60096.9	250.434	44.3337
0.078	0	298041	181518	60328.6	253.331	43.9517
0.07824	0	307790	193119	60621.7	257.038	43.5133
0.07848	0	313974	198193	60914.8	260.843	43.1469
0.07872	0	322661	206891	61207.9	264.677	42.7888
0.07896	0	334712	220085	61534.8	268.985	42.3993
0.0792	0	345132	231709	61906.6	273.928	41.9682
0.07944	0	356798	238592	62278.5	278.924	41.5408
0.07968	0	370409	252080	62650.4	284.033	41.0354
0.07992	0	388212	271099	63031.9	289.253	40.5279
0.08016	0	399153	272369	63415.1	294.467	40.0295
0.0804	0	417781	282396	63798.3	299.649	39.5418
0.08064	0	439662	297406	64136.3	304.056	39.1537
0.08088	0	460859	311891	64361.5	306.871	38.9256
0.08112	0	479322	313225	64586.7	309.673	38.7015
0.08136	0	508620	326386	64811.9	312.461	38.4813
0.0816	0	541122	343643	64730.5	311.455	38.5605
0.08184	0	568704	347202	64526.5	308.926	38.7611
0.08208	0	602816	352498	64322.5	306.385	38.9649
0.08232	0	645085	372351	64025.1	302.661	39.2678
0.08256	0	689683	393621	63167.8	291.105	40.3499
0.0828	0	724525	390357	62310.5	279.364	41.497
0.08304	0	767300	405605	61453.2	267.906	42.4956
0.08328	0	810349	436111	60190.6	251.606	44.1788
0.08352	0	846841	442070	58624	231.846	46.7709
0.08376	0	887356	439852	57057.5	211.333	48.8981
0.084	0	924711	462043	55491	192.895	52.27
0.08424	0	956400	508892	53577.5	171.606	56.2365
0.08448	0	962162	481664	51664	149.949	60.0668
0.08472	0	977199	494296	49750.5	129.131	65.5875
0.08496	0	990839	539174	47961.7	112.015	72.0815
0.0852	0	984958	559111	46339.2	101.22	84.3577
0.08544	0	973064	546120	44716.8	84.8882	93.1845
0.08568	0	983329	589288	43094.3	71.3951	95.3898
0.08592	0	1.00176e+06	686230	42112	61.511	97.0462
0.08616	0	991067	661225	41236.3	53.8386	100.314
0.0864	0	995010	681370	40360.7	48.098	106.716
0.08664	0	1.01417e+06	772681	39719.7	44.5205	112.877
0.08688	0	1.0249e+06	851263	39665.2	44.2517	113.468
0.08712	0	1.01937e+06	789463	39610.8	43.9955	114.068
0.08736	0	1.02974e+06	834617	39556.4	43.7393	114.672
0.0876	0	1.04829e+06	977313	39834.1	45.1244	111.677
0.08784	0	1.04026e+06	910333	40244.7	47.4145	107.732
0.08808	0	1.03756e+06	867019	40655.3	49.9115	104.318
0.08832	0	1.06303e+06	947379	41063.4	52.6185	101.41
0.08856	0	1.09113e+06	1.07282e+06	41456.5	55.4958	99.0834
0.0888	0	1.06857e+06	865914	41849.7	59.0493	97.769
0.08904	0	1.08269e+06	889389	42242.8	62.7672	96.7305
0.08928	0	1.11989e+06	1.04715e+06	42503.4	65.3236	96.1899
0.08952	0	1.11218e+06	979332	42664.6	66.942	95.9135
0.08976	0	1.10603e+06	874099	42825.8	68.5888	95.6808
0.09	0	1.11882e+06	955252	42987	70.2643	95.4917
0.09024	0	1.14857e+06	1.17494e+06	42876.8	69.1158	95.6163
0.09048	0	1.12807e+06	893973	42766.6	67.9807	95.7612
0.09072	0	1.14534e+06	904237	42656.4	66.8589	95.9265
0.09096	0	1.18869e+06	1.06362e+06	42417.7	64.4746	96.3549
0.0912	0	1.20157e+06	1.08676e+06	42007.7	60.5232	97.3191
0.09144	0	1.19946e+06	901070	41597.6	56.7519	98.5795
0.09168	0	1.23182e+06	983639	41187.5	53.4897	100.615
0.09192	0	1.28745e+06	1.24953e+06	40696.4	50.174	104.004
0.09216	0	1.25797e+06	1.00789e+06	40191.9	47.1086	108.209
0.0924	0	1.26464e+06	965699	39687.3	44.3554	113.226
0.09264	0	1.30804e+06	1.16411e+06	39254.3	42.3174	118.112
0.09288	0	1.32303e+06	1.28086e+06	39000.2	41.1229	121.12
0.09312	0	1.28804e+06	1.05348e+06	38746.1	39.9317	124.239
0.09336	0	1.30557e+06	1.12521e+06	38492	38.7455	127.472
0.0936	0	1.35418e+06	1.3707e+06	38484.6	38.711	127.568
0.09384	0	1.32782e+06	1.23584e+06	38575.9	39.1364	126.392
0.09408	0	1.32175e+06	1.14246e+06	38667.2	39.5626	125.231
0.09432	0	1.34743e+06	1.2763e+06	38781.7	40.0981	123.796
0.09456	0	1.38174e+06	1.45981e+06	39035.2	41.2874	120.699
0.0948	0	1.3465e+06	1.19406e+06	39288.8	42.4798	117.711
0.09504	0	1.35464e+06	1.21527e+06	39542.4	43.6735	114.828
0.09528	0	1.39728e+06	1.41003e+06	39792.5	44.9033	112.108
0.09552	0	1.38288e+06	1.36379e+06	40040	46.2483	109.629
0.09576	0	1.36801e+06	1.2188e+06	40287.6	47.6652	107.352
0.096	0	1.39014e+06	1.29771e+06	40535.1	49.1579	105.265
0.09624	0	1.43982e+06	1.61223e+06	40665	49.9734	104.243
0.09648	0	1.40274e+06	1.21378e+06	40795	50.8116	103.27
0.09672	0	1.40505e+06	1.22125e+06	40924.9	51.6733	102.345
0.09696	0	1.44184e+06	1.40812e+06	41024.5	52.3503	101.667
0.0972	0	1.44337e+06	1.4773e+06	41083.7	52.7595	101.277
0.09744	0	1.42543e+06	1.25406e+06	41142.9	53.1739	100.896
0.09768	0	1.43662e+06	1.32688e+06	41202.1	53.5936	100.525
0.09792	0	1.4868e+06	1.67535e+06	41211.1	53.6581	100.469
0.09816	0	1.47109e+06	1.32627e+06	41211.8	53.6628	100.465
0.0984	0	1.47166e+06	1.26707e+06	41212.5	53.6675	100.461
0.09864	0	1.50478e+06	1.44833e+06	41196.1	53.5508	100.562
0.09888	0	1.53382e+06	1.6392e+06	41137.2	53.1339	100.932
0.09912	0	1.51721e+06	1.30135e+06	41078.3	52.7222	101.312
0.09936	0	1.53114e+06	1.37663e+06	41019.5	52.3157	101.701
0.0996	0	1.58859e+06	1.73174e+06	41019.9	52.3186	101.698
0.09984	0	1.57792e+06	1.51188e+06	41044.1	52.4848	101.537
0.10008	0	1.5779e+06	1.38208e+06	41068.2	52.6519	101.378
0.10032	0	1.60539e+06	1.56111e+06	41103.7	52.899	101.147
0.10056	0	1.65748e+06	1.8648e+06	41207.2	53.6303	100.493
0.1008	0	1.63576e+06	1.46242e+06	41310.8	54.3781	99.8665
0.10104	0	1.65055e+06	1.49729e+06	41414.3	55.1427	99.2679
0.10128	0	1.71043e+06	1.84563e+06	41496.5	55.8499	98.9368
0.10152	0	1.71563e+06	1.73652e+06	41562.8	56.4399	98.7005
0.10176	0	1.71527e+06	1.51618e+06	41629	57.0344	98.4723
0.102	0	1.74701e+06	1.67193e+06	41695.2	57.6336	98.252
0.10224	0	1.82649e+06	2.00716e+06	41682.9	57.5219	98.2924
0.10248	0	1.79934e+06	1.66399e+06	41670.6	57.4102	98.333
0.10272	0	1.81343e+06	1.62973e+06	41658.3	57.2988	98.3739
0.10296	0	1.8757e+06	1.93993e+06	41628.1	57.0262	98.4754
0.1032	0	1.89752e+06	1.95859e+06	41574	56.5408	98.6611
0.10344	0	1.89276e+06	1.72186e+06	41520	56.0585	98.8521
0.10368	0	1.92337e+06	1.8547e+06	41466	55.5793	99.0485
0.10392	0	2.0044e+06	2.14408e+06	41331.5	54.53	99.7443
0.10416	0	1.9826e+06	1.88985e+06	41183.7	53.4625	100.639
0.1044	0	1.99811e+06	1.81977e+06	41035.9	52.4283	101.591
0.10464	0	2.05317e+06	2.02517e+06	40862.2	51.2548	102.785
0.10488	0	2.0987e+06	2.20668e+06	40624.2	49.7147	104.559
0.10512	0	2.08706e+06	1.91328e+06	40386.2	48.2504	106.498
0.10536	0	2.12363e+06	1.97664e+06	40148.1	46.8579	108.61
0.1056	0	2.20831e+06	2.35629e+06	39914.2	45.556	110.863
0.10584	0	2.1966e+06	2.14972e+06	39682	44.3306	113.284
0.10608	0	2.22003e+06	2.00854e+06	39449.8	43.2375	115.869
0.10632	0	2.28972e+06	2.23187e+06	39221.4	42.1625	118.495
0.10656	0	2.36593e+06	2.67033e+06	39015.8	41.1963	120.932
0.1068	0	2.34365e+06	2.11569e+06	38810.3	40.2321	123.441
0.10704	0	2.39912e+06	2.19784e+06	38604.7	39.2709	126.023
0.10728	0	2.50704e+06	2.70039e+06	38422.6	38.4222	128.376
0.10752	0	2.52251e+06	2.55763e+06	38258	37.6584	130.556
0.10776	0	2.52524e+06	2.32389e+06	38093.3	36.898	132.788
0.108	0	2.58309e+06	2.55247e+06	37928.7	36.1365	135.079
0.10824	0	2.71272e+06	3.01694e+06	37781.6	35.4271	137.157
0.10848	0	2.65696e+06	2.50255e+06	37634.5	34.6998	139.214
0.10872	0	2.68314e+06	2.46336e+06	37487.4	33.9562	141.249
0.10896	0	2.78868e+06	2.88564e+06	37313.6	33.0586	143.622
0.1092	0	2.80543e+06	3.14513e+06	37104	31.9537	146.433
0.10944	0	2.76549e+06	2.53658e+06	36894.4	30.8281	149.184
0.10968	0	2.83798e+06	2.69936e+06	36684.8	29.6868	151.87
0.10992	0	2.98576e+06	3.32027e+06	36536.5	28.8722	153.728
0.11016	0	2.90342e+06	2.78111e+06	36398.4	28.11	155.426
0.1104	0	2.91393e+06	2.6881e+06	36260.3	27.3459	157.089
0.11064	0	2.9983e+06	3.15344e+06	36215.4	27.0858	157.568
0.11088	0	3.06677e+06	3.38938e+06	36403.6	28.1388	155.362
0.11112	0	2.99802e+06	2.89018e+06	36591.8	29.1764	153.04
0.11136	0	3.02861e+06	2.91471e+06	36780	30.2068	150.658
0.1116	0	3.1416e+06	3.694e+06	36966.9	31.2195	148.24
0.11184	0	3.07557e+06	3.2833e+06	37153.3	32.2155	145.777
0.11208	0	3.05105e+06	2.83677e+06	37339.6	33.1943	143.269
0.11232	0	3.11326e+06	3.23633e+06	37472.9	33.8819	141.449
0.11256	0	3.18242e+06	3.45842e+06	37287.6	32.9233	143.973
0.1128	0	3.04762e+06	2.88649e+06	37102.4	31.9452	146.454
0.11304	0	3.05888e+06	2.9395e+06	36917.2	30.9511	148.889
0.11328	0	3.17009e+06	3.40695e+06	36730.8	29.9385	151.286
0.11352	0	3.1296e+06	3.36977e+06	36543.7	28.912	153.639
0.11376	0	3.08073e+06	2.87791e+06	36356.6	27.8793	155.932
0.114	0	3.11283e+06	3.19121e+06	36169.5	26.7758	157.84
0.11424	0	3.24921e+06	3.99245e+06	35939.9	25.2629	159.221
0.11448	0	3.10355e+06	3.01848e+06	35710.2	23.817	160.634
0.11472	0	3.09335e+06	2.94771e+06	35480.5	22.4365	162.078
0.11496	0	3.19257e+06	3.33412e+06	35232	21.0145	163.677
0.1152	0	3.16302e+06	3.43827e+06	34958.4	19.5324	165.483
0.11544	0	3.06831e+06	3.03969e+06	34684.8	18.1348	167.337
0.11568	0	3.0945e+06	3.13945e+06	34411.2	16.8884	169.771
0.11592	0	3.22122e+06	3.91481e+06	34325.6	16.568	170.983
0.11616	0	3.0821e+06	3.16758e+06	34271.3	16.3684	171.77
0.1164	0	3.01453e+06	2.94861e+06	34217	16.1716	172.571
0.11664	0	3.06028e+06	3.30978e+06	34138.4	15.8918	173.754
0.11688	0	3.02681e+06	3.77389e+06	33999.3	15.4097	175.923
0.11712	0	2.7709e+06	2.8606e+06	33860.2	14.9444	178.189
0.11736	0	2.67578e+06	2.86791e+06	33721.1	14.4952	180.556
0.1176	0	2.72118e+06	3.32442e+06	33189	12.915	190.594
0.11784	0	2.50758e+06	2.85967e+06	32499.7	11.1595	205.534
0.11808	0	2.43173e+06	2.41146e+06	31810.4	9.53839	221.517
0.11832	0	2.55384e+06	2.7757e+06	31392.8	8.59637	232.093
0.11856	0	2.78372e+06	3.41506e+06	32605.2	11.4123	203.24
0.1188	1	2.95539e+06	2.92452e+06	33817.5	14.8049	178.905
0.11904	0	3.19571e+06	3.0205e+06	35029.9	19.9111	165.007
0.11928	0	3.42065e+06	4.02855e+06	41732.9	57.9762	98.1304
0.11952	0	3.34835e+06	4.39633e+06	52553.9	159.868	58.0992
0.11976	0	3.02828e+06	2.30759e+06	63374.9	293.921	40.0813
