0	0	0	0	56032.9	199.119	51.0371
0.00024	0	0	0	56033.3	199.123	51.0363
0.00048	0	0	0	56033.7	199.128	51.0354
0.00072	0	0	0	56034.1	199.132	51.0346
0.00096	0	0	0	56034.4	199.137	51.0337
0.0012	0	0	0	56034.9	199.141	51.0328
0.00144	0	0	0	56035.3	199.146	51.032
0.00168	0	0	0	56035.7	199.151	51.0311
0.00192	0	0	0	56036.1	199.156	51.0301
0.00216	0	0	0	56036.5	199.161	51.0292
0.0024	0	0	0	56036.9	199.166	51.0282
0.00264	0	0	0	56037.4	199.171	51.0273
0.00288	0	0	0	56037.8	199.176	51.0263
0.00312	0	0	0	56038.3	199.181	51.0253
0.00336	0	0	0	56038.7	199.186	51.0243
0.0036	0	0	0	56039.2	199.192	51.0232
0.00384	0	0	0	56039.7	199.198	51.0222
0.00408	0	0	0	56040.2	199.203	51.0211
0.00432	0	0	0	56040.6	199.209	51.02
0.00456	0	0	0	56041.2	199.215	51.0189
0.0048	0	0	0	56041.7	199.221	51.0178
0.00504	0	0	0	56042.2	199.227	51.0166
0.00528	0	0	0	56042.7	199.233	51.0155
0.00552	0	0	0	56043.3	199.239	51.0143
0.00576	0	0	0	56043.8	199.246	51.0131
0.006	0	0	0	56044.3	199.252	51.0119
0.00624	0	0	0	56044.9	199.259	51.0106
0.00648	0	0	0	56045.5	199.265	51.0093
0.00672	0	0	0	56046.1	199.272	51.008
0.00696	0	0	0	56046.7	199.279	51.0067
0.0072	0	0	0	56047.3	199.286	51.0053
0.00744	0	0	0	56047.9	199.294	51.0039
0.00768	0	0	0	56048.6	199.301	51.0026
0.00792	0	0	0	56049.2	199.308	51.0011
0.00816	0	0	0	56049.9	199.316	50.9997
0.0084	0	0	0	56050.5	199.324	50.9982
0.00864	0	0	0	56051.2	199.332	50.9967
0.00888	0	0	0	56051.9	199.34	50.9951
0.00912	0	0	0	56052.6	199.348	50.9936
0.00936	0	0	0	56053.3	199.357	50.992
0.0096	0	0	0	56054.1	199.365	50.9904
0.00984	0	1	0	56054.8	199.374	50.9887
0.01008	0	0	0	56055.6	199.383	50.987
0.01032	0	0	0	56056.4	199.392	50.9853
0.01056	0	0	0	56057.2	199.401	50.9835
0.0108	0	0	0	56058	199.411	50.9817
0.01104	0	1	0	56058.8	199.42	50.98
0.01128	0	0	0	56059.6	199.43	50.9781
0.01152	0	2	0	56060.5	199.44	50.9762
0.01176	0	0	0	56061.4	199.45	50.9743
0.012	0	0	0	56062.3	199.46	50.9723
0.01224	0	0	0	56063.2	199.471	50.9703
0.01248	0	0	0	56064.1	199.482	50.9682
0.01272	0	3	0	56065.1	199.493	50.9661
0.01296	0	0	2	56066.1	199.505	50.964
0.0132	0	0	0	56067.1	199.517	50.9617
0.01344	0	0	0	56068.1	199.528	50.9595
0.01368	0	1	1	56069.1	199.54	50.9572
0.01392	0	1	0	56070.2	199.553	50.9548
0.01416	0	0	0	56071.3	199.566	50.9524
0.0144	0	0	0	56072.4	199.579	50.95
0.01464	0	0	0	56073.5	199.592	50.9475
0.01488	0	3	0	56074.7	199.605	50.9449
0.01512	0	2	0	56075.9	199.619	50.9423
0.01536	0	1	0	56077.1	199.633	50.9397
0.0156	0	0	1	56078.3	199.648	50.9369
0.01584	0	0	0	56079.6	199.663	50.9341
0.01608	0	1	0	56080.9	199.678	50.9313
0.01632	0	1	1	56082.2	199.693	50.9284
0.01656	0	5	1	56083.6	199.709	50.9254
0.0168	0	1	0	56085	199.725	50.9223
0.01704	0	3	0	56086.4	199.741	50.9192
0.01728	0	0	1	56087.8	199.758	50.916
0.01752	0	0	1	56089.3	199.776	50.9127
0.01776	0	5	2	56090.9	199.794	50.9094
0.018	0	4	1	56092.4	199.811	50.9061
0.01824	0	3	0	56094	199.83	50.9025
0.01848	0	4	0	56095.6	199.849	50.8989
0.01872	0	1	3	56097.3	199.869	50.8953
0.01896	0	8	1	56099	199.889	50.8915
0.0192	0	4	2	56100.8	199.91	50.8875
0.01944	0	3	1	56102.6	199.931	50.8836
0.01968	0	2	2	56104.4	199.952	50.8796
0.01992	0	4	3	56106.4	199.975	50.8753
0.02016	0	4	1	56108.4	199.998	50.8709
0.0204	0	3	4	56110.4	200.022	50.8665
0.02064	0	3	0	56112.4	200.045	50.862
0.02088	0	4	0	56114.6	200.071	50.8573
0.02112	0	6	0	56116.7	200.096	50.8526
0.02136	0	7	0	56118.9	200.121	50.8478
0.0216	0	7	2	56121.2	200.148	50.8428
0.02184	0	6	0	56123.6	200.175	50.8376
0.02208	0	8	0	56125.9	200.203	50.8324
0.02232	0	9	4	56128.3	200.231	50.8272
0.02256	0	7	2	56131	200.262	50.8214
0.0228	0	6	3	56133.6	200.293	50.8156
0.02304	0	7	1	56136.3	200.324	50.8098
0.02328	0	8	1	56139.1	200.357	50.8037
0.02352	0	5	7	56142	200.391	50.7973
0.02376	0	19	2	56144.9	200.425	50.7909
0.024	0	13	3	56147.8	200.459	50.7845
0.02424	0	11	5	56151.1	200.497	50.7775
0.02448	0	13	3	56154.3	200.534	50.7704
0.02472	0	16	4	56157.5	200.572	50.7634
0.02496	0	17	2	56160.9	200.612	50.756
0.0252	0	14	4	56164.5	200.654	50.7482
0.02544	0	15	6	56168.1	200.696	50.7404
0.02568	0	13	0	56171.7	200.738	50.7325
0.02592	0	17	4	56175.6	200.784	50.724
0.02616	0	24	3	56179.6	200.83	50.7154
0.0264	0	24	4	56183.5	200.877	50.7067
0.02664	0	25	3	56187.6	200.925	50.6978
0.02688	0	27	4	56192	200.976	50.6882
0.02712	0	35	4	56196.5	201.028	50.6786
0.02736	0	30	5	56200.9	201.08	50.669
0.0276	0	26	5	56205.7	201.137	50.6585
0.02784	0	33	4	56210.7	201.195	50.6476
0.02808	0	36	4	56215.7	201.254	50.6367
0.02832	0	27	8	56220.9	201.314	50.6256
0.02856	0	37	9	56226.5	201.381	50.6134
0.0288	0	44	5	56232.2	201.447	50.6011
0.02904	0	52	9	56237.8	201.513	50.5889
0.02928	0	51	3	56243.8	201.584	50.5759
0.02952	0	42	6	56250.1	201.658	50.5622
0.02976	0	54	9	56256.4	201.732	50.5486
0.03	0	69	5	56262.7	201.806	50.535
0.03024	0	77	8	56269.9	201.891	50.5195
0.03048	0	65	9	56277.1	201.975	50.504
0.03072	0	74	9	56284.3	202.059	50.4886
0.03096	0	80	12	56291.9	202.149	50.4721
0.0312	0	75	11	56300.2	202.246	50.4544
0.03144	0	71	5	56308.4	202.344	50.4366
0.03168	0	102	7	56316.7	202.441	50.4189
0.03192	0	88	7	56325.9	202.549	50.3992
0.03216	0	99	8	56335.2	202.659	50.3792
0.0324	0	119	11	56344.5	202.769	50.3592
0.03264	0	131	8	56354.2	202.884	50.3385
0.03288	0	139	7	56364.7	203.008	50.316
0.03312	0	145	7	56375.2	203.132	50.2936
0.03336	0	160	6	56385.7	203.256	50.2712
0.0336	0	154	11	56397.2	203.392	50.2467
0.03384	0	193	9	56409.1	203.532	50.2215
0.03408	0	207	11	56420.9	203.673	50.1963
0.03432	0	250	7	56433.1	203.816	50.1706
0.03456	0	227	6	56446.8	203.978	50.1416
0.0348	0	229	10	56460.4	204.141	50.1126
0.03504	0	233	7	56474.1	204.303	50.0837
0.03528	0	279	6	56489	204.48	50.0523
0.03552	0	282	12	56504.8	204.667	50.0191
0.03576	0	335	4	56520.6	204.855	49.9859
0.036	0	349	10	56536.3	205.043	49.9528
0.03624	0	355	7	56554.4	205.257	49.9151
0.03648	0	401	6	56572.4	205.472	49.8774
0.03672	0	445	10	56590.4	205.687	49.8398
0.03696	0	469	6	56609.5	205.915	49.8
0.0372	0	485	11	56630.1	206.161	49.7572
0.03744	0	519	1	56650.6	206.407	49.7145
0.03768	0	586	4	56671.2	206.653	49.6719
0.03792	0	614	5	56694.1	206.928	49.6246
0.03816	0	656	1	56717.5	207.208	49.5765
0.0384	0	759	2	56740.8	207.488	49.5285
0.03864	0	770	8	56765	207.779	49.479
0.03888	0	801	4	56791.3	208.096	49.4251
0.03912	0	924	5	56817.6	208.413	49.3715
0.03936	0	1115	3	56844	208.731	49.3179
0.0396	0	999	7	56872.9	209.081	49.2592
0.03984	0	1139	2	56902.9	209.444	49.1986
0.04008	0	1156	13	56932.9	209.808	49.1381
0.04032	0	1438	13	56963.6	210.18	49.0765
0.04056	0	1322	3	56998.4	210.603	49.0069
0.0408	0	1439	4	57033.2	211.026	48.9375
0.04104	0	1604	8	57068	211.468	48.8829
0.04128	0	1683	8	57105.4	211.948	48.8289
0.04152	0	1915	5	57144.7	212.454	48.7722
0.04176	0	1918	8	57184	212.96	48.7157
0.042	0	2100	8	57223.3	213.466	48.6594
0.04224	0	2332	5	57267.2	214.032	48.5968
0.04248	0	2548	10	57311.1	214.599	48.5344
0.04272	0	2575	11	57355	215.166	48.4722
0.04296	0	2937	12	57400.8	215.76	48.4075
0.0432	0	3063	9	57449.3	216.389	48.3393
0.04344	0	3211	8	57497.8	217.018	48.2714
0.04368	0	3578	5	57546.3	217.648	48.2038
0.04392	0	3945	7	57598.6	218.329	48.1312
0.04416	0	4016	5	57651.6	219.019	48.0579
0.0444	0	4338	5	57704.6	219.71	47.9851
0.04464	0	4811	5	57758.6	220.416	47.9111
0.04488	0	4856	10	57815.3	221.157	47.8338
0.04512	0	5403	5	57872	221.9	47.7569
0.04536	0	6017	2	57928.6	222.643	47.6804
0.0456	0	6148	6	57985.7	223.393	47.6037
0.04584	0	6692	4	58042.9	224.146	47.5272
0.04608	1	7341	6	58100.2	224.899	47.451
0.04632	0	7733	6	58157	225.649	47.3758
0.04656	0	8222	7	58211.2	226.365	47.3042
0.0468	3	8766	6	58265.5	227.083	47.233
0.04704	10	9729	2	58319.8	227.802	47.1622
0.04728	3	10271	4	58367	228.427	47.1008
0.04752	6	10990	4	58408.9	228.983	47.0465
0.04776	13	11904	1	58450.8	229.539	46.9925
0.048	17	12521	3	58492.7	230.096	46.9386
0.04824	54	13696	1	58513.6	230.375	46.9118
0.04848	51	14617	4	58534.5	230.653	46.885
0.04872	73	15844	2	58555.5	230.932	46.8582
0.04896	90	16800	1	58562.5	231.026	46.8492
0.0492	148	17635	0	58551	230.873	46.8639
0.04944	204	18814	2	58539.6	230.721	46.8785
0.04968	290	20125	2	58528.1	230.568	46.8932
0.04992	397	21899	1	58474.6	229.856	46.9618
0.05016	511	23203	2	58414.1	229.052	47.0398
0.0504	672	24364	4	58353.5	228.249	47.1183
0.05064	811	26399	4	58275.3	227.213	47.2202
0.05088	1125	27788	4	58152.9	225.595	47.3811
0.05112	1388	29523	0	58030.5	223.982	47.5437
0.05136	1728	31533	2	57908.1	222.374	47.7081
0.0516	2137	33254	2	57736	220.12	47.942
0.05184	2685	34973	3	57544	217.618	48.2071
0.05208	3392	37245	0	57352	215.128	48.4764
0.05232	4070	38793	2	57151.2	212.538	48.7628
0.05256	5021	41041	3	56898	209.385	49.2085
0.0528	6045	42925	4	56644.8	206.337	49.7267
0.05304	6990	44492	2	56391.5	203.324	50.2589
0.05328	8152	47340	1	56105.6	199.966	50.8769
0.05352	9135	48741	0	55795.3	196.371	51.5692
0.05376	10194	50472	4	55484.9	192.827	52.2842
0.054	11422	52452	1	55174.6	189.345	52.9833
0.05424	13033	53922	0	54833.6	185.551	53.6943
0.05448	14362	55925	4	54492.7	181.758	54.3969
0.05472	16224	57875	2	54151.7	177.969	55.0904
0.05496	18051	58258	2	53812.8	174.21	55.7704
0.0552	19901	60662	1	53476.4	170.441	56.4102
0.05544	22017	61908	6	53140	166.568	57.0008
0.05568	23969	63132	3	52803.6	162.715	57.6202
0.05592	26054	63882	3	52486.6	159.104	58.231
0.05616	28447	65364	2	52172.9	155.553	58.8621
0.0564	30415	66695	2	51859.1	152.025	59.5204
0.05664	32941	67251	3	51556.9	148.817	60.3793
0.05688	34978	68866	2	51283.5	145.923	61.1901
0.05712	37362	69815	3	51010	143.028	62.0196
0.05736	39719	70430	3	50736.5	140.135	62.8684
0.0576	42471	70614	0	50497.1	137.603	63.6278
0.05784	44681	71847	0	50271.2	135.219	64.3582
0.05808	47331	73038	1	50045.3	132.726	65.0149
0.05832	49351	72692	1	49826.9	130.046	65.4311
0.05856	52434	73004	1	49653.5	127.984	65.7943
0.0588	54566	74493	5	49480.2	125.976	66.187
0.05904	56585	74952	1	49306.8	124.023	66.6097
0.05928	59435	75303	0	49161.1	122.421	66.9887
0.05952	62272	75571	4	49036	121.075	67.3314
0.05976	65066	76112	1	48911	119.755	67.6905
0.06	67100	76225	0	48785.9	118.461	68.0662
0.06024	70049	77508	5	48703.4	117.62	68.3235
0.06048	72407	77520	1	48620.9	116.79	68.5882
0.06072	75172	78931	3	48538.3	115.97	68.8604
0.06096	78143	78757	1	48477	115.368	69.0675
0.0612	80539	79680	2	48444	115.047	69.1807
0.06144	83795	81354	1	48411	114.727	69.2951
0.06168	86672	81101	1	48378	114.409	69.4108
0.06192	89691	81444	0	48408.3	114.7	69.3047
0.06216	92776	81815	2	48449	115.096	69.1633
0.0624	96163	82133	2	48489.8	115.494	69.0238
0.06264	98876	82598	1	48558.2	116.167	68.7942
0.06288	102836	82714	1	48695.5	117.54	68.3486
0.06312	105032	83965	0	48832.7	118.942	67.9236
0.06336	108483	84572	1	48970	120.375	67.5189
0.0636	112469	83553	1	49181.9	122.647	66.9332
0.06384	114650	84230	0	49423.6	125.333	66.3215
0.06408	117962	85387	3	49665.3	128.123	65.7686
0.06432	121188	85201	0	49920.6	131.185	65.247
0.06456	122669	84906	0	50256.8	135.068	64.4051
0.0648	125603	85051	1	50593	138.617	63.3217
0.06504	127565	84144	6	50929.2	142.173	62.2683
0.06528	128151	83720	0	51314.4	146.25	61.0975
0.06552	129939	82134	1	51736.3	150.712	59.8575
0.06576	131130	82135	3	52158.1	155.386	58.8925
0.066	131489	80973	1	52580	160.166	58.0483
0.06624	130354	78861	1	53087.1	165.961	57.0963
0.06648	129629	77976	1	53594.2	171.79	56.2036
0.06672	128032	75736	2	54101.3	177.409	55.1924
0.06696	126787	74152	3	54656.1	183.575	54.0612
0.0672	128000	71208	0	55274.7	190.459	52.7729
0.06744	129465	68062	1	55893.2	197.499	51.3483
0.06768	129359	64797	2	56511.8	204.75	50.0044
0.06792	126465	61541	1	57127.7	212.235	48.7967
0.06816	121194	56938	0	57743.1	220.214	47.9322
0.0684	113040	52441	3	58358.6	228.316	47.1117
0.06864	104010	47826	3	58914.4	235.612	46.3382
0.06888	94243	42938	0	59321.2	240.714	45.638
0.06912	84692	38314	1	59727.9	245.814	44.949
0.06936	75777	33363	1	60134.7	250.907	44.2711
0.0696	68327	29449	1	60367.4	253.816	43.8882
0.06984	60840	25708	1	60530.5	255.86	43.629
0.07008	54172	22355	2	60693.6	257.969	43.4226
0.07032	48062	19482	0	60830.4	259.745	43.2515
0.07056	41774	16452	1	60809.3	259.47	43.2778
0.0708	35885	13913	4	60788.1	259.196	43.3042
0.07104	30623	11314	0	60767	258.921	43.3306
0.07128	25762	9173	1	60682.2	257.822	43.4369
0.07152	21433	7614	3	60549.7	256.108	43.6046
0.07176	18049	6310	0	60417.2	254.437	43.8067
0.072	15151	4988	0	60284.7	252.782	44.0239
0.07224	12228	3984	0	60105.7	250.545	44.319
0.07248	9969	3057	1	59926.8	248.306	44.6162
0.07272	7991	2431	1	59747.9	246.064	44.9155
0.07296	6391	1959	3	59568.1	243.811	45.2184
0.0732	5071	1455	1	59387.1	241.541	45.5256
0.07344	4108	1204	0	59206	239.27	45.835
0.07368	3209	940	3	59025	236.999	46.1467
0.07392	2509	719	3	58865.3	234.996	46.4235
0.07416	1937	525	1	58709.2	232.983	46.6633
0.0744	1585	433	1	58553.1	230.9	46.8613
0.07464	1167	300	2	58406.1	228.946	47.0502
0.07488	887	221	3	58282	227.301	47.2115
0.07512	707	157	1	58157.9	225.661	47.3745
0.07536	531	114	1	58033.8	224.026	47.5393
0.0756	372	92	3	57930.5	222.668	47.6778
0.07584	274	67	2	57835.5	221.423	47.8063
0.07608	211	49	3	57740.5	220.18	47.9358
0.07632	128	47	2	57648.9	218.984	48.0617
0.07656	91	25	2	57577.2	218.051	48.1608
0.0768	69	18	3	57505.6	217.119	48.2606
0.07704	51	12	3	57433.9	216.19	48.3609
0.07728	43	8	2	57372.4	215.392	48.4476
0.07752	21	12	0	57318.4	214.694	48.5239
0.07776	18	21	1	57264.5	213.997	48.6007
0.078	15	8	2	57210.5	213.301	48.6777
0.07824	6	11	4	57169.5	212.773	48.7366
0.07848	5	17	1	57128.4	212.245	48.7956
0.07872	3	13	2	57087.4	211.717	48.8548
0.07896	2	15	2	57050.5	211.243	48.9083
0.0792	0	10	3	57018.9	210.853	48.9659
0.07944	2	14	3	56987.4	210.469	49.0288
0.07968	0	13	6	56955.9	210.087	49.0919
0.07992	0	8	7	56930.5	209.778	49.143
0.08016	1	13	1	56906.1	209.483	49.1921
0.0804	0	11	4	56881.7	209.187	49.2414
0.08064	2	24	4	56858.8	208.911	49.2877
0.08088	0	25	3	56839.8	208.682	49.3263
0.08112	0	23	6	56820.9	208.452	49.3649
0.08136	1	18	5	56801.9	208.223	49.4036
0.0816	0	32	3	56785.9	208.031	49.4361
0.08184	0	22	5	56771.2	207.854	49.4662
0.08208	0	34	6	56756.5	207.678	49.4963
0.08232	0	30	3	56742.3	207.507	49.5254
0.08256	0	35	6	56731.2	207.373	49.5483
0.0828	0	29	6	56720	207.239	49.5713
0.08304	0	46	6	56708.8	207.105	49.5942
0.08328	0	52	6	56699.4	206.992	49.6136
0.08352	0	57	7	56691.3	206.895	49.6304
0.08376	0	50	7	56683.2	206.797	49.6471
0.084	0	56	6	56675.1	206.7	49.6638
0.08424	0	39	6	56669.8	206.636	49.6749
0.08448	0	52	5	56664.4	206.572	49.686
0.08472	0	52	10	56659.1	206.508	49.697
0.08496	0	91	8	56654.8	206.457	49.7059
0.0852	0	72	6	56652	206.423	49.7118
0.08544	0	83	11	56649.1	206.389	49.7177
0.08568	0	85	10	56646.3	206.355	49.7236
0.08592	0	88	8	56645.4	206.345	49.7253
0.08616	0	83	16	56644.9	206.339	49.7263
0.0864	0	99	9	56644.4	206.333	49.7274
0.08664	0	118	11	56644.6	206.335	49.7271
0.08688	0	137	11	56646.4	206.356	49.7234
0.08712	0	132	11	56648.2	206.377	49.7196
0.08736	0	121	10	56649.9	206.399	49.7159
0.0876	0	143	9	56653.3	206.439	49.709
0.08784	0	152	11	56657.3	206.487	49.7007
0.08808	0	163	8	56661.3	206.535	49.6924
0.08832	0	203	12	56665.6	206.587	49.6834
0.08856	0	176	5	56671.8	206.661	49.6707
0.0888	0	206	12	56678	206.734	49.6579
0.08904	0	226	7	56684.1	206.808	49.6452
0.08928	0	255	4	56691.7	206.899	49.6297
0.08952	0	306	6	56700.2	207.001	49.612
0.08976	0	280	8	56708.8	207.104	49.5944
0.09	0	273	8	56717.3	207.206	49.5768
0.09024	0	311	9	56728.7	207.343	49.5535
0.09048	0	319	11	56740	207.479	49.5302
0.09072	0	408	7	56751.3	207.615	49.5069
0.09096	0	405	5	56764	207.768	49.4809
0.0912	0	404	9	56778.5	207.942	49.4512
0.09144	0	399	11	56793	208.117	49.4216
0.09168	0	463	3	56807.6	208.292	49.392
0.09192	0	501	9	56824.8	208.499	49.3569
0.09216	0	526	11	56842.4	208.713	49.321
0.0924	0	573	18	56860.1	208.926	49.2852
0.09264	0	624	14	56878.6	209.15	49.2477
0.09288	0	733	8	56899.2	209.399	49.2061
0.09312	0	773	6	56919.8	209.649	49.1645
0.09336	0	842	8	56940.4	209.899	49.123
0.0936	0	868	5	56963.7	210.181	49.0764
0.09384	0	953	13	56988	210.476	49.0277
0.09408	0	1000	7	57012.3	210.771	48.9792
0.09432	0	1062	14	57037.3	211.076	48.9294
0.09456	0	1160	5	57066.3	211.447	48.8853
0.0948	0	1144	10	57095.4	211.82	48.8432
0.09504	0	1307	9	57124.5	212.194	48.8012
0.09528	0	1386	14	57156.1	212.601	48.7557
0.09552	0	1498	13	57189.6	213.032	48.7076
0.09576	0	1705	9	57223.1	213.464	48.6596
0.096	0	1778	3	57256.6	213.896	48.6118
0.09624	0	1799	9	57294.4	214.384	48.558
0.09648	0	2028	7	57332.3	214.873	48.5043
0.09672	0	2258	11	57370.1	215.362	48.4509
0.09696	0	2407	8	57409.8	215.877	48.3948
0.0972	0	2519	13	57452.2	216.426	48.3353
0.09744	0	2762	8	57494.5	216.975	48.276
0.09768	0	2967	8	57536.9	217.526	48.217
0.09792	1	3183	11	57583.1	218.126	48.1528
0.09816	0	3337	8	57629.9	218.736	48.0879
0.0984	0	3697	11	57676.7	219.347	48.0233
0.09864	0	3925	12	57724.7	219.974	47.9574
0.09888	0	4244	8	57775.7	220.64	47.8877
0.09912	0	4488	6	57826.7	221.306	47.8183
0.09936	4	4807	13	57877.6	221.974	47.7492
0.0996	1	5227	7	57929.5	222.655	47.6791
0.09984	3	5581	16	57981.9	223.342	47.6089
0.10008	6	6120	9	58034.2	224.03	47.5389
0.10032	6	6541	17	58086.3	224.717	47.4694
0.10056	6	7063	7	58137.7	225.394	47.4013
0.1008	11	7254	11	58189	226.072	47.3335
0.10104	15	8158	9	58240.4	226.75	47.266
0.10128	19	8529	9	58287.6	227.375	47.2042
0.10152	28	9185	6	58331.8	227.96	47.1466
0.10176	36	10049	8	58375.9	228.546	47.0892
0.102	53	10440	5	58420.1	229.132	47.0321
0.10224	84	11685	14	58451.4	229.548	46.9916
0.10248	113	12156	13	58482.8	229.966	46.9512
0.10272	144	12841	12	58514.2	230.383	46.911
0.10296	170	13931	9	58535.8	230.67	46.8833
0.1032	191	15056	13	58544.3	230.784	46.8724
0.10344	288	15894	16	58552.9	230.898	46.8615
0.10368	330	17149	14	58561.4	231.011	46.8507
0.10392	407	18010	10	58536.4	230.678	46.8826
0.10416	567	19287	9	58505.7	230.27	46.9219
0.1044	656	20890	15	58475.1	229.863	46.9612
0.10464	782	22642	15	58429.9	229.262	47.0194
0.10488	981	23730	13	58348.2	228.179	47.1252
0.10512	1210	24994	16	58266.6	227.097	47.2316
0.10536	1511	26416	6	58184.9	226.018	47.3389
0.1056	1779	28410	10	58058	224.344	47.5071
0.10584	2164	30243	15	57913	222.438	47.7015
0.10608	2759	31716	14	57767.9	220.538	47.8984
0.10632	3385	34234	8	57614.1	218.531	48.1097
0.10656	3946	35721	12	57408.1	215.854	48.3973
0.1068	4887	37351	9	57202	213.191	48.69
0.10704	5619	39131	14	56995.9	210.572	49.012
0.10728	6421	41112	10	56757.3	207.687	49.4947
0.10752	7674	43480	11	56494.4	204.543	50.0411
0.10776	8918	45614	7	56231.4	201.438	50.6027
0.108	9748	46895	5	55968.5	198.371	51.18
0.10824	11379	48256	3	55670	194.933	51.8551
0.10848	12502	50290	10	55371.4	191.544	52.5515
0.10872	13886	51987	5	55072.9	188.213	53.1962
0.10896	15597	54048	8	54771	184.853	53.8241
0.1092	17340	55238	4	54464.6	181.445	54.4544
0.10944	19135	56466	19	54158.2	178.041	55.0773
0.10968	21316	58186	14	53851.9	174.643	55.6925
0.10992	23344	60058	7	53552.9	171.325	56.2798
0.11016	25491	61264	4	53255.1	167.892	56.7954
0.1104	27396	62572	9	52957.3	164.473	57.3335
0.11064	29634	64369	4	52668.4	161.172	57.8775
0.11088	32229	64891	0	52401.3	158.136	58.3999
0.11112	34557	66552	5	52134.3	155.117	58.9416
0.11136	36722	67586	5	51867.2	152.115	59.5031
0.1116	39312	67997	4	51630.9	149.599	60.163
0.11184	42410	70200	4	51406.9	147.23	60.8217
0.11208	44408	70496	3	51182.9	144.859	61.4929
0.11232	47858	71516	1	50966.7	142.57	62.1527
0.11256	49935	72901	5	50797.1	140.775	62.6788
0.1128	52503	73426	2	50627.5	138.981	63.2123
0.11304	55214	74186	2	50457.9	137.189	63.7535
0.11328	57948	75366	4	50324.7	135.784	64.1838
0.11352	61364	75888	3	50218.9	134.669	64.5291
0.11376	64625	77311	9	50113.1	133.554	64.8776
0.114	67749	78164	4	50007.3	132.254	65.084
0.11424	70813	79082	4	49976.4	131.871	65.1412
0.11448	74017	80273	1	49945.5	131.49	65.1994
0.11472	77527	81534	5	49914.6	131.111	65.2585
0.11496	80474	82633	6	49924.7	131.235	65.239
0.1152	84229	83377	5	49989.5	132.033	65.1169
0.11544	88516	85026	3	50054.3	132.839	64.9987
0.11568	91837	86782	6	50119.1	133.617	64.8578
0.11592	95925	87446	4	50291.8	135.437	64.2909
0.11616	99491	88161	1	50482.4	137.449	63.6746
0.1164	103658	89861	3	50673.1	139.464	63.068
0.11664	107300	90719	2	50902.8	141.894	62.35
0.11688	111861	91693	2	51230.1	145.358	61.3506
0.11712	115527	93064	6	51557.3	148.821	60.3781
0.11736	119424	94283	5	51884.6	152.31	59.466
0.1176	123122	95226	3	52276	156.717	58.6517
0.11784	125501	96330	3	52693.1	161.454	57.8301
0.11808	127741	96927	10	53110.2	166.226	57.0545
0.11832	128036	97778	6	53544.2	171.225	56.2944
0.11856	128031	98822	5	54080.1	177.173	55.2351
0.1188	128078	99662	6	54615.9	183.128	54.1441
0.11904	131355	100711	2	55151.7	189.09	53.0312
0.11928	138266	101361	5	55919.1	197.798	51.2904
0.11952	133820	100237	9	56860.1	208.927	49.2851
0.11976	0	90323	7	57801.2	220.973	47.8529
