0	0	0	0	56662.9	206.554	49.6891
0.00024	0	0	0	56668.3	206.618	49.678
0.00048	0	0	0	56673.6	206.682	49.6669
0.00072	0	0	0	56679	206.746	49.6559
0.00096	0	0	0	56684.4	206.811	49.6447
0.0012	0	0	0	56690	206.878	49.6332
0.00144	0	0	0	56695.5	206.945	49.6217
0.00168	0	0	0	56701.1	207.012	49.6102
0.00192	0	0	0	56706.9	207.081	49.5983
0.00216	0	0	0	56712.7	207.15	49.5864
0.0024	0	0	0	56718.5	207.22	49.5745
0.00264	0	0	0	56724.3	207.29	49.5624
0.00288	0	0	0	56730.4	207.363	49.55
0.00312	0	0	0	56736.4	207.436	49.5376
0.00336	0	0	0	56742.4	207.508	49.5252
0.0036	0	0	0	56748.7	207.583	49.5124
0.00384	0	0	0	56755	207.659	49.4995
0.00408	0	0	0	56761.3	207.735	49.4866
0.00432	0	0	0	56767.6	207.811	49.4736
0.00456	0	0	0	56774.2	207.89	49.4601
0.0048	0	0	0	56780.8	207.969	49.4467
0.00504	0	0	0	56787.3	208.048	49.4332
0.00528	0	0	0	56794.1	208.13	49.4195
0.00552	0	0	0	56800.9	208.212	49.4055
0.00576	0	0	0	56807.8	208.295	49.3915
0.006	0	0	0	56814.7	208.378	49.3775
0.00624	0	0	0	56821.8	208.464	49.3629
0.00648	0	0	0	56829	208.551	49.3483
0.00672	0	0	0	56836.2	208.637	49.3337
0.00696	0	0	0	56843.5	208.726	49.3189
0.0072	0	0	0	56851	208.816	49.3036
0.00744	0	0	0	56858.5	208.907	49.2884
0.00768	0	0	0	56866	208.997	49.2732
0.00792	0	0	0	56873.8	209.092	49.2574
0.00816	0	0	0	56881.6	209.186	49.2416
0.0084	0	0	0	56889.5	209.281	49.2257
0.00864	0	0	0	56897.4	209.378	49.2097
0.00888	0	0	0	56905.6	209.477	49.1931
0.00912	0	0	0	56913.8	209.576	49.1766
0.00936	0	0	0	56922	209.676	49.16
0.0096	0	0	0	56930.5	209.779	49.1429
0.00984	0	1	0	56939.1	209.883	49.1256
0.01008	0	0	0	56947.7	209.987	49.1084
0.01032	0	0	0	56956.4	210.092	49.091
0.01056	0	0	0	56965.4	210.202	49.0729
0.0108	0	0	0	56974.4	210.311	49.0549
0.01104	0	1	0	56983.4	210.421	49.0368
0.01128	0	0	0	56992.7	210.533	49.0183
0.01152	0	2	0	57002.1	210.648	48.9994
0.01176	0	0	0	57011.6	210.763	48.9806
0.012	0	0	0	57021	210.878	48.9617
0.01224	0	0	0	57031	210.999	48.9419
0.01248	0	0	0	57040.9	211.12	48.9222
0.01272	0	3	0	57050.8	211.247	48.9078
0.01296	0	0	2	57061	211.377	48.8931
0.0132	0	0	0	57071.4	211.511	48.878
0.01344	0	0	0	57081.8	211.645	48.8629
0.01368	0	1	1	57092.2	211.779	48.8478
0.01392	0	1	0	57103.1	211.919	48.8321
0.01416	0	0	0	57114.1	212.06	48.8163
0.0144	0	0	0	57125.1	212.201	48.8005
0.01464	0	0	0	57136.2	212.344	48.7844
0.01488	0	3	0	57147.7	212.493	48.7678
0.01512	0	2	0	57159.3	212.641	48.7512
0.01536	0	1	0	57170.8	212.79	48.7347
0.0156	0	0	1	57182.8	212.944	48.7175
0.01584	0	0	0	57194.9	213.1	48.7
0.01608	0	1	0	57207.1	213.257	48.6826
0.01632	0	1	1	57219.3	213.415	48.6651
0.01656	0	5	1	57232.1	213.58	48.6468
0.0168	0	1	0	57244.9	213.745	48.6285
0.01704	0	3	0	57257.8	213.911	48.6102
0.01728	0	0	1	57271	214.081	48.5914
0.01752	0	0	1	57284.5	214.256	48.5722
0.01776	0	5	2	57298	214.43	48.5529
0.018	0	4	1	57311.5	214.605	48.5338
0.01824	0	3	0	57325.8	214.789	48.5135
0.01848	0	4	0	57340.1	214.974	48.4933
0.01872	0	1	3	57354.3	215.159	48.4731
0.01896	0	8	1	57369	215.348	48.4524
0.0192	0	4	2	57384.1	215.544	48.4311
0.01944	0	3	1	57399.2	215.739	48.4098
0.01968	0	2	2	57414.3	215.935	48.3885
0.01992	0	4	3	57430.2	216.14	48.3662
0.02016	0	4	1	57446.2	216.348	48.3438
0.0204	0	3	4	57462.1	216.555	48.3213
0.02064	0	3	0	57478.4	216.766	48.2986
0.02088	0	4	0	57495.3	216.986	48.2749
0.02112	0	6	0	57512.3	217.206	48.2512
0.02136	0	7	0	57529.2	217.426	48.2276
0.0216	0	7	2	57546.9	217.656	48.203
0.02184	0	6	0	57564.8	217.889	48.1781
0.02208	0	8	0	57582.8	218.123	48.1531
0.02232	0	9	4	57600.9	218.359	48.128
0.02256	0	7	2	57620	218.607	48.1016
0.0228	0	6	3	57639.1	218.856	48.0752
0.02304	0	7	1	57658.2	219.105	48.0489
0.02328	0	8	1	57678	219.363	48.0216
0.02352	0	5	7	57698.3	219.628	47.9937
0.02376	0	19	2	57718.6	219.893	47.9659
0.024	0	13	3	57738.9	220.158	47.938
0.02424	0	11	5	57760.5	220.441	47.9085
0.02448	0	13	3	57782.1	220.723	47.879
0.02472	0	16	4	57803.7	221.006	47.8495
0.02496	0	17	2	57825.9	221.297	47.8193
0.0252	0	14	4	57849	221.599	47.788
0.02544	0	15	6	57872	221.901	47.7568
0.02568	0	13	0	57895.1	222.203	47.7256
0.02592	0	17	4	57919.4	222.523	47.6928
0.02616	0	24	3	57944	222.845	47.6597
0.0264	0	24	4	57968.6	223.168	47.6266
0.02664	0	25	3	57993.7	223.498	47.593
0.02688	0	27	4	58020	223.843	47.5578
0.02712	0	35	4	58046.2	224.189	47.5228
0.02736	0	30	5	58072.5	224.535	47.4878
0.0276	0	26	5	58100.1	224.899	47.4511
0.02784	0	33	4	58128.3	225.27	47.4137
0.02808	0	36	4	58156.4	225.642	47.3765
0.02832	0	27	8	58184.9	226.017	47.3389
0.02856	0	37	9	58215.1	226.416	47.2992
0.0288	0	44	5	58245.3	226.815	47.2596
0.02904	0	52	9	58275.5	227.215	47.22
0.02928	0	51	3	58306.9	227.631	47.179
0.02952	0	42	6	58339.3	228.06	47.1368
0.02976	0	54	9	58371.7	228.489	47.0947
0.03	0	69	5	58404	228.919	47.0528
0.03024	0	77	8	58438.9	229.382	47.0078
0.03048	0	65	9	58473.7	229.845	46.9629
0.03072	0	74	9	58508.6	230.308	46.9182
0.03096	0	80	12	58544.6	230.787	46.8721
0.0312	0	75	11	58582.2	231.288	46.8242
0.03144	0	71	5	58619.7	231.789	46.7764
0.03168	0	102	7	58657.3	232.29	46.7288
0.03192	0	88	7	58697.4	232.825	46.6781
0.03216	0	99	8	58737.9	233.367	46.6271
0.0324	0	119	11	58778.4	233.906	46.5749
0.03264	0	131	8	58819.8	234.426	46.5027
0.03288	0	139	7	58863.5	234.973	46.4267
0.03312	0	145	7	58907.2	235.521	46.3508
0.03336	0	160	6	58950.9	236.069	46.275
0.0336	0	154	11	58997.1	236.649	46.195
0.03384	0	193	9	59044.2	237.24	46.1135
0.03408	0	207	11	59091.4	237.832	46.0321
0.03432	0	250	7	59139.2	238.431	45.9499
0.03456	0	227	6	59190.3	239.073	45.862
0.0348	0	229	10	59241.5	239.715	45.7743
0.03504	0	233	7	59292.6	240.356	45.6868
0.03528	0	279	6	59346.3	241.029	45.5951
0.03552	0	282	12	59401.8	241.725	45.5005
0.03576	0	335	4	59457.3	242.422	45.4062
0.036	0	349	10	59512.8	243.118	45.312
0.03624	0	355	7	59573.1	243.873	45.21
0.03648	0	401	6	59633.3	244.628	45.1083
0.03672	0	445	10	59693.5	245.383	45.0068
0.03696	0	469	6	59756	246.166	44.9019
0.0372	0	485	11	59821.4	246.986	44.7922
0.03744	0	519	1	59886.9	247.805	44.6828
0.03768	0	586	4	59952.3	248.625	44.5737
0.03792	0	614	5	60022.6	249.504	44.4569
0.03816	0	656	1	60093.6	250.393	44.3391
0.0384	0	759	2	60164.7	251.282	44.2215
0.03864	0	770	8	60237.5	252.192	44.1015
0.03888	0	801	4	60314.7	253.157	43.9746
0.03912	0	924	5	60391.8	254.121	43.8482
0.03936	0	1115	3	60469	255.084	43.7221
0.0396	0	999	7	60551	256.125	43.6029
0.03984	0	1139	2	60635	257.21	43.4965
0.04008	0	1156	13	60719	258.298	43.3907
0.04032	0	1438	13	60804.1	259.403	43.2843
0.04056	0	1322	3	60895.8	260.596	43.1704
0.0408	0	1439	4	60987.5	261.792	43.0573
0.04104	0	1604	8	61079.3	262.991	42.945
0.04128	0	1683	8	61175.6	264.253	42.8279
0.04152	0	1915	5	61275.4	265.564	42.7075
0.04176	0	1918	8	61375.3	266.878	42.5881
0.042	0	2100	8	61475.1	268.196	42.4696
0.04224	0	2332	5	61583.5	269.631	42.342
0.04248	0	2548	10	61692	271.069	42.2154
0.04272	0	2575	11	61800.4	272.512	42.09
0.04296	0	2937	12	61912.9	274.011	41.9611
0.0432	0	3063	9	62030.5	275.584	41.8274
0.04344	0	3211	8	62148.2	277.162	41.6949
0.04368	0	3578	5	62265.9	278.751	41.5581
0.04392	0	3945	7	62392.1	280.486	41.3853
0.04416	0	4016	5	62519.7	282.239	41.2118
0.0444	0	4338	5	62647.2	283.99	41.0396
0.04464	0	4811	5	62777.8	285.779	40.8647
0.04488	0	4856	10	62915.8	287.666	40.6812
0.04512	0	5403	5	63053.8	289.551	40.4992
0.04536	0	6017	2	63191.8	291.432	40.3187
0.0456	0	6148	6	63337.1	293.408	40.1301
0.04584	0	6692	4	63485.2	295.419	39.9394
0.04608	0	7341	6	63633.4	297.425	39.7503
0.04632	0	7734	6	63783.1	299.445	39.5609
0.04656	0	8222	7	63941.6	301.579	39.3621
0.0468	0	8766	6	64100.2	303.603	39.1907
0.04704	0	9729	2	64258.7	305.587	39.0293
0.04728	0	10273	4	64422	307.626	38.865
0.04752	0	10993	5	64589	309.702	38.6993
0.04776	0	11907	2	64755.9	311.769	38.5357
0.048	0	12528	4	64922.9	313.829	38.3742
0.04824	0	13714	1	65097.6	315.976	38.2075
0.04848	0	14630	6	65272.4	318.112	38.043
0.04872	0	15864	4	65447.1	320.239	37.8808
0.04896	0	16831	4	65624.7	322.388	37.7184
0.0492	0	17698	0	65805.8	324.593	37.5481
0.04944	0	18864	5	65987	326.832	37.3703
0.04968	0	20213	5	66168.2	329.09	37.1905
0.04992	0	22027	2	66351.5	331.394	37.0069
0.05016	0	23404	4	66535.1	333.723	36.821
0.0504	0	24646	8	66718.8	336.072	36.6334
0.05064	0	26778	8	66901.8	338.434	36.4445
0.05088	0	28279	4	67083.4	340.799	36.2555
0.05112	0	30159	3	67265	343.183	36.0647
0.05136	0	32355	3	67446.5	345.589	35.8724
0.0516	0	34354	2	67621	348.081	35.657
0.05184	0	36456	4	67792.5	350.545	35.4482
0.05208	0	39191	3	67964.1	353.019	35.243
0.05232	0	41219	2	68133.3	355.469	35.044
0.05256	0	44021	5	68288.6	357.726	34.8644
0.0528	0	46541	4	68443.8	359.992	34.6875
0.05304	0	49216	2	68599.1	362.266	34.5134
0.05328	0	53047	3	68736.8	364.291	34.3611
0.05352	0	55863	0	68861.4	366.128	34.2253
0.05376	0	58695	4	68986	367.97	34.0911
0.054	0	62472	1	69110.6	369.818	33.9586
0.05424	0	65554	2	69198.4	371.111	33.872
0.05448	0	69303	4	69286.2	372.344	33.814
0.05472	0	73421	4	69374	373.574	33.7559
0.05496	0	75970	2	69442.3	374.529	33.7107
0.0552	0	80896	3	69484.5	375.118	33.6827
0.05544	0	84637	6	69526.7	375.707	33.6547
0.05568	0	88976	4	69568.9	376.294	33.6267
0.05592	0	92578	4	69560.7	376.181	33.6322
0.05616	0	96615	3	69544.1	375.95	33.6432
0.0564	0	101507	2	69527.6	375.719	33.6541
0.05664	0	105052	4	69493.5	375.244	33.6768
0.05688	0	110401	4	69415.5	374.155	33.7284
0.05712	0	115073	3	69337.6	373.065	33.78
0.05736	0	118765	5	69259.7	371.972	33.8315
0.0576	0	122404	1	69133.7	370.161	33.9343
0.05784	0	126748	0	68988.5	368.006	34.0885
0.05808	0	132393	4	68843.3	365.86	34.245
0.05832	0	134526	4	68690.6	363.61	34.412
0.05856	0	138883	1	68493	360.711	34.6321
0.0588	0	143577	5	68295.4	357.825	34.8566
0.05904	0	146907	2	68097.8	354.954	35.0855
0.05928	0	149950	0	67871.6	351.684	35.3532
0.05952	0	152521	7	67624	348.125	35.6532
0.05976	0	155570	3	67376.4	344.658	35.9468
0.06	0	158538	2	67128.9	341.394	36.2078
0.06024	0	161595	8	66849.1	337.752	36.499
0.06048	0	164518	3	66569.4	334.159	36.7862
0.06072	0	167606	4	66289.6	330.614	37.0691
0.06096	0	169185	3	66003.4	327.035	37.3541
0.0612	0	170865	3	65708.5	323.399	37.6424
0.06144	0	173779	3	65413.6	319.832	37.9118
0.06168	0	176172	2	65118.7	316.234	38.1875
0.06192	0	176680	1	64819.3	312.552	38.4742
0.06216	0	176155	2	64519.1	308.834	38.7684
0.0624	0	178524	2	64218.9	305.09	39.0696
0.06264	0	178618	5	63922.8	301.325	39.3857
0.06288	0	179836	5	63636.7	297.468	39.7462
0.06312	0	180605	2	63350.6	293.591	40.1126
0.06336	0	181994	2	63064.5	289.697	40.4852
0.0636	0	181188	2	62781.4	285.828	40.8599
0.06384	0	181899	7	62499.4	281.962	41.2392
0.06408	0	184010	4	62217.5	278.093	41.6175
0.06432	0	183959	3	61938	274.347	41.9324
0.06456	0	181706	2	61673.1	270.818	42.2374
0.0648	0	183703	2	61408.1	267.311	42.549
0.06504	0	183780	13	61143.1	263.827	42.8673
0.06528	0	182811	8	60885.4	260.46	43.1832
0.06552	0	181806	7	60633.2	257.187	43.4988
0.06576	0	182620	4	60381	253.985	43.866
0.066	0	180791	6	60128.7	250.832	44.281
0.06624	0	179899	4	59904.3	248.024	44.6537
0.06648	0	181755	7	59679.9	245.212	45.0298
0.06672	0	178140	88	59455.5	242.398	45.4093
0.06696	0	177975	186	59251.3	239.838	45.7574
0.0672	0	175673	523	59074.3	237.617	46.0617
0.06744	0	176949	973	58897.2	235.396	46.3681
0.06768	0	174121	2099	58720.1	233.13	46.6495
0.06792	0	172036	2665	58581.7	231.282	46.8247
0.06816	0	172486	3348	58449.8	229.526	46.9938
0.0684	0	172936	4028	58317.8	227.775	47.1648
0.06864	0	173352	5587	58204.6	226.278	47.313
0.06888	0	170757	8378	58138.4	225.403	47.4004
0.06912	0	172408	11134	58072.1	224.53	47.4883
0.06936	0	172107	14302	58005.9	223.658	47.5767
0.0696	0	172283	15830	57986.5	223.403	47.6026
0.06984	0	171935	19357	57985.9	223.395	47.6035
0.07008	0	175567	21734	57985.2	223.387	47.6043
0.07032	0	177676	25468	57995.8	223.526	47.5901
0.07056	0	177889	32089	58073.8	224.552	47.4861
0.0708	0	179288	33344	58151.7	225.579	47.3827
0.07104	0	182617	37751	58229.6	226.609	47.2801
0.07128	0	182016	44579	58349.5	228.195	47.1235
0.07152	0	186028	47171	58500.8	230.205	46.9281
0.07176	0	188803	48819	58652.1	232.221	46.7353
0.072	0	190600	57296	58803.5	234.22	46.5312
0.07224	0	194271	61210	59017.5	236.905	46.1597
0.07248	0	197905	64837	59231.6	239.59	45.7913
0.07272	0	203238	69755	59445.6	242.275	45.426
0.07296	0	207299	76043	59683.3	245.254	45.0242
0.0732	0	212484	80847	59952.4	248.625	44.5736
0.07344	0	219946	84802	60221.5	251.992	44.1279
0.07368	0	224070	90154	60490.6	255.353	43.6869
0.07392	0	228990	99319	60803.4	259.394	43.2851
0.07416	0	235874	102647	61123.5	263.571	42.891
0.0744	0	243168	109737	61443.7	267.781	42.5068
0.07464	0	251101	116551	61779.2	272.229	42.1145
0.07488	0	258363	123159	62153.2	277.229	41.6893
0.07512	0	267982	130696	62527.2	282.343	41.2016
0.07536	0	277006	137168	62901.2	287.468	40.7005
0.0756	0	286846	143071	63278.6	292.613	40.2057
0.07584	0	296204	150326	63657.4	297.748	39.7199
0.07608	0	309175	155254	64036.1	302.799	39.2565
0.07632	0	322974	163757	64405	307.414	38.8821
0.07656	0	337300	172074	64714.7	311.259	38.5759
0.0768	0	350955	177476	65024.3	315.076	38.2772
0.07704	0	368675	185533	65334	318.863	37.9856
0.07728	0	387692	198206	65502.3	320.908	37.8301
0.07752	0	407076	205437	65564.6	321.662	37.7731
0.07776	0	432289	211510	65626.9	322.415	37.7164
0.078	0	455465	222212	65689.2	323.166	37.6599
0.07824	0	484397	240860	65219.2	317.463	38.0928
0.07848	0	517212	245848	64749.2	311.687	38.5422
0.07872	0	551571	257211	64279.3	305.845	39.0085
0.07896	0	591892	274265	63431.6	294.691	40.0083
0.0792	0	627176	284517	62080.2	276.25	41.7713
0.07944	0	665499	289755	60728.9	258.426	43.3783
0.07968	0	712185	301016	59377.5	241.421	45.5419
0.07992	0	761242	320536	57253.2	213.851	48.6168
0.08016	0	789812	323319	54999.9	187.402	53.3485
0.0804	0	815546	330707	52746.7	162.065	57.7278
0.08064	0	840846	349341	50428.5	136.879	63.8481
0.08088	0	860579	366951	47947.6	111.934	72.177
0.08112	0	853703	365657	45466.7	92.2596	89.8616
0.08136	0	848947	382926	42985.8	70.2514	95.493
0.0816	0	858219	426466	40995.6	52.1522	101.861
0.08184	1	850965	444399	39201.6	42.0695	118.727
0.08208	0	853201	475262	37407.6	33.5467	142.343
0.08232	1	863207	536650	35783.6	24.2721	160.179
0.08256	0	876378	605360	35179.2	20.7218	164.022
0.0828	0	873240	608820	34574.8	17.596	168.096
0.08304	0	882473	652319	33970.4	15.3117	176.386
0.08328	0	900901	732965	33949.4	15.241	176.724
0.08352	2	905585	757816	34366	16.7184	170.407
0.08376	0	909355	757068	34782.6	18.6248	166.669
0.084	1	929697	808583	35199.2	20.8322	163.891
0.08424	1	956458	907340	36121.1	26.4513	158.129
0.08448	1	951490	835547	37043.1	31.6284	147.239
0.08472	0	964127	848585	37965	36.3077	134.565
0.08496	2	982825	931373	38886.1	40.5876	122.506
0.0852	0	988841	951568	39806.2	44.9757	111.966
0.08544	2	990282	875168	40726.2	50.3654	103.779
0.08568	2	1.01071e+06	904551	41646.3	57.1905	98.414
0.08592	5	1.04042e+06	1.04909e+06	42226.7	62.6114	96.7678
0.08616	7	1.02781e+06	885360	42750.5	67.816	95.7841
0.0864	5	1.03308e+06	858807	43274.4	73.0508	95.281
0.08664	10	1.06785e+06	960596	43661.6	76.2604	94.9724
0.08688	18	1.08564e+06	1.02102e+06	43707.5	76.6396	94.9233
0.08712	15	1.07423e+06	842969	43753.3	77.0186	94.8716
0.08736	27	1.08688e+06	887986	43799.2	77.3974	94.8173
0.0876	28	1.11301e+06	1.08082e+06	43588.9	75.6589	95.0447
0.08784	37	1.10144e+06	930093	43276.3	73.067	95.2799
0.08808	35	1.10455e+06	857706	42963.7	70.0197	95.5164
0.08832	54	1.13323e+06	977020	42606	66.3496	96.009
0.08856	42	1.16608e+06	1.13059e+06	41977.8	60.2428	97.4007
0.0888	52	1.1684e+06	891555	41349.7	54.6634	99.6384
0.08904	82	1.20308e+06	929618	40721.6	50.3352	103.814
0.08928	89	1.25879e+06	1.15583e+06	40050.1	46.3046	109.532
0.08952	115	1.26244e+06	1.09662e+06	39346.2	42.7501	117.049
0.08976	104	1.26807e+06	964260	38642.4	39.4466	125.545
0.09	111	1.2959e+06	1.099e+06	37938.5	36.1829	134.94
0.09024	127	1.34908e+06	1.37785e+06	37709.3	35.0716	138.172
0.09048	163	1.31402e+06	1.07379e+06	37480.1	33.9187	141.35
0.09072	174	1.31894e+06	1.11631e+06	37250.9	32.7307	144.469
0.09096	162	1.35558e+06	1.36532e+06	37318.2	33.0826	143.56
0.0912	179	1.35099e+06	1.37211e+06	37780.7	35.4225	137.17
0.09144	185	1.3334e+06	1.19019e+06	38243.2	37.5902	130.754
0.09168	191	1.3381e+06	1.28278e+06	38705.7	39.7428	124.745
0.09192	247	1.38197e+06	1.52124e+06	39360.6	42.8175	116.885
0.09216	249	1.3543e+06	1.29525e+06	40047.5	46.2897	109.558
0.0924	299	1.35473e+06	1.23197e+06	40734.4	50.4178	103.718
0.09264	295	1.37984e+06	1.35871e+06	41332.2	54.5348	99.7405
0.09288	345	1.4075e+06	1.50478e+06	41707.4	57.7445	98.2123
0.09312	362	1.38968e+06	1.22206e+06	42082.6	61.232	97.121
0.09336	409	1.40264e+06	1.25148e+06	42457.8	64.8709	96.2761
0.0936	442	1.44833e+06	1.53568e+06	42564.1	65.9292	96.0807
0.09384	479	1.43569e+06	1.33833e+06	42562.8	65.9159	96.083
0.09408	538	1.44069e+06	1.21619e+06	42561.4	65.9027	96.0854
0.09432	584	1.46515e+06	1.35974e+06	42547.5	65.7633	96.1099
0.09456	650	1.51118e+06	1.64326e+06	42458	64.8721	96.2759
0.0948	703	1.48782e+06	1.27225e+06	42368.4	63.9896	96.4555
0.09504	709	1.49885e+06	1.30786e+06	42278.8	63.1159	96.6489
0.09528	761	1.5458e+06	1.63431e+06	42246.3	62.8004	96.7226
0.09552	780	1.54624e+06	1.53549e+06	42256.5	62.899	96.6993
0.09576	894	1.54698e+06	1.33434e+06	42266.7	62.9978	96.6762
0.096	961	1.56975e+06	1.49379e+06	42276.8	63.0966	96.6533
0.09624	942	1.63684e+06	1.7717e+06	42325.7	63.5724	96.5459
0.09648	1133	1.60746e+06	1.46961e+06	42374.6	64.0507	96.4426
0.09672	1152	1.62588e+06	1.44298e+06	42423.5	64.5317	96.3433
0.09696	1256	1.67531e+06	1.69318e+06	42467.8	64.9692	96.2571
0.0972	1258	1.69204e+06	1.72402e+06	42505.8	65.3472	96.1855
0.09744	1399	1.69079e+06	1.52307e+06	42543.9	65.7267	96.1165
0.09768	1457	1.71374e+06	1.61219e+06	42581.9	66.1079	96.0498
0.09792	1540	1.78306e+06	1.9113e+06	42604.7	66.3374	96.011
0.09816	1681	1.75728e+06	1.63569e+06	42625	66.5419	95.9773
0.0984	1788	1.77552e+06	1.59827e+06	42645.3	66.7468	95.9442
0.09864	1907	1.82683e+06	1.76491e+06	42686.7	67.1652	95.8791
0.09888	1964	1.85783e+06	2.00372e+06	42780.5	68.1223	95.7419
0.09912	2110	1.84485e+06	1.64024e+06	42874.3	69.0892	95.6194
0.09936	2189	1.88556e+06	1.74523e+06	42968.1	70.0657	95.5117
0.0996	2260	1.96452e+06	2.18299e+06	43079.1	71.2338	95.4031
0.09984	2360	1.95473e+06	1.90463e+06	43196.9	72.4083	95.3199
0.10008	2505	1.96866e+06	1.72762e+06	43314.8	73.3862	95.2576
0.10032	2598	2.02976e+06	2.00515e+06	43409.9	74.1755	95.1945
0.10056	2799	2.11106e+06	2.23775e+06	43368.9	73.8351	95.2231
0.1008	2922	2.08326e+06	1.91819e+06	43327.9	73.4948	95.2496
0.10104	3058	2.11568e+06	1.95889e+06	43286.8	73.1543	95.274
0.10128	3168	2.21114e+06	2.24386e+06	43096.1	71.4142	95.3883
0.10152	3375	2.21827e+06	2.22692e+06	42793.1	68.2517	95.7246
0.10176	3513	2.22548e+06	1.99723e+06	42490	65.1902	96.2149
0.102	3710	2.29921e+06	2.13065e+06	42187	62.229	96.8615
0.10224	3824	2.4268e+06	2.78415e+06	41409.1	55.104	99.2973
0.10248	3868	2.37978e+06	2.0762e+06	40631.3	49.7595	104.504
0.10272	3807	2.43973e+06	2.05434e+06	39853.4	45.2278	111.478
0.10296	3939	2.56418e+06	2.51012e+06	39113.2	41.654	119.768
0.1032	4003	2.5887e+06	2.53464e+06	38423.3	38.4256	128.367
0.10344	4061	2.57732e+06	2.28173e+06	37733.3	35.1902	137.835
0.10368	4099	2.6178e+06	2.55693e+06	37043.4	31.6299	147.235
0.10392	4045	2.74866e+06	3.04107e+06	36831.4	30.4863	149.999
0.10416	4127	2.72212e+06	2.63923e+06	36699.1	29.7649	151.689
0.1044	3904	2.76089e+06	2.47651e+06	36566.8	29.0389	153.352
0.10464	3854	2.87221e+06	2.88932e+06	36439.6	28.3375	154.923
0.10488	3986	2.95013e+06	3.37093e+06	36325	27.7041	156.314
0.10512	3792	2.91707e+06	2.66098e+06	36210.4	27.0519	157.598
0.10536	3738	2.97356e+06	2.79914e+06	36095.8	26.2826	158.28
0.1056	3638	3.09891e+06	3.17188e+06	36161.4	26.7212	157.889
0.10584	3710	3.04723e+06	2.95019e+06	36299.2	27.5612	156.624
0.10608	3685	3.04387e+06	2.81648e+06	36436.9	28.3227	154.956
0.10632	3568	3.12283e+06	3.11682e+06	36622.7	29.3463	152.652
0.10656	3548	3.23916e+06	4.0169e+06	37097.2	31.9177	146.523
0.1068	3548	3.17033e+06	2.99754e+06	37571.7	34.3843	140.086
0.10704	3469	3.18661e+06	3.06844e+06	38046.3	36.6811	133.436
0.10728	3626	3.29384e+06	3.47854e+06	38355.4	38.1102	129.26
0.10752	3519	3.24336e+06	3.31847e+06	38540.5	38.9714	126.846
0.10776	3461	3.18908e+06	2.88067e+06	38725.6	39.8359	124.495
0.108	3473	3.22464e+06	3.10624e+06	38910.8	40.7031	122.205
0.10824	3512	3.39017e+06	4.08613e+06	38611.5	39.3026	125.937
0.10848	3517	3.25804e+06	3.02957e+06	38312.3	37.9101	129.831
0.10872	3554	3.26906e+06	3.03948e+06	38013	36.5284	133.896
0.10896	3479	3.35068e+06	3.30996e+06	37687.6	34.9644	138.474
0.1092	3492	3.32702e+06	3.55889e+06	37327.3	33.1305	143.436
0.10944	3562	3.23853e+06	2.96094e+06	36967.1	31.2203	148.237
0.10968	3407	3.26118e+06	3.27843e+06	36606.8	29.2587	152.852
0.10992	3426	3.39495e+06	3.78438e+06	36450.1	28.3956	154.794
0.11016	3381	3.25805e+06	3.20397e+06	36327.3	27.717	156.286
0.1104	3324	3.23338e+06	3.00374e+06	36204.5	27.0122	157.633
0.11064	3205	3.30131e+06	3.21996e+06	36082.6	26.1948	158.36
0.11088	3208	3.32473e+06	4.00078e+06	35962.5	25.4093	159.084
0.11112	3086	3.183e+06	3.04056e+06	35842.5	24.6422	159.816
0.11136	3051	3.16203e+06	3.08414e+06	35722.5	23.8931	160.557
0.1116	2877	3.26482e+06	3.40599e+06	35652.5	23.4641	160.994
0.11184	2917	3.12802e+06	3.17542e+06	35602.4	23.1611	161.308
0.11208	2877	3.03349e+06	2.83714e+06	35552.3	22.8612	161.623
0.11232	2761	3.04478e+06	3.09175e+06	35490.2	22.4937	162.016
0.11256	2682	3.10456e+06	3.8146e+06	35356.3	21.7163	162.873
0.1128	2559	2.93164e+06	2.85644e+06	35222.3	20.9603	163.741
0.11304	2500	2.91336e+06	2.82405e+06	35088.3	20.2252	164.62
0.11328	2516	2.97578e+06	3.09785e+06	34876.1	19.1029	166.036
0.11352	2452	2.85961e+06	2.98419e+06	34605.1	17.7433	167.886
0.11376	2301	2.73118e+06	2.65339e+06	34334.2	16.6	170.86
0.114	2129	2.72383e+06	2.75709e+06	34063.3	15.6294	174.913
0.11424	2215	2.81607e+06	3.27916e+06	34022.9	15.4904	175.548
0.11448	2086	2.62609e+06	2.67992e+06	33982.5	15.3528	176.191
0.11472	2033	2.56544e+06	2.56153e+06	33942.2	15.2167	176.842
0.11496	1897	2.59936e+06	2.87845e+06	33950	15.2428	176.715
0.1152	1890	2.54696e+06	2.94716e+06	34022	15.4871	175.563
0.11544	1869	2.43614e+06	2.48756e+06	34094	15.7359	174.437
0.11568	1731	2.44667e+06	2.53311e+06	34165.9	15.9893	173.336
0.11592	1625	2.5335e+06	2.9861e+06	34157.1	15.9579	173.469
0.11616	1605	2.38295e+06	2.54554e+06	34134.8	15.8792	173.808
0.1164	1537	2.34549e+06	2.3097e+06	34112.5	15.8008	174.15
0.11664	1493	2.40885e+06	2.63266e+06	34136	15.8833	173.791
0.11688	1418	2.37696e+06	2.92564e+06	34273.8	16.3777	171.733
0.11712	1463	2.15806e+06	2.33666e+06	34411.6	16.89	169.765
0.11736	1399	2.07878e+06	2.32116e+06	34549.5	17.4738	168.272
0.1176	1316	2.10419e+06	2.79921e+06	34449.1	17.0324	169.245
0.11784	1300	1.91253e+06	2.29577e+06	34253.5	16.3037	172.031
0.11808	1254	1.82803e+06	1.96745e+06	34057.9	15.6106	174.998
0.11832	1138	1.90013e+06	2.14421e+06	34069.8	15.6519	174.812
0.11856	1112	2.0445e+06	2.65467e+06	35327.1	21.5503	163.06
0.1188	1256	2.22181e+06	2.1665e+06	36584.5	29.1362	153.131
0.11904	1121	2.48804e+06	2.47091e+06	37841.8	35.7198	136.309
0.11928	1146	2.71258e+06	3.1226e+06	45019.7	87.6076	92.1766
0.11952	1080	2.79939e+06	3.25663e+06	56638	206.256	49.7407
0.11976	0	2.72456e+06	1.91446e+06	68256.3	357.256	34.9015
