0	0	0	0	56659.3	206.511	49.6966
0.00024	0	0	0	56664.6	206.574	49.6856
0.00048	0	0	0	56669.9	206.638	49.6746
0.00072	0	0	0	56675.2	206.701	49.6636
0.00096	0	0	0	56680.6	206.766	49.6525
0.0012	0	0	0	56686.2	206.832	49.641
0.00144	0	0	0	56691.7	206.899	49.6296
0.00168	0	0	0	56697.2	206.965	49.6182
0.00192	0	0	0	56702.9	207.034	49.6064
0.00216	0	0	0	56708.7	207.103	49.5946
0.0024	0	0	0	56714.5	207.172	49.5827
0.00264	0	0	0	56720.3	207.242	49.5707
0.00288	0	0	0	56726.3	207.314	49.5584
0.00312	0	0	0	56732.3	207.386	49.546
0.00336	0	0	0	56738.3	207.458	49.5337
0.0036	0	0	0	56744.5	207.533	49.521
0.00384	0	0	0	56750.7	207.608	49.5082
0.00408	0	0	0	56757	207.683	49.4953
0.00432	0	0	0	56763.3	207.759	49.4824
0.00456	0	0	0	56769.8	207.837	49.4691
0.0048	0	0	0	56776.3	207.916	49.4557
0.00504	0	0	0	56782.9	207.995	49.4424
0.00528	0	0	0	56789.6	208.075	49.4287
0.00552	0	0	0	56796.4	208.157	49.4148
0.00576	0	0	0	56803.2	208.239	49.4009
0.006	0	0	0	56810	208.322	49.387
0.00624	0	0	0	56817.1	208.408	49.3725
0.00648	0	0	0	56824.3	208.493	49.358
0.00672	0	0	0	56831.4	208.579	49.3435
0.00696	0	0	0	56838.6	208.667	49.3287
0.0072	0	0	0	56846.1	208.757	49.3136
0.00744	0	0	0	56853.5	208.847	49.2985
0.00768	0	0	0	56861	208.937	49.2834
0.00792	0	0	0	56868.7	209.03	49.2677
0.00816	0	0	0	56876.5	209.124	49.252
0.0084	0	0	0	56884.3	209.219	49.2362
0.00864	0	0	0	56892.2	209.314	49.2203
0.00888	0	0	0	56900.3	209.413	49.2038
0.00912	0	0	0	56908.5	209.511	49.1874
0.00936	0	0	0	56916.6	209.61	49.1709
0.0096	0	0	0	56925	209.712	49.154
0.00984	0	1	0	56933.6	209.816	49.1368
0.01008	0	0	0	56942.1	209.919	49.1196
0.01032	0	0	0	56950.7	210.023	49.1024
0.01056	0	0	0	56959.7	210.132	49.0844
0.0108	0	0	0	56968.6	210.241	49.0665
0.01104	0	1	0	56977.5	210.349	49.0486
0.01128	0	0	0	56986.7	210.461	49.0302
0.01152	0	2	0	56996.1	210.575	49.0114
0.01176	0	0	0	57005.5	210.689	48.9927
0.012	0	0	0	57014.9	210.803	48.974
0.01224	0	0	0	57024.7	210.923	48.9544
0.01248	0	0	0	57034.6	211.043	48.9348
0.01272	0	3	0	57044.4	211.165	48.9171
0.01296	0	0	2	57054.5	211.294	48.9025
0.0132	0	0	0	57064.8	211.427	48.8875
0.01344	0	0	0	57075.2	211.56	48.8725
0.01368	0	1	1	57085.5	211.693	48.8575
0.01392	0	1	0	57096.3	211.832	48.8419
0.01416	0	0	0	57107.2	211.972	48.8262
0.0144	0	0	0	57118.1	212.111	48.8105
0.01464	0	0	0	57129.1	212.253	48.7946
0.01488	0	3	0	57140.6	212.401	48.7781
0.01512	0	2	0	57152	212.548	48.7617
0.01536	0	1	0	57163.4	212.695	48.7452
0.0156	0	0	1	57175.3	212.848	48.7281
0.01584	0	0	0	57187.4	213.003	48.7109
0.01608	0	1	0	57199.4	213.158	48.6936
0.01632	0	1	1	57211.6	213.315	48.6762
0.01656	0	5	1	57224.3	213.479	48.658
0.0168	0	1	0	57237	213.643	48.6399
0.01704	0	3	0	57249.7	213.807	48.6217
0.01728	0	0	1	57262.8	213.976	48.603
0.01752	0	0	1	57276.2	214.149	48.584
0.01776	0	5	2	57289.6	214.322	48.5649
0.018	0	4	1	57303	214.495	48.5459
0.01824	0	3	0	57317.1	214.678	48.5258
0.01848	0	4	0	57331.3	214.861	48.5057
0.01872	0	1	3	57345.5	215.044	48.4857
0.01896	0	8	1	57360	215.231	48.4652
0.0192	0	4	2	57374.9	215.425	48.444
0.01944	0	3	1	57389.9	215.619	48.4229
0.01968	0	2	2	57404.9	215.813	48.4018
0.01992	0	4	3	57420.6	216.016	48.3797
0.02016	0	4	1	57436.4	216.222	48.3574
0.0204	0	3	4	57452.3	216.427	48.3352
0.02064	0	3	0	57468.4	216.636	48.3126
0.02088	0	4	0	57485.2	216.854	48.2891
0.02112	0	6	0	57501.9	217.072	48.2657
0.02136	0	7	0	57518.7	217.29	48.2422
0.0216	0	7	2	57536.2	217.517	48.2179
0.02184	0	6	0	57554	217.749	48.1931
0.02208	0	8	0	57571.8	217.98	48.1684
0.02232	0	9	4	57589.8	218.213	48.1435
0.02256	0	7	2	57608.7	218.46	48.1173
0.0228	0	6	3	57627.6	218.706	48.0912
0.02304	0	7	1	57646.5	218.952	48.0651
0.02328	0	8	1	57666	219.208	48.0381
0.02352	0	5	7	57686.1	219.47	48.0104
0.02376	0	19	2	57706.2	219.732	47.9828
0.024	0	13	3	57726.3	219.994	47.9552
0.02424	0	11	5	57747.7	220.274	47.9259
0.02448	0	13	3	57769.1	220.554	47.8967
0.02472	0	16	4	57790.5	220.833	47.8675
0.02496	0	17	2	57812.5	221.121	47.8376
0.0252	0	14	4	57835.3	221.42	47.8066
0.02544	0	15	6	57858.1	221.718	47.7757
0.02568	0	13	0	57880.9	222.017	47.7448
0.02592	0	17	4	57905	222.333	47.7123
0.02616	0	24	3	57929.3	222.652	47.6795
0.0264	0	24	4	57953.6	222.971	47.6467
0.02664	0	25	3	57978.4	223.297	47.6135
0.02688	0	27	4	58004.4	223.639	47.5787
0.02712	0	35	4	58030.4	223.98	47.5439
0.02736	0	30	5	58056.3	224.322	47.5093
0.0276	0	26	5	58083.6	224.682	47.4729
0.02784	0	33	4	58111.5	225.048	47.436
0.02808	0	36	4	58139.3	225.415	47.3991
0.02832	0	27	8	58167.4	225.786	47.362
0.02856	0	37	9	58197.2	226.18	47.3227
0.0288	0	44	5	58227	226.574	47.2835
0.02904	0	52	9	58256.9	226.969	47.2444
0.02928	0	51	3	58287.9	227.38	47.2037
0.02952	0	42	6	58319.9	227.803	47.162
0.02976	0	54	9	58351.9	228.227	47.1204
0.03	0	69	5	58383.8	228.651	47.079
0.03024	0	77	8	58418.2	229.107	47.0345
0.03048	0	65	9	58452.6	229.564	46.9901
0.03072	0	74	9	58487	230.021	46.9459
0.03096	0	80	12	58522.5	230.494	46.9003
0.0312	0	75	11	58559.6	230.987	46.853
0.03144	0	71	5	58596.6	231.481	46.8058
0.03168	0	102	7	58633.7	231.975	46.7587
0.03192	0	88	7	58673.2	232.502	46.7087
0.03216	0	99	8	58713.1	233.035	46.6584
0.0324	0	119	11	58753	233.569	46.6082
0.03264	0	131	8	58793.8	234.099	46.548
0.03288	0	139	7	58836.8	234.639	46.4731
0.03312	0	145	7	58879.9	235.179	46.3982
0.03336	0	160	6	58922.9	235.718	46.3235
0.0336	0	154	11	58968.3	236.288	46.2447
0.03384	0	193	9	59014.8	236.871	46.1644
0.03408	0	207	11	59061.2	237.453	46.0842
0.03432	0	250	7	59108.2	238.043	46.0032
0.03456	0	227	6	59158.5	238.674	45.9167
0.0348	0	229	10	59208.8	239.305	45.8303
0.03504	0	233	7	59259.1	239.936	45.7441
0.03528	0	279	6	59311.8	240.597	45.654
0.03552	0	282	12	59366.4	241.281	45.5609
0.03576	0	335	4	59420.9	241.965	45.4681
0.036	0	349	10	59475.4	242.649	45.3754
0.03624	0	355	7	59534.5	243.39	45.2752
0.03648	0	401	6	59593.7	244.131	45.1752
0.03672	0	445	10	59652.8	244.872	45.0755
0.03696	0	469	6	59714	245.64	44.9724
0.0372	0	485	11	59778.2	246.444	44.8647
0.03744	0	519	1	59842.3	247.247	44.7573
0.03768	0	586	4	59906.5	248.05	44.6501
0.03792	0	614	5	59975.3	248.912	44.5355
0.03816	0	656	1	60044.8	249.783	44.4199
0.0384	0	759	2	60114.4	250.653	44.3046
0.03864	0	770	8	60185.7	251.545	44.1869
0.03888	0	801	4	60261.2	252.488	44.0626
0.03912	0	924	5	60336.6	253.431	43.9386
0.03936	0	1115	3	60412.1	254.374	43.815
0.0396	0	999	7	60492.2	255.374	43.6842
0.03984	0	1139	2	60574.2	256.425	43.5734
0.04008	0	1156	13	60656.3	257.485	43.4696
0.04032	0	1438	13	60739.3	258.562	43.3652
0.04056	0	1322	3	60828.8	259.723	43.2536
0.0408	0	1439	4	60918.2	260.887	43.1427
0.04104	0	1604	8	61007.6	262.054	43.0326
0.04128	0	1683	8	61101.5	263.281	42.9179
0.04152	0	1915	5	61198.6	264.555	42.8001
0.04176	0	1918	8	61295.8	265.831	42.6831
0.042	0	2100	8	61392.9	267.111	42.5671
0.04224	0	2332	5	61498.3	268.502	42.4423
0.04248	0	2548	10	61603.6	269.897	42.3185
0.04272	0	2575	11	61709	271.295	42.1957
0.04296	0	2937	12	61818.1	272.747	42.0697
0.0432	0	3063	9	61932.2	274.269	41.939
0.04344	0	3211	8	62046.3	275.796	41.8095
0.04368	0	3578	5	62160.4	277.326	41.6813
0.04392	0	3945	7	62282.5	278.979	41.5353
0.04416	0	4016	5	62406	280.677	41.3664
0.0444	0	4338	5	62529.4	282.373	41.1987
0.04464	0	4811	5	62655.6	284.105	41.0284
0.04488	0	4856	10	62788.8	285.93	40.85
0.04512	0	5403	5	62922	287.752	40.673
0.04536	0	6017	2	63055.2	289.571	40.4973
0.0456	0	6148	6	63195.2	291.479	40.3142
0.04584	0	6692	4	63337.9	293.42	40.129
0.04608	0	7341	6	63480.6	295.356	39.9453
0.04632	0	7734	6	63624.7	297.307	39.7614
0.04656	0	8222	7	63777	299.362	39.5686
0.0468	0	8766	6	63929.2	301.412	39.3776
0.04704	0	9729	2	64081.5	303.369	39.2098
0.04728	0	10273	4	64238.2	305.331	39.05
0.04752	0	10993	5	64398.2	307.328	38.8889
0.04776	0	11907	2	64558.1	309.319	38.7297
0.048	0	12528	4	64718.1	311.302	38.5726
0.04824	0	13714	1	64885.1	313.364	38.4106
0.04848	0	14630	6	65052.1	315.418	38.2507
0.04872	0	15864	4	65219.1	317.462	38.0929
0.04896	0	16831	4	65388.5	319.527	37.935
0.0492	0	17698	0	65561.2	321.621	37.7762
0.04944	0	18864	5	65733.8	323.708	37.6183
0.04968	0	20213	5	65906.5	325.834	37.4496
0.04992	0	22027	2	66080.6	327.996	37.2777
0.05016	0	23404	4	66255.1	330.179	37.1038
0.0504	0	24646	8	66429.5	332.381	36.9282
0.05064	0	26778	8	66603.2	334.592	36.7516
0.05088	0	28279	4	66775.2	336.798	36.5753
0.05112	0	30159	3	66947.1	339.023	36.3975
0.05136	0	32355	3	67119.1	341.266	36.2181
0.0516	0	34354	2	67283.9	343.433	36.0448
0.05184	0	36456	4	67445.8	345.58	35.8731
0.05208	0	39191	3	67607.8	347.892	35.6731
0.05232	0	41219	2	67767.5	350.184	35.4785
0.05256	0	44021	5	67913.5	352.288	35.3032
0.0528	0	46541	4	68059.5	354.398	35.1305
0.05304	0	49216	2	68205.4	356.517	34.9602
0.05328	0	53047	3	68334.7	358.398	34.8116
0.05352	0	55863	0	68451.3	360.102	34.679
0.05376	0	58695	4	68568	361.81	34.548
0.054	0	62472	1	68684.6	363.523	34.4186
0.05424	0	65554	2	68766.2	364.723	34.329
0.05448	0	69303	4	68847.7	365.925	34.2402
0.05472	0	73421	4	68929.2	367.129	34.1521
0.05496	0	75970	2	68992.1	368.061	34.0846
0.0552	0	80896	3	69030.3	368.626	34.0438
0.05544	0	84637	6	69068.5	369.193	34.0032
0.05568	0	88976	4	69106.7	369.76	33.9628
0.05592	0	92578	4	69097.3	369.62	33.9727
0.05616	0	96615	3	69079.9	369.362	33.9911
0.0564	0	101507	2	69062.6	369.105	34.0095
0.05664	0	105052	4	69028.7	368.602	34.0455
0.05688	0	110401	4	68953.4	367.487	34.1261
0.05712	0	115073	3	68878.1	366.374	34.2072
0.05736	0	118765	5	68802.8	365.263	34.2889
0.0576	0	122404	1	68682.3	363.489	34.4211
0.05784	0	126748	0	68543.7	361.454	34.5752
0.05808	0	132393	4	68405.1	359.426	34.7314
0.05832	0	134526	4	68259.4	357.302	34.8979
0.05856	0	138883	1	68071.3	354.57	35.1166
0.0588	0	143577	5	67883.1	351.85	35.3394
0.05904	0	146907	2	67695	349.143	35.5664
0.05928	0	149950	0	67480	346.064	35.8312
0.05952	0	152521	7	67244.7	342.916	36.0861
0.05976	0	155570	3	67009.4	339.833	36.3327
0.06	0	158538	2	66774.1	336.784	36.5764
0.06024	0	161595	8	66508.3	333.381	36.8483
0.06048	0	164518	3	66242.5	330.022	37.1163
0.06072	0	167606	4	65976.7	326.704	37.3804
0.06096	0	169185	3	65704.7	323.353	37.6459
0.0612	0	170865	3	65424.3	319.961	37.902
0.06144	0	173779	3	65143.8	316.541	38.1638
0.06168	0	176172	2	64863.4	313.096	38.4315
0.06192	0	176680	1	64578.5	309.571	38.7097
0.06216	0	176155	2	64292.8	306.013	38.9949
0.0624	0	178524	2	64007	302.434	39.2864
0.06264	0	178618	5	63725	298.661	39.6343
0.06288	0	179836	5	63452.1	294.969	39.9819
0.06312	0	180605	2	63179.2	291.261	40.335
0.06336	0	181994	2	62906.3	287.537	40.6938
0.0636	0	181188	2	62636.3	283.839	41.0544
0.06384	0	181899	7	62367.3	280.146	41.4191
0.06408	0	184010	4	62098.4	276.493	41.7509
0.06432	0	183959	3	61831.8	272.929	42.054
0.06456	0	181706	2	61578.8	269.567	42.3476
0.0648	0	183703	2	61325.8	266.226	42.6472
0.06504	0	183780	13	61072.8	262.906	42.9529
0.06528	0	182811	8	60826.9	259.698	43.2559
0.06552	0	181806	7	60586.2	256.579	43.5583
0.06576	0	182620	4	60345.5	253.542	43.924
0.066	0	180791	6	60104.8	250.534	44.3205
0.06624	0	179899	4	59890.5	247.851	44.6767
0.06648	0	181755	7	59676.2	245.166	45.036
0.06672	0	178140	88	59461.9	242.479	45.3983
0.06696	0	177975	186	59266.7	240.031	45.7311
0.0672	0	175673	523	59096.9	237.901	46.0227
0.06744	0	176949	973	58927.1	235.771	46.3162
0.06768	0	174121	2099	58757.3	233.626	46.6028
0.06792	0	172036	2665	58623.9	231.845	46.7711
0.06816	0	172486	3348	58496.6	230.149	46.9335
0.0684	0	172936	4028	58369.3	228.458	47.0978
0.06864	0	173352	5587	58259.6	227.004	47.2408
0.06888	0	170757	8378	58193.7	226.134	47.3273
0.06912	0	172408	11134	58127.9	225.265	47.4142
0.06936	0	172107	14302	58062.1	224.398	47.5017
0.0696	0	172283	15830	58040	224.107	47.5311
0.06984	0	171935	19357	58035.5	224.047	47.5371
0.07008	0	175567	21734	58030.9	223.987	47.5432
0.07032	0	177676	25468	58036.8	224.064	47.5354
0.07056	0	177889	32089	58105.2	224.965	47.4444
0.0708	0	179288	33344	58173.5	225.867	47.3539
0.07104	0	182617	37751	58241.9	226.771	47.2639
0.07128	0	182016	44579	58349.1	228.19	47.1241
0.07152	0	186028	47171	58485.3	229.998	46.9481
0.07176	0	188803	48819	58621.5	231.813	46.7741
0.072	0	190600	57296	58757.7	233.632	46.6022
0.07224	0	194271	61210	58951.5	236.077	46.2739
0.07248	0	197905	64837	59145.3	238.508	45.9394
0.07272	0	203238	69755	59339	240.938	45.6075
0.07296	0	207299	76043	59554.2	243.636	45.242
0.0732	0	212484	80847	59797.8	246.689	44.8318
0.07344	0	219946	84802	60041.4	249.74	44.4256
0.07368	0	224070	90154	60285	252.787	44.0233
0.07392	0	228990	99319	60567.7	256.34	43.5818
0.07416	0	235874	102647	60856.8	260.088	43.2187
0.0744	0	243168	109737	61145.9	263.864	42.8639
0.07464	0	251101	116551	61448.6	267.845	42.501
0.07488	0	258363	123159	61785.1	272.307	42.1077
0.07512	0	267982	130696	62121.6	276.805	41.7248
0.07536	0	277006	137168	62458.2	281.395	41.2953
0.0756	0	286846	143071	62795.8	286.025	40.8407
0.07584	0	296204	150326	63133.8	290.642	40.3943
0.07608	0	309175	155254	63471.9	295.237	39.9565
0.07632	0	322974	163757	63800.3	299.677	39.5392
0.07656	0	337300	172074	64071.4	303.242	39.2202
0.0768	0	350955	177476	64342.6	306.635	38.9447
0.07704	0	368675	185533	64613.7	310.008	38.675
0.07728	0	387692	198206	64752.6	311.728	38.539
0.07752	0	407076	205437	64792.4	312.22	38.5003
0.07776	0	432289	211510	64832.2	312.711	38.4617
0.078	0	455465	222212	64872	313.202	38.4233
0.07824	0	484397	240860	64418.3	307.579	38.8688
0.07848	0	517212	245848	63964.6	301.888	39.3335
0.07872	0	551571	257211	63510.9	295.767	39.9065
0.07896	0	591892	274265	62708.3	284.826	40.9577
0.0792	0	627176	284517	61440.3	267.736	42.5109
0.07944	0	665499	289755	60172.3	251.377	44.2091
0.07968	0	712185	301016	58904.2	235.484	46.3559
0.07992	0	761242	320536	56923.1	209.688	49.158
0.08016	0	789812	323319	54823	185.433	53.7163
0.0804	0	815546	330707	52723	161.794	57.7731
0.08064	0	840846	349341	50563	138.3	63.417
0.08088	0	860579	366951	48253.4	113.668	70.168
0.08112	0	853703	365657	45943.8	97.1882	87.002
0.08136	0	848947	382926	43634.2	76.0332	95.0005
0.0816	0	858219	426466	41777.6	58.3858	97.989
0.08184	0	850965	444399	40102.4	46.5981	109.037
0.08208	0	853201	475262	38427.1	38.4432	128.318
0.08232	0	863207	536650	36908.7	30.9054	148.998
0.08256	0	876378	605360	36331.9	27.7422	156.231
0.0828	0	873240	608820	35755	24.0941	160.356
0.08304	0	882473	652319	35178.2	20.7161	164.029
0.08328	0	900901	732965	35140.7	20.5101	164.275
0.08352	0	905585	757816	35507.6	22.5962	161.906
0.08376	0	909355	757068	35874.6	24.8453	159.62
0.084	0	929697	808583	36241.6	27.2423	157.312
0.08424	0	956459	907340	37077.4	31.8119	146.786
0.08448	0	951490	835548	37913.2	36.0627	135.299
0.08472	0	964128	848585	38749.1	39.9455	124.202
0.08496	0	982825	931373	39585.5	43.8762	114.349
0.0852	0	988842	951568	40422.6	48.4699	106.19
0.08544	0	990282	875168	41259.8	54.0076	100.172
0.08568	0	1.01071e+06	904551	42096.9	61.368	97.0843
0.08592	0	1.04042e+06	1.04909e+06	42623.4	66.5249	95.9801
0.08616	0	1.02782e+06	885363	43098	71.4346	95.3866
0.0864	0	1.03309e+06	858807	43572.7	75.5241	95.06
0.08664	0	1.06785e+06	960600	43922.1	78.4112	94.6587
0.08688	0	1.08564e+06	1.02102e+06	43958.3	78.7098	94.6083
0.08712	0	1.07423e+06	842970	43994.6	79.0081	94.5563
0.08736	0	1.08689e+06	887988	44030.8	79.3063	94.5027
0.0876	0	1.11301e+06	1.08083e+06	43832.2	77.6704	94.7765
0.08784	0	1.10144e+06	930097	43539.7	75.2512	95.09
0.08808	0	1.10455e+06	857708	43247.2	72.8255	95.2955
0.08832	0	1.13323e+06	977037	42913.3	69.4948	95.5728
0.08856	0	1.16608e+06	1.1306e+06	42331.4	63.6272	96.5338
0.0888	0	1.16841e+06	891568	41749.4	58.127	98.0778
0.08904	0	1.20308e+06	929629	41167.4	53.3468	100.741
0.08928	0	1.25879e+06	1.15584e+06	40546.2	49.2266	105.176
0.08952	0	1.26244e+06	1.09663e+06	39895.5	45.4545	111.051
0.08976	0	1.26808e+06	964282	39244.9	42.273	118.221
0.09	0	1.2959e+06	1.09904e+06	38594.2	39.2219	126.157
0.09024	0	1.34908e+06	1.37789e+06	38382.1	38.2343	128.907
0.09048	0	1.31402e+06	1.07383e+06	38170	37.2517	131.742
0.09072	0	1.31894e+06	1.11637e+06	37957.9	36.2749	134.664
0.09096	0	1.35558e+06	1.36538e+06	38019.4	36.5574	133.808
0.0912	0	1.35099e+06	1.37216e+06	38445.6	38.5292	128.076
0.09144	0	1.3334e+06	1.19027e+06	38871.8	40.5204	122.682
0.09168	0	1.3381e+06	1.28284e+06	39298	42.5231	117.605
0.09192	1	1.38197e+06	1.52132e+06	39901.9	45.4891	110.987
0.09216	0	1.35431e+06	1.29533e+06	40535.4	49.1601	105.262
0.0924	0	1.35474e+06	1.23204e+06	41169	53.358	100.731
0.09264	0	1.37985e+06	1.3588e+06	41720.5	57.8633	98.1701
0.09288	0	1.40752e+06	1.50484e+06	42066.9	61.0831	97.1617
0.09312	1	1.38969e+06	1.22211e+06	42413.4	64.4318	96.3636
0.09336	0	1.40267e+06	1.25155e+06	42759.8	67.911	95.7708
0.0936	0	1.44834e+06	1.53575e+06	42858.3	68.9239	95.6393
0.09384	0	1.43571e+06	1.33841e+06	42857.6	68.9163	95.6402
0.09408	0	1.4407e+06	1.21628e+06	42856.8	68.9087	95.6411
0.09432	0	1.46518e+06	1.35982e+06	42844.4	68.7805	95.6568
0.09456	1	1.51121e+06	1.6434e+06	42762	67.9328	95.7678
0.0948	1	1.48785e+06	1.2724e+06	42679.5	67.0926	95.8902
0.09504	0	1.49888e+06	1.30796e+06	42597	66.2599	96.024
0.09528	0	1.54582e+06	1.63447e+06	42566.6	65.9546	96.0763
0.09552	3	1.54627e+06	1.53564e+06	42575.2	66.0408	96.0614
0.09576	3	1.547e+06	1.3345e+06	42583.8	66.1272	96.0465
0.096	5	1.56978e+06	1.49398e+06	42592.4	66.2137	96.0318
0.09624	1	1.63686e+06	1.77189e+06	42635.3	66.6453	95.9605
0.09648	6	1.60749e+06	1.46979e+06	42678.2	67.079	95.8923
0.09672	11	1.62592e+06	1.44318e+06	42721	67.5147	95.8271
0.09696	8	1.67534e+06	1.69336e+06	42758.8	67.9008	95.7722
0.0972	6	1.69208e+06	1.72427e+06	42789.9	68.2193	95.7289
0.09744	14	1.69082e+06	1.52331e+06	42821	68.5389	95.6872
0.09768	13	1.71376e+06	1.61247e+06	42852.1	68.8596	95.6471
0.09792	18	1.78311e+06	1.91156e+06	42867.2	69.0161	95.6281
0.09816	21	1.75732e+06	1.63597e+06	42879.7	69.1454	95.6128
0.0984	26	1.77556e+06	1.59864e+06	42892.2	69.2749	95.5977
0.09864	31	1.82685e+06	1.76522e+06	42923.2	69.5969	95.5615
0.09888	33	1.85786e+06	2.0041e+06	43000.4	70.4043	95.478
0.09912	41	1.84489e+06	1.64069e+06	43077.6	71.2184	95.4044
0.09936	29	1.8856e+06	1.74558e+06	43154.8	72.039	95.3408
0.0996	41	1.96456e+06	2.18335e+06	43244.9	72.8068	95.2966
0.09984	51	1.9548e+06	1.90496e+06	43340.2	73.5972	95.2419
0.10008	58	1.96871e+06	1.72809e+06	43435.5	74.3874	95.1756
0.10032	59	2.02984e+06	2.0056e+06	43509.2	74.9979	95.1165
0.10056	69	2.11112e+06	2.23821e+06	43453.1	74.5332	95.1621
0.1008	102	2.08334e+06	1.9186e+06	43397	74.0683	95.2038
0.10104	93	2.11572e+06	1.9594e+06	43341	73.6032	95.2414
0.10128	98	2.21121e+06	2.24438e+06	43144.7	71.9314	95.3485
0.10152	112	2.21831e+06	2.22742e+06	42843.4	68.7701	95.6581
0.10176	122	2.22551e+06	1.99782e+06	42542.1	65.709	96.1196
0.102	146	2.29924e+06	2.13146e+06	42240.8	62.7471	96.7353
0.10224	136	2.42683e+06	2.78509e+06	41504	55.916	98.9098
0.10248	183	2.37979e+06	2.0774e+06	40767.2	50.6307	103.474
0.10272	161	2.43974e+06	2.0559e+06	40030.4	46.1948	109.721
0.10296	205	2.56419e+06	2.51192e+06	39332.2	42.6838	117.211
0.1032	187	2.5887e+06	2.53695e+06	38685.2	39.6466	125.004
0.10344	207	2.57732e+06	2.28433e+06	38038.2	36.6439	133.548
0.10368	214	2.6178e+06	2.56015e+06	37391.2	33.4616	142.568
0.10392	218	2.74867e+06	3.04455e+06	37192.7	32.4242	145.25
0.10416	260	2.72212e+06	2.64291e+06	37069	31.767	146.897
0.1044	248	2.76089e+06	2.48018e+06	36945.3	31.1029	148.522
0.10464	257	2.87221e+06	2.89322e+06	36827.7	30.4663	150.046
0.10488	280	2.95013e+06	3.37485e+06	36725.5	29.909	151.355
0.10512	279	2.91707e+06	2.66483e+06	36623.2	29.349	152.646
0.10536	266	2.97356e+06	2.80308e+06	36521	28.7866	153.921
0.1056	252	3.09891e+06	3.17586e+06	36584.8	29.1381	153.127
0.10584	283	3.04723e+06	2.95403e+06	36715.1	29.8525	151.486
0.10608	294	3.04387e+06	2.82036e+06	36845.4	30.5624	149.818
0.10632	319	3.12283e+06	3.12056e+06	37019.4	31.5014	147.551
0.10656	301	3.23916e+06	4.02041e+06	37455.5	33.7927	141.688
0.1068	312	3.17033e+06	3.00083e+06	37891.6	35.9593	135.605
0.10704	341	3.18661e+06	3.0715e+06	38327.7	37.9817	129.626
0.10728	367	3.29384e+06	3.48137e+06	38608.3	39.2878	125.977
0.10752	339	3.24336e+06	3.3212e+06	38772.3	40.0545	123.912
0.10776	342	3.18908e+06	2.88315e+06	38936.4	40.8232	121.893
0.108	374	3.22465e+06	3.10897e+06	39100.4	41.5934	119.921
0.10824	366	3.39017e+06	4.08849e+06	38817.2	40.2646	123.355
0.10848	365	3.25804e+06	3.03229e+06	38534.1	38.9414	126.929
0.10872	392	3.26906e+06	3.04235e+06	38251	37.6261	130.65
0.10896	389	3.35068e+06	3.31289e+06	37945.6	36.2165	134.84
0.1092	414	3.32702e+06	3.56209e+06	37610.5	34.5793	139.549
0.10944	388	3.23853e+06	2.96438e+06	37275.4	32.8591	144.139
0.10968	387	3.26118e+06	3.28195e+06	36940.3	31.0761	148.587
0.10992	421	3.39495e+06	3.78815e+06	36796.8	30.2984	150.443
0.11016	410	3.25805e+06	3.20787e+06	36685.3	29.6895	151.864
0.1104	447	3.23338e+06	3.00746e+06	36573.8	29.0775	153.264
0.11064	443	3.30131e+06	3.22372e+06	36463.5	28.4699	154.629
0.11088	397	3.32473e+06	4.00452e+06	36356.4	27.8777	155.936
0.11112	409	3.183e+06	3.04434e+06	36249.2	27.2845	157.221
0.11136	414	3.16203e+06	3.08784e+06	36142	26.5907	158.004
0.1116	397	3.26482e+06	3.40964e+06	36080.1	26.1787	158.374
0.11184	452	3.12802e+06	3.1791e+06	36036.4	25.8905	158.637
0.11208	398	3.03349e+06	2.84079e+06	35992.7	25.6047	158.901
0.11232	369	3.04478e+06	3.09528e+06	35937.5	25.2475	159.236
0.11256	348	3.10456e+06	3.81808e+06	35813.6	24.4598	159.994
0.1128	345	2.93164e+06	2.85984e+06	35689.7	23.6912	160.761
0.11304	412	2.91336e+06	2.82739e+06	35565.8	22.9417	161.538
0.11328	361	2.97578e+06	3.10133e+06	35366.9	21.7773	162.804
0.11352	344	2.85961e+06	2.98754e+06	35111.7	20.3523	164.465
0.11376	376	2.73118e+06	2.65666e+06	34856.6	19.0024	166.167
0.114	347	2.72383e+06	2.76029e+06	34601.4	17.725	167.912
0.11424	367	2.81607e+06	3.28248e+06	34548	17.4665	168.283
0.11448	317	2.62609e+06	2.68318e+06	34494.5	17.211	168.655
0.11472	299	2.56544e+06	2.56452e+06	34441.1	17.0018	169.356
0.11496	279	2.59936e+06	2.88147e+06	34423	16.933	169.607
0.1152	304	2.54696e+06	2.95001e+06	34452.1	17.0437	169.205
0.11544	319	2.43614e+06	2.49042e+06	34481.1	17.1552	168.806
0.11568	305	2.44667e+06	2.53583e+06	34510.2	17.2857	168.546
0.11592	296	2.5335e+06	2.9887e+06	34432.1	16.9676	169.481
0.11616	278	2.38295e+06	2.54805e+06	34336.1	16.6071	170.832
0.1164	291	2.34549e+06	2.31218e+06	34240.2	16.2554	172.227
0.11664	242	2.40885e+06	2.63507e+06	34168	15.9966	173.304
0.11688	235	2.37696e+06	2.92798e+06	34155.5	15.9521	173.494
0.11712	237	2.15806e+06	2.33886e+06	34142.9	15.9077	173.685
0.11736	213	2.07878e+06	2.32329e+06	34130.4	15.8634	173.877
0.1176	224	2.10419e+06	2.80119e+06	33849.8	14.9104	178.362
0.11784	219	1.91253e+06	2.2978e+06	33462.1	13.6997	185.241
0.11808	187	1.82803e+06	1.96947e+06	33074.4	12.6013	192.974
0.11832	179	1.90013e+06	2.14615e+06	32903.3	12.1494	196.678
0.11856	215	2.0445e+06	2.65661e+06	34032.4	15.5227	175.399
0.1188	225	2.22181e+06	2.16808e+06	35161.4	20.6237	164.139
0.11904	217	2.48804e+06	2.47237e+06	36290.4	27.5129	156.729
0.11928	187	2.71258e+06	3.12394e+06	43403.6	74.1225	95.1991
0.11952	175	2.79952e+06	3.25684e+06	55004.8	187.455	53.3384
0.11976	0	2.72615e+06	1.91446e+06	66606	334.627	36.7488
