0	0	0	0	56635	206.22	49.747
0.00024	0	0	0	56640.1	206.282	49.7363
0.00048	0	0	0	56645.3	206.343	49.7256
0.00072	0	0	0	56650.5	206.405	49.7149
0.00096	0	0	0	56655.7	206.468	49.704
0.0012	0	0	0	56661.1	206.532	49.6928
0.00144	0	0	0	56666.5	206.597	49.6817
0.00168	0	0	0	56671.9	206.661	49.6706
0.00192	0	0	0	56677.4	206.728	49.6591
0.00216	0	0	0	56683	206.795	49.6475
0.0024	0	0	0	56688.6	206.862	49.6359
0.00264	0	0	0	56694.3	206.93	49.6242
0.00288	0	0	0	56700.1	207	49.6122
0.00312	0	0	0	56706	207.07	49.6001
0.00336	0	0	0	56711.8	207.141	49.5881
0.0036	0	0	0	56717.9	207.213	49.5757
0.00384	0	0	0	56724	207.286	49.5632
0.00408	0	0	0	56730.1	207.359	49.5506
0.00432	0	0	0	56736.2	207.433	49.538
0.00456	0	0	0	56742.5	207.509	49.525
0.0048	0	0	0	56748.9	207.586	49.5119
0.00504	0	0	0	56755.3	207.662	49.4988
0.00528	0	0	0	56761.8	207.741	49.4855
0.00552	0	0	0	56768.4	207.821	49.4719
0.00576	0	0	0	56775.1	207.901	49.4583
0.006	0	0	0	56781.7	207.981	49.4447
0.00624	0	0	0	56788.7	208.065	49.4305
0.00648	0	0	0	56795.6	208.148	49.4163
0.00672	0	0	0	56802.6	208.232	49.4021
0.00696	0	0	0	56809.7	208.317	49.3877
0.0072	0	0	0	56816.9	208.405	49.3729
0.00744	0	0	0	56824.2	208.493	49.3581
0.00768	0	0	0	56831.5	208.58	49.3433
0.00792	0	0	0	56839	208.672	49.3279
0.00816	0	0	0	56846.6	208.763	49.3125
0.0084	0	0	0	56854.2	208.855	49.2971
0.00864	0	0	0	56861.9	208.948	49.2814
0.00888	0	0	0	56869.9	209.045	49.2653
0.00912	0	0	0	56877.9	209.141	49.2492
0.00936	0	0	0	56885.8	209.237	49.2331
0.0096	0	0	0	56894.1	209.337	49.2164
0.00984	0	1	0	56902.4	209.438	49.1996
0.01008	0	0	0	56910.8	209.539	49.1828
0.01032	0	0	0	56919.2	209.641	49.1658
0.01056	0	0	0	56927.9	209.747	49.1482
0.0108	0	0	0	56936.7	209.853	49.1306
0.01104	0	1	0	56945.4	209.959	49.113
0.01128	0	0	0	56954.4	210.068	49.095
0.01152	0	2	0	56963.6	210.18	49.0765
0.01176	0	0	0	56972.8	210.291	49.0581
0.012	0	0	0	56982	210.403	49.0397
0.01224	0	0	0	56991.6	210.52	49.0204
0.01248	0	0	0	57001.3	210.638	49.0012
0.01272	0	3	0	57010.9	210.755	48.9819
0.01296	0	0	2	57020.8	210.875	48.9622
0.0132	0	0	0	57030.9	210.999	48.942
0.01344	0	0	0	57041.1	211.122	48.922
0.01368	0	1	1	57051.2	211.252	48.9072
0.01392	0	1	0	57061.8	211.389	48.8919
0.01416	0	0	0	57072.5	211.526	48.8764
0.0144	0	0	0	57083.2	211.663	48.861
0.01464	0	0	0	57094	211.802	48.8453
0.01488	0	3	0	57105.2	211.946	48.8291
0.01512	0	2	0	57116.5	212.091	48.8128
0.01536	0	1	0	57127.7	212.235	48.7966
0.0156	0	0	1	57139.4	212.385	48.7798
0.01584	0	0	0	57151.2	212.538	48.7628
0.01608	0	1	0	57163.1	212.69	48.7458
0.01632	0	1	1	57175	212.844	48.7286
0.01656	0	5	1	57187.5	213.005	48.7107
0.0168	0	1	0	57200	213.166	48.6928
0.01704	0	3	0	57212.5	213.327	48.6749
0.01728	0	0	1	57225.4	213.493	48.6564
0.01752	0	0	1	57238.6	213.663	48.6376
0.01776	0	5	2	57251.8	213.833	48.6187
0.018	0	4	1	57265	214.004	48.5999
0.01824	0	3	0	57278.9	214.184	48.5801
0.01848	0	4	0	57292.9	214.364	48.5602
0.01872	0	1	3	57306.8	214.544	48.5404
0.01896	0	8	1	57321.1	214.729	48.5201
0.0192	0	4	2	57335.9	214.92	48.4992
0.01944	0	3	1	57350.7	215.111	48.4783
0.01968	0	2	2	57365.4	215.302	48.4574
0.01992	0	4	3	57380.9	215.503	48.4355
0.02016	0	4	1	57396.6	215.706	48.4134
0.0204	0	3	4	57412.3	215.908	48.3914
0.02064	0	3	0	57428.2	216.115	48.369
0.02088	0	4	0	57444.8	216.33	48.3457
0.02112	0	6	0	57461.3	216.545	48.3225
0.02136	0	7	0	57477.9	216.76	48.2992
0.0216	0	7	2	57495.2	216.985	48.275
0.02184	0	6	0	57512.9	217.214	48.2504
0.02208	0	8	0	57530.5	217.442	48.2259
0.02232	0	9	4	57548.2	217.673	48.2011
0.02256	0	7	2	57567	217.917	48.1751
0.0228	0	6	3	57585.7	218.161	48.1491
0.02304	0	7	1	57604.4	218.405	48.1231
0.02328	0	8	1	57623.9	218.658	48.0962
0.02352	0	5	7	57643.8	218.918	48.0687
0.02376	0	19	2	57663.8	219.178	48.0412
0.024	0	13	3	57683.7	219.438	48.0137
0.02424	0	11	5	57705	219.716	47.9845
0.02448	0	13	3	57726.3	219.993	47.9553
0.02472	0	16	4	57747.5	220.271	47.9262
0.02496	0	17	2	57769.4	220.557	47.8963
0.0252	0	14	4	57792.1	220.854	47.8654
0.02544	0	15	6	57814.8	221.151	47.8345
0.02568	0	13	0	57837.5	221.448	47.8036
0.02592	0	17	4	57861.5	221.763	47.7711
0.02616	0	24	3	57885.7	222.081	47.7383
0.0264	0	24	4	57910	222.399	47.7055
0.02664	0	25	3	57934.7	222.723	47.6722
0.02688	0	27	4	57960.7	223.064	47.6373
0.02712	0	35	4	57986.6	223.405	47.6025
0.02736	0	30	5	58012.6	223.746	47.5677
0.0276	0	26	5	58039.9	224.105	47.5313
0.02784	0	33	4	58067.7	224.472	47.4941
0.02808	0	36	4	58095.6	224.839	47.4571
0.02832	0	27	8	58123.7	225.21	47.4198
0.02856	0	37	9	58153.6	225.605	47.3802
0.0288	0	44	5	58183.5	226	47.3407
0.02904	0	52	9	58213.5	226.395	47.3013
0.02928	0	51	3	58244.6	226.807	47.2604
0.02952	0	42	6	58276.8	227.232	47.2183
0.02976	0	54	9	58308.9	227.658	47.1763
0.03	0	69	5	58341.1	228.084	47.1345
0.03024	0	77	8	58375.7	228.543	47.0895
0.03048	0	65	9	58410.4	229.003	47.0446
0.03072	0	74	9	58445	229.463	46.9999
0.03096	0	80	12	58480.9	229.94	46.9538
0.0312	0	75	11	58518.3	230.438	46.9057
0.03144	0	71	5	58555.8	230.936	46.8578
0.03168	0	102	7	58593.2	231.435	46.8101
0.03192	0	88	7	58633.3	231.969	46.7592
0.03216	0	99	8	58673.7	232.509	46.708
0.0324	0	119	11	58714.2	233.05	46.657
0.03264	0	131	8	58755.6	233.603	46.6049
0.03288	0	139	7	58799.3	234.168	46.5384
0.03312	0	145	7	58843	234.717	46.4623
0.03336	0	160	6	58886.8	235.265	46.3862
0.0336	0	154	11	58933.1	235.846	46.3058
0.03384	0	193	9	58980.4	236.44	46.2238
0.03408	0	207	11	59027.8	237.034	46.1419
0.03432	0	250	7	59075.7	237.635	46.0592
0.03456	0	227	6	59127.2	238.281	45.9705
0.0348	0	229	10	59178.7	238.927	45.882
0.03504	0	233	7	59230.2	239.573	45.7936
0.03528	0	279	6	59284.3	240.251	45.701
0.03552	0	282	12	59340.3	240.955	45.6053
0.03576	0	335	4	59396.4	241.658	45.5097
0.036	0	349	10	59452.5	242.361	45.4144
0.03624	0	355	7	59513.5	243.126	45.3109
0.03648	0	401	6	59574.5	243.891	45.2076
0.03672	0	445	10	59635.5	244.656	45.1046
0.03696	0	469	6	59698.9	245.45	44.9978
0.0372	0	485	11	59765.4	246.284	44.8861
0.03744	0	519	1	59831.9	247.117	44.7747
0.03768	0	586	4	59898.4	247.95	44.6635
0.03792	0	614	5	59970.1	248.847	44.5441
0.03816	0	656	1	60042.6	249.754	44.4237
0.0384	0	759	2	60115.1	250.661	44.3036
0.03864	0	770	8	60189.4	251.591	44.1807
0.03888	0	801	4	60268.4	252.579	44.0506
0.03912	0	924	5	60347.4	253.566	43.9209
0.03936	0	1115	3	60426.4	254.553	43.7916
0.0396	0	999	7	60510.7	255.605	43.6543
0.03984	0	1139	2	60597.1	256.72	43.5445
0.04008	0	1156	13	60683.4	257.837	43.4354
0.04032	0	1438	13	60771	258.973	43.3256
0.04056	0	1322	3	60865.8	260.206	43.2075
0.0408	0	1439	4	60960.7	261.441	43.0903
0.04104	0	1604	8	61055.5	262.68	42.974
0.04128	0	1683	8	61155.4	263.988	42.8523
0.04152	0	1915	5	61259.2	265.35	42.7271
0.04176	0	1918	8	61362.9	266.715	42.6029
0.042	0	2100	8	61466.6	268.083	42.4797
0.04224	0	2332	5	61579.9	269.582	42.3463
0.04248	0	2548	10	61693.1	271.085	42.2141
0.04272	0	2575	11	61806.4	272.591	42.0831
0.04296	0	2937	12	61924.1	274.161	41.9482
0.0432	0	3063	9	62047.8	275.815	41.8079
0.04344	0	3211	8	62171.4	277.473	41.669
0.04368	0	3578	5	62295	279.151	41.5182
0.04392	0	3945	7	62428.2	280.983	41.3361
0.04416	0	4016	5	62563	282.835	41.1531
0.0444	0	4338	5	62697.9	284.684	40.9717
0.04464	0	4811	5	62836.1	286.577	40.787
0.04488	0	4856	10	62982.9	288.583	40.5926
0.04512	0	5403	5	63129.7	290.586	40.3997
0.04536	0	6017	2	63276.5	292.584	40.2086
0.0456	0	6148	6	63431.7	294.693	40.0081
0.04584	0	6692	4	63590.4	296.842	39.8051
0.04608	0	7341	6	63749	298.986	39.6039
0.04632	0	7734	6	63909.5	301.146	39.4023
0.04656	0	8222	7	64080.3	303.354	39.211
0.0468	0	8766	6	64251.2	305.494	39.0368
0.04704	0	9729	2	64422.1	307.627	38.865
0.04728	0	10273	4	64598.8	309.824	38.6896
0.04752	0	10993	5	64779.9	312.066	38.5124
0.04776	0	11907	2	64961	314.298	38.3377
0.048	0	12528	4	65142.1	316.52	38.1655
0.04824	0	13714	1	65332.9	318.85	37.9866
0.04848	0	14630	6	65523.7	321.168	37.8105
0.04872	0	15864	4	65714.6	323.472	37.6369
0.04896	0	16831	4	65909.1	325.866	37.447
0.0492	0	17698	0	66108.4	328.342	37.2501
0.04944	0	18864	5	66307.7	330.841	37.051
0.04968	0	20213	5	66507	333.365	36.8496
0.04992	0	22027	2	66709.8	335.957	36.6425
0.05016	0	23404	4	66913.2	338.583	36.4327
0.0504	0	24646	8	67116.6	341.234	36.2207
0.05064	0	26778	8	67319.8	343.907	36.0069
0.05088	0	28279	4	67522.2	346.668	35.7787
0.05112	0	30159	3	67724.7	349.57	35.5303
0.05136	0	32355	3	67927.2	352.486	35.2868
0.0516	0	34354	2	68122.5	355.313	35.0566
0.05184	0	36456	4	68314.9	358.111	34.8341
0.05208	0	39191	3	68507.4	360.922	34.6159
0.05232	0	41219	2	68697.3	363.709	34.4046
0.05256	0	44021	5	68872.5	366.292	34.2132
0.0528	0	46541	4	69047.8	368.885	34.0253
0.05304	0	49216	2	69223	371.456	33.8558
0.05328	0	53047	3	69378.7	373.64	33.7528
0.05352	0	55863	0	69519.7	375.61	33.6593
0.05376	0	58695	4	69660.8	377.573	33.5657
0.054	0	62472	1	69801.8	379.527	33.4719
0.05424	0	65554	2	69901.7	380.906	33.4054
0.05448	0	69303	4	70001.5	382.28	33.3389
0.05472	0	73421	4	70101.3	383.65	33.2723
0.05496	0	75970	2	70179	384.714	33.2203
0.0552	0	80896	3	70227.3	385.373	33.1881
0.05544	0	84637	6	70275.5	386.031	33.1558
0.05568	0	88976	4	70323.7	386.687	33.1235
0.05592	0	92578	4	70314.2	386.557	33.13
0.05616	0	96615	3	70295	386.296	33.1428
0.0564	0	101507	2	70275.8	386.034	33.1557
0.05664	0	105052	4	70236.4	385.497	33.182
0.05688	0	110401	4	70146.6	384.27	33.242
0.05712	0	115073	3	70056.8	383.039	33.302
0.05736	0	118765	5	69967	381.805	33.3619
0.0576	0	122404	1	69821.5	379.798	33.4589
0.05784	0	126748	0	69653.7	377.474	33.5704
0.05808	0	132393	4	69485.9	375.138	33.6818
0.05832	0	134526	4	69309.5	372.671	33.7986
0.05856	0	138883	1	69081.4	369.384	33.9895
0.0588	0	143577	5	68853.3	366.008	34.2341
0.05904	0	146907	2	68625.2	362.65	34.4843
0.05928	0	149950	0	68364	358.827	34.7781
0.05952	0	152521	7	68078	354.667	35.1087
0.05976	0	155570	3	67792	350.537	35.4489
0.06	0	158538	2	67506	346.435	35.7989
0.06024	0	161595	8	67182.9	342.103	36.1511
0.06048	0	164518	3	66859.9	337.891	36.4879
0.06072	0	167606	4	66536.8	333.744	36.8193
0.06096	0	169185	3	66206.4	329.568	37.1525
0.0612	0	170865	3	65866.1	325.335	37.4891
0.06144	0	173779	3	65525.8	321.193	37.8085
0.06168	0	176172	2	65185.6	317.052	38.1245
0.06192	0	176680	1	64840	312.808	38.4541
0.06216	0	176155	2	64493.6	308.517	38.7937
0.0624	0	178524	2	64147.2	304.192	39.1426
0.06264	0	178618	5	63805.5	299.747	39.5328
0.06288	0	179836	5	63475.5	295.286	39.9519
0.06312	0	180605	2	63145.5	290.801	40.3791
0.06336	0	181994	2	62815.4	286.294	40.8145
0.0636	0	181188	2	62487.9	281.803	41.2549
0.06384	0	181899	7	62161.4	277.338	41.6802
0.06408	0	184010	4	61834.8	272.969	42.0504
0.06432	0	183959	3	61510.8	268.668	42.4274
0.06456	0	181706	2	61202.3	264.603	42.7956
0.0648	0	183703	2	60893.7	260.569	43.173
0.06504	0	183780	13	60585.2	256.566	43.5596
0.06528	0	182811	8	60283.5	252.767	44.0259
0.06552	0	181806	7	59986.9	249.058	44.5161
0.06576	0	182620	4	59690.4	245.344	45.0121
0.066	0	180791	6	59393.9	241.626	45.514
0.06624	0	179899	4	59126.8	238.276	45.9711
0.06648	0	181755	7	58859.8	234.927	46.4332
0.06672	0	178140	88	58592.7	231.428	46.8108
0.06696	0	177975	186	58348.1	228.177	47.1253
0.0672	0	175673	523	58133.5	225.339	47.4068
0.06744	0	176949	973	57918.9	222.515	47.6935
0.06768	0	174121	2099	57704.2	219.706	47.9855
0.06792	0	172036	2665	57531.7	217.458	48.2242
0.06816	0	172486	3348	57366.2	215.312	48.4564
0.0684	0	172936	4028	57200.6	213.174	48.6918
0.06864	0	173352	5587	57056.1	211.316	48.9001
0.06888	0	170757	8378	56964.2	210.187	49.0753
0.06912	0	172408	11134	56872.3	209.074	49.2605
0.06936	0	172107	14302	56780.4	207.964	49.4475
0.0696	0	172283	15830	56740.7	207.487	49.5288
0.06984	0	171935	19357	56721.9	207.261	49.5674
0.07008	0	175567	21734	56703.1	207.035	49.6062
0.07032	0	177676	25468	56696.9	206.961	49.6189
0.07056	2	177889	32089	56766.5	207.797	49.4759
0.0708	0	179288	33344	56836.1	208.636	49.334
0.07104	2	182617	37750	56905.6	209.477	49.1931
0.07128	3	182016	44579	57021.8	210.888	48.9601
0.07152	4	186028	47171	57173	212.817	48.7316
0.07176	8	188803	48819	57324.1	214.767	48.5159
0.072	7	190596	57296	57475.2	216.725	48.303
0.07224	10	194268	61209	57693.9	219.571	47.9998
0.07248	17	197901	64837	57912.5	222.432	47.7021
0.07272	20	203232	69755	58131.2	225.308	47.4099
0.07296	34	207294	76041	58373.9	228.518	47.0919
0.0732	39	212470	80847	58648.5	232.173	46.7399
0.07344	52	219926	84800	58923.2	235.723	46.3229
0.07368	97	224038	90153	59197.9	239.168	45.849
0.07392	110	228944	99316	59513.3	243.123	45.3113
0.07416	154	235814	102645	59835.4	247.16	44.7689
0.0744	153	243098	109734	60157.5	251.192	44.2334
0.07464	227	251015	116547	60492.9	255.382	43.6831
0.07488	309	258183	123159	60861.4	260.148	43.213
0.07512	372	267758	130696	61230	264.967	42.7622
0.07536	530	276682	137166	61598.6	269.83	42.3244
0.0756	649	286446	143070	61957.9	274.612	41.9098
0.07584	801	295604	150325	62313.5	279.405	41.4929
0.07608	1013	308321	155252	62669	284.289	41.0103
0.07632	1377	321862	163756	63012.9	288.993	40.553
0.07656	1817	335823	172070	63286.3	292.717	40.1959
0.0768	2297	348968	177476	63559.6	296.426	39.8443
0.07704	3064	365984	185532	63833	300.117	39.4982
0.07728	3844	384024	198206	63976.4	302.046	39.3188
0.07752	4981	401991	205437	64022.3	302.625	39.2707
0.07776	6307	425361	211509	64068.2	303.201	39.2235
0.078	8010	446779	222211	64114.1	303.777	39.1764
0.07824	9960	472835	240857	63717	298.554	39.6443
0.07848	12685	502729	245848	63320	293.176	40.1522
0.07872	15571	533300	257208	62922.9	287.764	40.6718
0.07896	18856	568918	274265	62209.3	277.983	41.6267
0.0792	21807	600096	284517	61073.6	262.916	42.9519
0.07944	26979	635130	289755	59937.8	248.443	44.5978
0.07968	33111	677814	301015	58802.1	234.204	46.5335
0.07992	36616	722019	320535	56958.1	210.113	49.0875
0.08016	40276	751651	323319	54996.1	187.358	53.3566
0.0804	46460	780409	330705	53034	165.352	57.1928
0.08064	51045	809031	349339	50971.3	142.619	62.1385
0.08088	55050	836630	366944	48657	117.152	68.4713
0.08112	57852	840384	365630	46342.7	101.255	84.3334
0.08136	60002	847538	380279	44028.4	79.2867	94.5062
0.0816	61475	858202	413244	41990	60.3571	97.3672
0.08184	62302	850957	418664	40061.9	46.3704	109.42
0.08208	64848	853196	433423	38133.8	37.0845	132.234
0.08232	65018	863206	479013	36338.3	27.7775	156.154
0.08256	62889	876377	536551	35338.1	21.6125	162.99
0.0828	60998	873240	533607	34337.9	16.6136	170.807
0.08304	59640	882472	570838	33337.7	13.3357	187.625
0.08328	57511	900900	645296	32909.3	12.165	196.545
0.08352	55556	905585	670794	32909.8	12.1663	196.534
0.08376	53652	909355	675269	32910.3	12.1675	196.523
0.084	51907	929696	731576	32910.8	12.1688	196.512
0.08424	50159	956458	834691	33632.4	14.2171	182.118
0.08448	48731	951486	772893	34354.1	16.6738	170.576
0.08472	47920	964127	792608	35075.7	20.1573	164.703
0.08496	47625	982822	879745	35911.8	25.0824	159.393
0.0852	47628	988836	904701	36900.4	30.8605	149.106
0.08544	47861	990277	833973	37889	35.9469	135.642
0.08568	47389	1.0107e+06	870937	38877.6	40.5478	122.61
0.08592	48021	1.04041e+06	1.02152e+06	39674.7	44.2959	113.365
0.08616	48678	1.02779e+06	861792	40439.7	48.5736	106.047
0.0864	49465	1.03305e+06	838391	41204.8	53.6129	100.508
0.08664	50011	1.06782e+06	943087	41854.1	59.0899	97.7559
0.08688	51465	1.08558e+06	1.00615e+06	42213.8	62.4871	96.7979
0.08712	52725	1.07419e+06	828519	42573.6	66.024	96.0643
0.08736	54189	1.08684e+06	874331	42933.3	69.7025	95.5499
0.0876	55429	1.11299e+06	1.06747e+06	43031.7	70.7342	95.4469
0.08784	57021	1.10139e+06	916258	43025.7	70.6705	95.4528
0.08808	58368	1.1045e+06	842291	43019.7	70.6069	95.4587
0.08832	60018	1.13321e+06	959802	42947.8	69.854	95.5337
0.08856	61191	1.16605e+06	1.11183e+06	42481.2	65.1024	96.2315
0.0888	62752	1.16839e+06	867620	42014.6	60.5883	97.3005
0.08904	63539	1.20306e+06	901071	41547.9	56.3074	98.7527
0.08928	63966	1.25878e+06	1.12154e+06	40882	51.3864	102.645
0.08952	63554	1.26243e+06	1.055e+06	40066.6	46.397	109.375
0.08976	64192	1.26807e+06	914513	39251.3	42.3031	118.147
0.09	64028	1.2959e+06	1.03973e+06	38435.9	38.4841	128.202
0.09024	64171	1.34908e+06	1.3085e+06	37888.1	35.9424	135.655
0.09048	63835	1.31402e+06	1.00005e+06	37340.3	33.1978	143.26
0.09072	62787	1.31894e+06	1.03838e+06	36792.5	30.2747	150.499
0.09096	61355	1.35558e+06	1.28395e+06	36552.7	28.9613	153.527
0.0912	60360	1.35099e+06	1.29116e+06	36723.6	29.8989	151.378
0.09144	59284	1.3334e+06	1.11399e+06	36894.5	30.8287	149.183
0.09168	58287	1.3381e+06	1.21011e+06	37065.4	31.7479	146.944
0.09192	57954	1.38197e+06	1.45323e+06	37591.1	34.4817	139.818
0.09216	57027	1.3543e+06	1.23424e+06	38175.8	37.2786	131.663
0.0924	56585	1.35473e+06	1.17964e+06	38760.6	39.9995	124.058
0.09264	56263	1.37984e+06	1.31248e+06	39302.1	42.5425	117.557
0.09288	55898	1.40749e+06	1.46422e+06	39735.6	44.6035	112.708
0.09312	55947	1.38967e+06	1.18563e+06	40169	46.9771	108.418
0.09336	56223	1.40264e+06	1.21847e+06	40602.4	49.5775	104.73
0.0936	56293	1.44832e+06	1.50527e+06	40800.2	50.8456	103.232
0.09384	57343	1.43568e+06	1.30898e+06	40903.7	51.5308	102.493
0.09408	57441	1.44068e+06	1.18658e+06	41007.1	52.2313	101.783
0.09432	57510	1.46511e+06	1.33125e+06	41095.8	52.8437	101.198
0.09456	58101	1.51116e+06	1.61373e+06	41095.4	52.8409	101.201
0.0948	58356	1.48782e+06	1.2422e+06	41095	52.838	101.204
0.09504	58686	1.49885e+06	1.27707e+06	41094.6	52.8352	101.206
0.09528	58749	1.5458e+06	1.60197e+06	41143.5	53.1779	100.892
0.09552	59175	1.54624e+06	1.50299e+06	41229.3	53.7885	100.357
0.09576	59287	1.54698e+06	1.30177e+06	41315.2	54.4105	99.8403
0.096	60549	1.56975e+06	1.46225e+06	41401.1	55.044	99.3429
0.09624	60604	1.63683e+06	1.73992e+06	41517	56.0314	98.863
0.09648	60799	1.60745e+06	1.43822e+06	41632.8	57.0692	98.4592
0.09672	61006	1.62588e+06	1.41252e+06	41748.7	58.1211	98.0799
0.09696	61653	1.6753e+06	1.66222e+06	41859	59.1357	97.7412
0.0972	61563	1.69204e+06	1.69404e+06	41961.9	60.0937	97.4448
0.09744	62182	1.69079e+06	1.49407e+06	42064.8	61.0631	97.1672
0.09768	62699	1.71373e+06	1.58278e+06	42167.7	62.0438	96.9081
0.09792	62858	1.78306e+06	1.88234e+06	42263.7	62.9695	96.6828
0.09816	63421	1.75726e+06	1.6071e+06	42358.6	63.8941	96.4759
0.0984	64378	1.77552e+06	1.56986e+06	42453.5	64.8284	96.2844
0.09864	64682	1.82683e+06	1.73657e+06	42586.8	66.1569	96.0415
0.09888	64703	1.85782e+06	1.97728e+06	42815.9	68.4867	95.6939
0.09912	65896	1.84484e+06	1.61473e+06	43045	70.8744	95.4342
0.09936	66241	1.88553e+06	1.72195e+06	43274.2	73.0492	95.2811
0.0996	66192	1.96451e+06	2.16089e+06	43605.6	75.7966	95.0288
0.09984	67021	1.95469e+06	1.88494e+06	43977.9	78.8709	94.5804
0.10008	67731	1.96864e+06	1.71032e+06	44350.2	81.921	93.96
0.10032	68066	2.02976e+06	1.99035e+06	44721.5	84.9266	93.1733
0.10056	69069	2.11104e+06	2.22597e+06	45087	88.3084	91.8522
0.1008	71398	2.08292e+06	1.90857e+06	45452.4	92.111	89.9413
0.10104	72348	2.11402e+06	1.9507e+06	45817.8	95.8922	87.7939
0.10128	73780	2.20688e+06	2.2364e+06	46110.2	98.8914	85.9182
0.10152	75877	2.21272e+06	2.21953e+06	46347.7	101.305	84.2986
0.10176	78220	2.21755e+06	1.9885e+06	46585.3	103.694	82.5998
0.102	81169	2.29032e+06	2.12111e+06	46822.8	105.317	80.6369
0.10224	83373	2.4166e+06	2.7726e+06	46459.7	102.434	83.5074
0.10248	85465	2.37466e+06	2.05865e+06	46096.5	98.7524	86.0085
0.10272	87285	2.43727e+06	2.0281e+06	45733.4	95.0215	88.31
0.10296	88406	2.56346e+06	2.475e+06	45282.2	90.3419	90.8617
0.1032	89643	2.58867e+06	2.48828e+06	44713.7	84.8633	93.1917
0.10344	90955	2.57732e+06	2.22298e+06	44145.1	80.2446	94.3229
0.10368	92476	2.6178e+06	2.48363e+06	43576.6	75.5564	95.0564
0.10392	94399	2.74866e+06	2.95448e+06	43281.8	73.1122	95.2768
0.10416	94988	2.72212e+06	2.54562e+06	43032.6	70.7429	95.4461
0.1044	95936	2.76089e+06	2.37844e+06	42783.4	68.1523	95.7379
0.10464	96532	2.87221e+06	2.78544e+06	42470.8	64.9996	96.2512
0.10488	96987	2.95013e+06	3.26304e+06	41999.9	60.4498	97.3403
0.10512	97849	2.91707e+06	2.5464e+06	41528.9	56.1375	98.8204
0.10536	97610	2.97356e+06	2.67733e+06	41057.9	52.5807	101.446
0.1056	96848	3.09891e+06	3.04452e+06	40743.2	50.4748	103.652
0.10584	96405	3.04723e+06	2.82068e+06	40490.9	48.8856	105.624
0.10608	96983	3.04387e+06	2.68713e+06	40238.6	47.3791	107.786
0.10632	95941	3.12283e+06	2.98638e+06	40069.6	46.4138	109.346
0.10656	95495	3.23916e+06	3.88678e+06	40400.3	48.3354	106.378
0.1068	94847	3.17033e+06	2.8791e+06	40731	50.396	103.743
0.10704	95402	3.18661e+06	2.96032e+06	41061.7	52.6065	101.421
0.10728	95690	3.29384e+06	3.38025e+06	41385.3	54.9269	99.4328
0.10752	95253	3.24336e+06	3.22672e+06	41703.8	57.7116	98.2241
0.10776	95468	3.18908e+06	2.7944e+06	42022.3	60.6608	97.2798
0.108	95243	3.22464e+06	3.02451e+06	42340.7	63.7186	96.5138
0.10824	95469	3.39017e+06	4.00986e+06	42241.9	62.7583	96.7326
0.10848	95382	3.25804e+06	2.94865e+06	42143.1	61.8085	96.9683
0.10872	95515	3.26906e+06	2.95446e+06	42044.3	60.8692	97.221
0.10896	95508	3.35068e+06	3.22056e+06	41865.4	59.195	97.7222
0.1092	95050	3.32702e+06	3.46343e+06	41579.7	56.5916	98.6413
0.10944	94230	3.23853e+06	2.85918e+06	41294	54.2558	99.9661
0.10968	93697	3.26118e+06	3.16946e+06	41008.3	52.2392	101.775
0.10992	93160	3.39495e+06	3.66852e+06	40790.4	50.7821	103.303
0.11016	92773	3.25805e+06	3.08402e+06	40583.9	49.4617	104.876
0.1104	91631	3.23338e+06	2.88218e+06	40377.4	48.1977	106.573
0.11064	90527	3.30131e+06	3.09559e+06	40128.8	46.7478	108.79
0.11088	89510	3.32473e+06	3.87499e+06	39775.1	44.8111	112.29
0.11112	88263	3.183e+06	2.91179e+06	39421.4	43.1039	116.191
0.11136	86981	3.16203e+06	2.95178e+06	39067.7	41.44	120.31
0.1116	85845	3.26482e+06	3.27228e+06	38709.3	39.7593	124.7
0.11184	84832	3.12802e+06	3.03965e+06	38348.9	38.0802	129.345
0.11208	83267	3.03349e+06	2.70069e+06	37988.6	36.4161	134.236
0.11232	82704	3.04478e+06	2.9545e+06	37604.3	34.5481	139.635
0.11256	80892	3.10456e+06	3.67706e+06	37075.9	31.804	146.805
0.1128	80092	2.93164e+06	2.71791e+06	36547.6	28.933	153.591
0.11304	78969	2.91336e+06	2.68341e+06	36019.2	25.7779	158.741
0.11328	76710	2.97578e+06	2.95834e+06	35345.9	21.6574	162.939
0.11352	73822	2.85961e+06	2.84428e+06	34564	17.5438	168.171
0.11376	73166	2.73118e+06	2.51339e+06	33782	14.6901	179.506
0.114	71257	2.72383e+06	2.61408e+06	33000.1	12.4027	194.559
0.11424	69554	2.81607e+06	3.13293e+06	32440.3	11.0174	206.844
0.11448	67678	2.62609e+06	2.53514e+06	31880.5	9.69991	219.811
0.11472	66362	2.56544e+06	2.41851e+06	31320.7	8.4377	233.992
0.11496	64963	2.59936e+06	2.7375e+06	30859.8	7.39113	246.603
0.1152	64129	2.54696e+06	2.81015e+06	30530.6	6.61888	256.093
0.11544	63709	2.43614e+06	2.35451e+06	30201.5	5.9081	266.086
0.11568	64622	2.44667e+06	2.40459e+06	29872.3	5.25655	276.61
0.11592	65071	2.5335e+06	2.86252e+06	29701.9	4.94161	282.28
0.11616	67230	2.38295e+06	2.42652e+06	29557.9	4.68712	287.191
0.1164	69589	2.34549e+06	2.19362e+06	29413.9	4.44297	292.216
0.11664	72760	2.40885e+06	2.51948e+06	29468.9	4.53499	290.283
0.11688	76353	2.37696e+06	2.81613e+06	30021.3	5.54425	271.779
0.11712	79939	2.15806e+06	2.23387e+06	30573.7	6.7164	254.823
0.11736	85144	2.07878e+06	2.22406e+06	31126.1	8.01584	239.23
0.1176	91473	2.10419e+06	2.7068e+06	31775	9.45701	222.388
0.11784	96274	1.91253e+06	2.20571e+06	32462.4	11.0703	206.354
0.11808	98505	1.82803e+06	1.87942e+06	33149.9	12.807	191.396
0.11832	101650	1.90013e+06	2.05726e+06	34041.3	15.5536	175.258
0.11856	103891	2.0445e+06	2.57193e+06	36156.5	26.6877	157.918
0.1188	100612	2.22181e+06	2.09334e+06	38271.6	37.7215	130.374
0.11904	94708	2.48804e+06	2.40825e+06	40386.7	48.2537	106.494
0.11928	89381	2.71258e+06	3.07706e+06	47887.1	111.588	72.5883
0.11952	78729	2.78973e+06	3.25629e+06	59426.3	242.033	45.4588
0.11976	0	2.62082e+06	1.91446e+06	70965.6	395.286	32.666
