0	0	0	0	56000.1	198.737	51.1099
0.00024	0	0	0	56000.1	198.737	51.1099
0.00048	0	0	0	56000.1	198.737	51.1099
0.00072	0	0	0	56000.1	198.737	51.1099
0.00096	0	0	0	56000.1	198.737	51.1099
0.0012	0	0	0	56000.1	198.737	51.1099
0.00144	0	0	0	56000.1	198.737	51.1099
0.00168	0	0	0	56000.1	198.737	51.1099
0.00192	0	0	0	56000.1	198.737	51.1099
0.00216	0	0	0	56000.1	198.737	51.1098
0.0024	0	0	0	56000.1	198.737	51.1098
0.00264	0	0	0	56000.1	198.737	51.1098
0.00288	0	0	0	56000.1	198.737	51.1098
0.00312	0	0	0	56000.1	198.737	51.1098
0.00336	0	0	0	56000.1	198.738	51.1098
0.0036	0	0	0	56000.1	198.738	51.1098
0.00384	0	0	0	56000.1	198.738	51.1098
0.00408	0	0	0	56000.1	198.738	51.1098
0.00432	0	0	0	56000.1	198.738	51.1098
0.00456	0	0	0	56000.1	198.738	51.1098
0.0048	0	0	0	56000.1	198.738	51.1098
0.00504	0	0	0	56000.1	198.738	51.1098
0.00528	0	0	0	56000.1	198.738	51.1097
0.00552	0	0	0	56000.1	198.738	51.1097
0.00576	0	0	0	56000.1	198.738	51.1097
0.006	0	0	0	56000.1	198.738	51.1097
0.00624	0	0	0	56000.2	198.738	51.1097
0.00648	0	0	0	56000.2	198.738	51.1097
0.00672	0	0	0	56000.2	198.738	51.1097
0.00696	0	0	0	56000.2	198.738	51.1096
0.0072	0	0	0	56000.2	198.739	51.1096
0.00744	0	0	0	56000.2	198.739	51.1096
0.00768	0	0	0	56000.2	198.739	51.1096
0.00792	0	0	0	56000.2	198.739	51.1096
0.00816	0	0	0	56000.2	198.739	51.1095
0.0084	0	0	0	56000.2	198.739	51.1095
0.00864	0	0	0	56000.3	198.739	51.1095
0.00888	0	0	0	56000.3	198.739	51.1095
0.00912	0	0	0	56000.3	198.74	51.1094
0.00936	0	0	0	56000.3	198.74	51.1094
0.0096	0	0	0	56000.3	198.74	51.1094
0.00984	0	1	0	56000.3	198.74	51.1094
0.01008	0	0	0	56000.3	198.74	51.1093
0.01032	0	0	0	56000.3	198.74	51.1093
0.01056	0	0	0	56000.3	198.74	51.1093
0.0108	0	0	0	56000.3	198.74	51.1093
0.01104	0	1	0	56000.3	198.74	51.1093
0.01128	0	0	0	56000.3	198.74	51.1093
0.01152	0	2	0	56000.3	198.74	51.1093
0.01176	0	0	0	56000.3	198.74	51.1093
0.012	0	0	0	56000.4	198.74	51.1093
0.01224	0	0	0	56000.4	198.741	51.1092
0.01248	0	0	0	56000.4	198.741	51.1092
0.01272	0	3	0	56000.4	198.741	51.1091
0.01296	0	0	2	56000.4	198.741	51.1091
0.0132	0	0	0	56000.5	198.742	51.109
0.01344	0	0	0	56000.5	198.742	51.1089
0.01368	0	1	1	56000.5	198.743	51.1089
0.01392	0	1	0	56000.6	198.743	51.1088
0.01416	0	0	0	56000.6	198.743	51.1087
0.0144	0	0	0	56000.6	198.743	51.1087
0.01464	0	0	0	56000.6	198.744	51.1086
0.01488	0	3	0	56000.7	198.744	51.1086
0.01512	0	2	0	56000.7	198.744	51.1085
0.01536	0	1	0	56000.7	198.745	51.1085
0.0156	0	0	1	56000.7	198.745	51.1084
0.01584	0	0	0	56000.8	198.745	51.1083
0.01608	0	1	0	56000.8	198.746	51.1083
0.01632	0	1	1	56000.8	198.746	51.1082
0.01656	0	5	1	56000.9	198.746	51.1081
0.0168	0	1	0	56000.9	198.747	51.108
0.01704	0	3	0	56000.9	198.747	51.108
0.01728	0	0	1	56001	198.748	51.1079
0.01752	0	0	1	56001	198.748	51.1079
0.01776	0	5	2	56001	198.748	51.1078
0.018	0	4	1	56001	198.748	51.1077
0.01824	0	3	0	56001.1	198.749	51.1077
0.01848	0	4	0	56001.1	198.749	51.1076
0.01872	0	1	3	56001.1	198.749	51.1076
0.01896	0	8	1	56001.1	198.75	51.1075
0.0192	0	4	2	56001.2	198.75	51.1074
0.01944	0	3	1	56001.3	198.751	51.1072
0.01968	0	2	2	56001.3	198.752	51.107
0.01992	0	4	3	56001.4	198.753	51.1068
0.02016	0	4	1	56001.5	198.754	51.1066
0.0204	0	3	4	56001.6	198.755	51.1064
0.02064	0	3	0	56001.7	198.756	51.1062
0.02088	0	4	0	56001.7	198.757	51.1062
0.02112	0	6	0	56001.8	198.757	51.1061
0.02136	0	7	0	56001.8	198.758	51.106
0.0216	0	7	2	56001.8	198.758	51.1059
0.02184	0	6	0	56001.9	198.758	51.1059
0.02208	0	8	0	56001.9	198.758	51.1058
0.02232	0	9	4	56001.9	198.759	51.1058
0.02256	0	7	2	56002	198.759	51.1056
0.0228	0	6	3	56002.1	198.76	51.1055
0.02304	0	7	1	56002.1	198.761	51.1053
0.02328	0	8	1	56002.2	198.762	51.1052
0.02352	0	5	7	56002.3	198.763	51.105
0.02376	0	19	2	56002.3	198.763	51.1049
0.024	0	13	3	56002.4	198.764	51.1048
0.02424	0	11	5	56002.4	198.764	51.1048
0.02448	0	13	3	56002.3	198.764	51.1049
0.02472	0	16	4	56002.3	198.763	51.1049
0.02496	0	17	2	56002.3	198.763	51.105
0.0252	0	14	4	56002.2	198.761	51.1053
0.02544	0	15	6	56002	198.76	51.1055
0.02568	0	13	0	56001.9	198.759	51.1057
0.02592	0	17	4	56001.6	198.755	51.1064
0.02616	0	24	3	56001.3	198.751	51.1072
0.0264	0	24	4	56000.9	198.747	51.108
0.02664	0	25	3	56000.5	198.742	51.109
0.02688	0	27	4	55999.8	198.734	51.1104
0.02712	0	35	4	55999.2	198.727	51.1118
0.02736	0	30	5	55998.6	198.72	51.1132
0.0276	0	26	5	55997.8	198.711	51.1148
0.02784	2	33	4	55997.1	198.702	51.1165
0.02808	2	35	4	55996.3	198.694	51.1182
0.02832	5	27	8	55995.6	198.685	51.1199
0.02856	6	35	9	55994.8	198.676	51.1216
0.0288	2	41	4	55994	198.667	51.1234
0.02904	16	52	7	55993.2	198.658	51.1251
0.02928	18	50	2	55992.5	198.649	51.1266
0.02952	22	35	6	55991.9	198.642	51.1281
0.02976	25	43	9	55991.3	198.635	51.1295
0.03	27	55	5	55990.6	198.627	51.1309
0.03024	34	68	6	55990.5	198.626	51.1312
0.03048	37	42	8	55990.4	198.624	51.1314
0.03072	41	46	6	55990.2	198.623	51.1317
0.03096	56	60	7	55990.3	198.624	51.1316
0.0312	57	44	6	55990.6	198.627	51.1309
0.03144	50	46	2	55990.9	198.631	51.1302
0.03168	57	51	4	55991.2	198.635	51.1295
0.03192	53	43	1	55991.7	198.64	51.1285
0.03216	49	36	6	55992.1	198.645	51.1276
0.0324	62	26	8	55992.5	198.65	51.1266
0.03264	47	52	2	55993	198.655	51.1256
0.03288	48	43	3	55993.5	198.661	51.1244
0.03312	53	47	3	55994.1	198.668	51.1232
0.03336	56	43	4	55994.6	198.674	51.122
0.0336	71	43	6	55995.3	198.682	51.1204
0.03384	53	38	6	55996.1	198.691	51.1187
0.03408	68	35	6	55996.9	198.7	51.117
0.03432	80	41	4	55997.6	198.709	51.1153
0.03456	55	42	3	55998.4	198.718	51.1136
0.0348	57	22	8	55999.2	198.727	51.1119
0.03504	43	22	3	55999.9	198.736	51.1101
0.03528	53	26	1	56000.6	198.743	51.1088
0.03552	42	19	5	56001.1	198.749	51.1077
0.03576	33	21	2	56001.6	198.754	51.1066
0.036	27	20	0	56002.1	198.76	51.1055
0.03624	44	17	1	56002.3	198.763	51.1049
0.03648	32	16	2	56002.6	198.766	51.1043
0.03672	23	18	5	56002.9	198.77	51.1037
0.03696	25	10	1	56003.1	198.772	51.1032
0.0372	32	9	0	56003.3	198.774	51.1028
0.03744	25	13	0	56003.5	198.777	51.1023
0.03768	19	2	0	56003.7	198.779	51.1019
0.03792	22	4	1	56003.7	198.78	51.1018
0.03816	10	6	0	56003.8	198.78	51.1016
0.0384	9	1	1	56003.8	198.781	51.1015
0.03864	15	3	1	56003.8	198.781	51.1015
0.03888	6	0	0	56003.7	198.78	51.1018
0.03912	2	1	0	56003.6	198.778	51.102
0.03936	6	2	0	56003.5	198.777	51.1023
0.0396	4	1	0	56003.3	198.775	51.1027
0.03984	2	1	0	56003.1	198.773	51.1031
0.04008	3	0	0	56002.9	198.771	51.1035
0.04032	1	0	0	56002.8	198.768	51.1039
0.04056	2	0	0	56002.6	198.766	51.1043
0.0408	0	0	0	56002.4	198.764	51.1047
0.04104	0	0	0	56002.2	198.762	51.1051
0.04128	0	0	0	56002	198.76	51.1055
0.04152	0	0	0	56001.9	198.758	51.1059
0.04176	0	0	0	56001.7	198.756	51.1062
0.042	0	0	0	56001.6	198.755	51.1065
0.04224	0	0	0	56001.5	198.753	51.1068
0.04248	0	0	0	56001.3	198.752	51.107
0.04272	0	0	0	56001.2	198.751	51.1073
0.04296	0	0	0	56001.1	198.75	51.1075
0.0432	0	0	0	56001.1	198.749	51.1077
0.04344	0	0	0	56001	198.748	51.1079
0.04368	0	0	0	56000.9	198.747	51.108
0.04392	0	0	0	56000.8	198.746	51.1082
0.04416	0	0	0	56000.8	198.746	51.1083
0.0444	0	0	0	56000.7	198.745	51.1084
0.04464	0	0	0	56000.7	198.744	51.1085
0.04488	0	0	0	56000.7	198.744	51.1086
0.04512	0	0	0	56000.6	198.744	51.1086
0.04536	0	0	0	56000.6	198.743	51.1087
0.0456	0	0	1	56000.6	198.743	51.1088
0.04584	0	0	0	56000.5	198.743	51.1088
0.04608	0	0	0	56000.5	198.742	51.1089
0.04632	0	0	0	56000.5	198.742	51.1089
0.04656	0	0	0	56000.5	198.742	51.109
0.0468	0	0	0	56000.5	198.742	51.109
0.04704	0	0	0	56000.4	198.741	51.1091
0.04728	0	0	0	56000.4	198.741	51.1091
0.04752	0	0	0	56000.4	198.741	51.1092
0.04776	0	0	0	56000.4	198.741	51.1092
0.048	0	0	0	56000.4	198.741	51.1092
0.04824	0	0	0	56000.3	198.74	51.1093
0.04848	0	0	0	56000.3	198.74	51.1093
0.04872	0	0	0	56000.3	198.74	51.1093
0.04896	0	0	0	56000.3	198.74	51.1094
0.0492	0	0	0	56000.3	198.74	51.1094
0.04944	0	0	0	56000.3	198.74	51.1094
0.04968	0	0	0	56000.3	198.74	51.1094
0.04992	0	0	0	56000.3	198.739	51.1094
0.05016	0	0	0	56000.3	198.739	51.1095
0.0504	0	0	0	56000.2	198.739	51.1095
0.05064	0	0	0	56000.2	198.739	51.1095
0.05088	0	0	0	56000.2	198.739	51.1095
0.05112	0	0	0	56000.2	198.739	51.1095
0.05136	0	0	0	56000.2	198.739	51.1095
0.0516	0	0	0	56000.2	198.739	51.1096
0.05184	0	0	0	56000.2	198.739	51.1096
0.05208	0	0	0	56000.2	198.739	51.1096
0.05232	0	0	0	56000.2	198.739	51.1096
0.05256	0	0	0	56000.2	198.739	51.1096
0.0528	0	0	0	56000.2	198.739	51.1096
0.05304	0	0	0	56000.2	198.739	51.1096
0.05328	0	0	0	56000.2	198.738	51.1096
0.05352	0	0	0	56000.2	198.738	51.1096
0.05376	0	0	0	56000.2	198.738	51.1096
0.054	0	0	0	56000.2	198.738	51.1097
0.05424	0	0	0	56000.2	198.738	51.1097
0.05448	0	0	0	56000.2	198.738	51.1097
0.05472	0	0	0	56000.2	198.738	51.1097
0.05496	0	0	0	56000.2	198.738	51.1097
0.0552	0	0	0	56000.2	198.738	51.1097
0.05544	0	0	0	56000.2	198.738	51.1097
0.05568	0	0	0	56000.2	198.738	51.1097
0.05592	0	0	0	56000.2	198.738	51.1097
0.05616	0	0	0	56000.2	198.738	51.1097
0.0564	0	0	0	56000.2	198.738	51.1097
0.05664	0	0	0	56000.2	198.738	51.1097
0.05688	0	0	0	56000.2	198.738	51.1097
0.05712	0	0	0	56000.2	198.738	51.1097
0.05736	0	0	0	56000.2	198.738	51.1097
0.0576	0	0	0	56000.2	198.738	51.1097
0.05784	0	0	0	56000.2	198.738	51.1097
0.05808	0	0	0	56000.2	198.738	51.1097
0.05832	0	0	0	56000.2	198.738	51.1097
0.05856	0	0	0	56000.2	198.738	51.1097
0.0588	0	0	0	56000.2	198.738	51.1097
0.05904	0	0	0	56000.2	198.738	51.1097
0.05928	0	0	0	56000.2	198.738	51.1097
0.05952	0	0	0	56000.2	198.738	51.1097
0.05976	0	0	0	56000.2	198.738	51.1097
0.06	0	0	0	56000.2	198.738	51.1097
0.06024	0	0	0	56000.2	198.738	51.1097
0.06048	0	0	0	56000.2	198.738	51.1097
0.06072	0	0	0	56000.2	198.738	51.1097
0.06096	0	0	0	56000.2	198.738	51.1097
0.0612	0	0	0	56000.2	198.738	51.1097
0.06144	0	0	0	56000.2	198.738	51.1097
0.06168	0	0	0	56000.2	198.738	51.1096
0.06192	0	0	0	56000.2	198.738	51.1096
0.06216	0	0	0	56000.2	198.738	51.1096
0.0624	0	0	0	56000.2	198.739	51.1096
0.06264	0	0	0	56000.2	198.739	51.1096
0.06288	0	0	0	56000.2	198.739	51.1096
0.06312	0	0	0	56000.2	198.739	51.1096
0.06336	0	0	0	56000.2	198.739	51.1096
0.0636	0	0	0	56000.2	198.739	51.1096
0.06384	0	0	0	56000.2	198.739	51.1096
0.06408	0	0	0	56000.2	198.739	51.1095
0.06432	0	0	0	56000.2	198.739	51.1095
0.06456	0	0	0	56000.2	198.739	51.1095
0.0648	0	0	0	56000.2	198.739	51.1095
0.06504	0	0	0	56000.3	198.739	51.1095
0.06528	0	0	0	56000.3	198.739	51.1095
0.06552	0	0	0	56000.3	198.74	51.1094
0.06576	0	0	0	56000.3	198.74	51.1094
0.066	0	0	0	56000.3	198.74	51.1094
0.06624	0	0	0	56000.3	198.74	51.1093
0.06648	0	0	0	56000.3	198.74	51.1093
0.06672	0	0	0	56000.3	198.74	51.1093
0.06696	0	0	0	56000.4	198.741	51.1092
0.0672	0	0	0	56000.4	198.741	51.1092
0.06744	0	0	0	56000.4	198.741	51.1092
0.06768	0	0	0	56000.4	198.741	51.1091
0.06792	0	0	0	56000.4	198.741	51.1091
0.06816	0	0	0	56000.5	198.742	51.109
0.0684	0	0	0	56000.5	198.742	51.109
0.06864	0	0	0	56000.5	198.742	51.1089
0.06888	0	0	0	56000.5	198.742	51.1089
0.06912	0	0	0	56000.5	198.742	51.1089
0.06936	0	3	0	56000.5	198.743	51.1088
0.0696	0	0	0	56000.6	198.743	51.1088
0.06984	0	0	0	56000.6	198.743	51.1087
0.07008	0	0	0	56000.6	198.743	51.1087
0.07032	0	0	0	56000.6	198.744	51.1086
0.07056	0	0	0	56000.7	198.744	51.1085
0.0708	0	0	0	56000.7	198.745	51.1084
0.07104	0	0	0	56000.8	198.746	51.1083
0.07128	0	0	0	56000.9	198.746	51.1081
0.07152	0	0	0	56000.9	198.747	51.108
0.07176	0	0	0	56001	198.748	51.1079
0.072	0	1	0	56001	198.748	51.1077
0.07224	0	1	0	56001.1	198.749	51.1077
0.07248	0	1	0	56001.1	198.749	51.1076
0.07272	0	2	1	56001.1	198.75	51.1075
0.07296	0	3	0	56001.2	198.75	51.1074
0.0732	0	1	0	56001.2	198.75	51.1074
0.07344	0	2	0	56001.2	198.75	51.1074
0.07368	0	4	0	56001.2	198.751	51.1073
0.07392	0	2	0	56001.3	198.751	51.1072
0.07416	0	4	0	56001.3	198.752	51.1071
0.0744	0	0	1	56001.4	198.753	51.1069
0.07464	0	1	0	56001.5	198.753	51.1068
0.07488	0	2	1	56001.6	198.754	51.1066
0.07512	0	4	1	56001.7	198.756	51.1064
0.07536	0	1	0	56001.7	198.757	51.1062
0.0756	0	3	1	56001.8	198.757	51.106
0.07584	0	4	0	56001.9	198.758	51.1059
0.07608	0	7	2	56001.9	198.759	51.1058
0.07632	0	10	0	56002	198.759	51.1057
0.07656	0	1	0	56002	198.76	51.1056
0.0768	0	7	1	56002	198.76	51.1055
0.07704	0	4	1	56002.1	198.76	51.1055
0.07728	0	3	1	56002.1	198.76	51.1054
0.07752	0	7	0	56002.1	198.76	51.1055
0.07776	0	14	1	56002	198.76	51.1055
0.078	0	6	1	56002	198.76	51.1055
0.07824	0	10	3	56002	198.759	51.1057
0.07848	0	17	1	56001.9	198.758	51.1059
0.07872	0	13	2	56001.8	198.757	51.1061
0.07896	0	14	2	56001.7	198.757	51.1062
0.0792	0	10	3	56001.7	198.756	51.1062
0.07944	0	14	3	56001.7	198.756	51.1063
0.07968	0	13	6	56001.7	198.756	51.1063
0.07992	0	8	7	56001.6	198.755	51.1064
0.08016	0	13	1	56001.6	198.755	51.1065
0.0804	0	11	4	56001.5	198.754	51.1067
0.08064	0	23	4	56001.4	198.753	51.1069
0.08088	1	25	3	56001.1	198.749	51.1076
0.08112	0	23	6	56000.8	198.746	51.1082
0.08136	2	18	5	56000.5	198.743	51.1088
0.0816	3	31	3	56000.1	198.737	51.1099
0.08184	1	22	4	55999.5	198.731	51.1111
0.08208	6	34	5	55999	198.725	51.1123
0.08232	7	29	2	55998.4	198.718	51.1135
0.08256	0	32	6	55997.6	198.708	51.1154
0.0828	6	26	5	55996.8	198.699	51.1172
0.08304	4	43	6	55995.9	198.689	51.119
0.08328	13	45	5	55995.1	198.679	51.121
0.08352	9	46	4	55994.1	198.668	51.1231
0.08376	7	29	5	55993.2	198.657	51.1252
0.084	12	48	3	55992.2	198.646	51.1273
0.08424	18	31	2	55991.5	198.638	51.1289
0.08448	18	40	3	55990.8	198.629	51.1305
0.08472	15	39	7	55990.1	198.621	51.1321
0.08496	37	64	5	55989.6	198.615	51.1332
0.0852	40	48	4	55989.4	198.614	51.1335
0.08544	41	50	8	55989.3	198.612	51.1339
0.08568	50	45	5	55989.1	198.61	51.1342
0.08592	39	37	6	55989.5	198.615	51.1332
0.08616	59	46	8	55990.1	198.621	51.132
0.0864	51	53	2	55990.6	198.628	51.1308
0.08664	63	53	6	55991.4	198.636	51.1292
0.08688	68	48	6	55992.5	198.649	51.1267
0.08712	73	33	5	55993.7	198.663	51.1241
0.08736	82	34	4	55994.8	198.676	51.1215
0.0876	79	35	2	55996	198.69	51.1188
0.08784	64	41	2	55997.3	198.705	51.1161
0.08808	66	31	2	55998.5	198.719	51.1134
0.08832	57	31	3	55999.7	198.733	51.1107
0.08856	49	26	1	56000.6	198.743	51.1087
0.0888	41	15	1	56001.5	198.754	51.1066
0.08904	49	20	1	56002.5	198.765	51.1046
0.08928	41	14	2	56003.2	198.773	51.103
0.08952	44	16	4	56003.7	198.779	51.1018
0.08976	30	13	4	56004.2	198.785	51.1007
0.09	24	10	3	56004.8	198.792	51.0995
0.09024	14	3	5	56004.8	198.792	51.0993
0.09048	14	5	0	56004.9	198.793	51.0992
0.09072	11	12	1	56004.9	198.794	51.0991
0.09096	8	3	0	56004.9	198.793	51.0992
0.0912	9	3	2	56004.7	198.791	51.0995
0.09144	5	8	2	56004.6	198.789	51.0999
0.09168	9	4	0	56004.4	198.787	51.1003
0.09192	5	7	1	56004.2	198.785	51.1007
0.09216	3	2	1	56004.1	198.784	51.101
0.0924	7	4	2	56003.9	198.782	51.1014
0.09264	7	4	1	56003.8	198.78	51.1017
0.09288	2	6	0	56003.6	198.779	51.102
0.09312	5	7	0	56003.5	198.777	51.1022
0.09336	5	9	1	56003.4	198.776	51.1025
0.0936	1	4	2	56003.3	198.775	51.1027
0.09384	2	1	3	56003.2	198.773	51.103
0.09408	5	0	1	56003.1	198.772	51.1032
0.09432	1	8	1	56003	198.771	51.1034
0.09456	2	10	1	56002.8	198.769	51.1038
0.0948	0	6	1	56002.7	198.767	51.1042
0.09504	0	10	0	56002.5	198.765	51.1045
0.09528	0	7	3	56002.3	198.763	51.1049
0.09552	0	12	3	56002.1	198.761	51.1054
0.09576	0	3	3	56001.9	198.758	51.1059
0.096	0	5	1	56001.7	198.756	51.1064
0.09624	0	12	1	56001.4	198.753	51.1069
0.09648	1	17	1	56001.1	198.75	51.1075
0.09672	0	7	1	56000.9	198.747	51.1081
0.09696	0	14	1	56000.6	198.743	51.1087
0.0972	2	18	4	56000.3	198.74	51.1093
0.09744	6	10	3	56000	198.737	51.11
0.09768	3	12	5	55999.7	198.733	51.1106
0.09792	2	22	4	55999.4	198.729	51.1114
0.09816	5	13	2	55999	198.725	51.1123
0.0984	5	19	1	55998.6	198.72	51.1131
0.09864	5	22	5	55998.3	198.716	51.1139
0.09888	5	24	1	55997.9	198.712	51.1147
0.09912	6	22	0	55997.6	198.708	51.1154
0.09936	10	19	5	55997.2	198.704	51.1162
0.0996	10	14	4	55997	198.701	51.1167
0.09984	14	21	7	55996.8	198.7	51.1171
0.10008	11	20	5	55996.7	198.698	51.1174
0.10032	10	21	5	55996.5	198.696	51.1178
0.10056	13	20	2	55996.5	198.695	51.1179
0.1008	17	17	7	55996.4	198.695	51.1179
0.10104	25	23	0	55996.4	198.695	51.118
0.10128	15	21	2	55996.4	198.695	51.1179
0.10152	25	19	1	55996.6	198.696	51.1177
0.10176	20	27	2	55996.7	198.698	51.1174
0.102	19	11	1	55996.8	198.699	51.1172
0.10224	21	16	7	55997	198.702	51.1166
0.10248	18	26	3	55997.3	198.705	51.116
0.10272	29	12	2	55997.5	198.708	51.1155
0.10296	25	17	3	55997.8	198.711	51.1148
0.1032	23	10	4	55998.2	198.715	51.1141
0.10344	16	9	4	55998.5	198.719	51.1134
0.10368	21	14	4	55998.8	198.722	51.1127
0.10392	22	16	5	55999.1	198.726	51.112
0.10416	18	15	2	55999.4	198.73	51.1113
0.1044	19	12	2	55999.7	198.733	51.1106
0.10464	18	5	3	56000.1	198.737	51.1099
0.10488	19	10	1	56000.3	198.74	51.1093
0.10512	21	6	1	56000.6	198.744	51.1086
0.10536	17	6	2	56000.9	198.747	51.108
0.1056	17	10	1	56001.2	198.75	51.1074
0.10584	16	9	1	56001.4	198.753	51.1069
0.10608	8	5	1	56001.7	198.756	51.1063
0.10632	15	2	1	56001.9	198.758	51.1058
0.10656	14	7	0	56002	198.76	51.1055
0.1068	11	7	0	56002.2	198.762	51.1052
0.10704	14	1	1	56002.3	198.763	51.1049
0.10728	2	2	0	56002.4	198.764	51.1047
0.10752	7	0	1	56002.4	198.764	51.1047
0.10776	5	2	0	56002.4	198.765	51.1046
0.108	3	0	0	56002.5	198.765	51.1046
0.10824	1	0	0	56002.4	198.764	51.1047
0.10848	0	0	0	56002.3	198.763	51.1049
0.10872	0	1	0	56002.3	198.763	51.105
0.10896	0	0	0	56002.2	198.762	51.1052
0.1092	0	2	0	56002.1	198.761	51.1054
0.10944	0	0	0	56002	198.76	51.1055
0.10968	0	0	0	56002	198.759	51.1057
0.10992	0	0	0	56001.9	198.759	51.1058
0.11016	0	1	0	56001.9	198.758	51.1059
0.1104	0	0	0	56001.8	198.758	51.106
0.11064	0	2	0	56001.8	198.757	51.106
0.11088	0	2	0	56001.8	198.758	51.106
0.11112	0	1	0	56001.8	198.758	51.106
0.11136	0	1	0	56001.8	198.758	51.106
0.1116	0	0	0	56001.8	198.758	51.1059
0.11184	0	1	0	56001.9	198.758	51.1059
0.11208	0	1	0	56001.9	198.758	51.1059
0.11232	0	6	0	56001.9	198.758	51.1058
0.11256	0	5	1	56001.9	198.758	51.1059
0.1128	0	2	0	56001.9	198.758	51.1059
0.11304	0	2	1	56001.9	198.758	51.1059
0.11328	0	2	1	56001.8	198.758	51.106
0.11352	0	14	1	56001.8	198.757	51.1061
0.11376	0	2	1	56001.7	198.756	51.1062
0.114	0	8	0	56001.6	198.755	51.1064
0.11424	0	10	2	56001.5	198.754	51.1066
0.11448	0	12	0	56001.4	198.753	51.1069
0.11472	0	6	0	56001.3	198.752	51.1071
0.11496	0	7	2	56001.2	198.75	51.1074
0.1152	0	8	4	56001	198.749	51.1077
0.11544	0	8	0	56000.9	198.747	51.108
0.11568	0	15	1	56000.7	198.745	51.1084
0.11592	0	7	3	56000.5	198.742	51.109
0.11616	0	13	1	56000.2	198.738	51.1097
0.1164	0	16	1	55999.9	198.735	51.1103
0.11664	0	10	1	55999.5	198.73	51.1112
0.11688	0	15	1	55998.9	198.724	51.1125
0.11712	0	17	4	55998.3	198.717	51.1137
0.11736	0	25	2	55997.8	198.71	51.115
0.1176	0	24	3	55997	198.702	51.1167
0.11784	0	17	3	55996.2	198.692	51.1184
0.11808	0	25	8	55995.4	198.683	51.1202
0.11832	0	16	5	55994.6	198.674	51.122
0.11856	0	13	1	55993.8	198.665	51.1237
0.1188	0	18	6	55993.1	198.656	51.1254
0.11904	0	39	2	55992.3	198.647	51.1272
0.11928	0	18	4	55992.2	198.645	51.1275
0.11952	0	35	9	55992.5	198.65	51.1266
0.11976	0	35	4	55992.9	198.654	51.1258
