0	0	0	0	56648.9	206.386	49.7182
0.00024	0	0	0	56654.1	206.448	49.7074
0.00048	0	0	0	56659.3	206.511	49.6966
0.00072	0	0	0	56664.5	206.573	49.6858
0.00096	0	0	0	56669.8	206.637	49.6748
0.0012	0	0	0	56675.2	206.702	49.6636
0.00144	0	0	0	56680.7	206.767	49.6524
0.00168	0	0	0	56686.1	206.832	49.6411
0.00192	0	0	0	56691.7	206.899	49.6295
0.00216	0	0	0	56697.4	206.967	49.6179
0.0024	0	0	0	56703	207.035	49.6062
0.00264	0	0	0	56708.8	207.104	49.5944
0.00288	0	0	0	56714.6	207.174	49.5823
0.00312	0	0	0	56720.5	207.245	49.5702
0.00336	0	0	0	56726.4	207.316	49.5581
0.0036	0	0	0	56732.5	207.389	49.5456
0.00384	0	0	0	56738.6	207.463	49.533
0.00408	0	0	0	56744.8	207.536	49.5204
0.00432	0	0	0	56751	207.611	49.5077
0.00456	0	0	0	56757.4	207.688	49.4945
0.0048	0	0	0	56763.8	207.765	49.4814
0.00504	0	0	0	56770.2	207.842	49.4683
0.00528	0	0	0	56776.8	207.921	49.4549
0.00552	0	0	0	56783.5	208.002	49.4412
0.00576	0	0	0	56790.1	208.082	49.4275
0.006	0	0	0	56796.8	208.163	49.4139
0.00624	0	0	0	56803.8	208.247	49.3996
0.00648	0	0	0	56810.8	208.331	49.3854
0.00672	0	0	0	56817.8	208.415	49.3711
0.00696	0	0	0	56824.9	208.501	49.3566
0.0072	0	0	0	56832.2	208.589	49.3418
0.00744	0	0	0	56839.5	208.678	49.3269
0.00768	0	0	0	56846.8	208.766	49.3121
0.00792	0	0	0	56854.4	208.857	49.2967
0.00816	0	0	0	56862	208.95	49.2812
0.0084	0	0	0	56869.7	209.042	49.2658
0.00864	0	0	0	56877.4	209.136	49.2501
0.00888	0	0	0	56885.4	209.232	49.2339
0.00912	0	0	0	56893.4	209.329	49.2178
0.00936	0	0	0	56901.4	209.426	49.2017
0.0096	0	0	0	56909.7	209.526	49.185
0.00984	0	1	0	56918	209.627	49.1681
0.01008	0	0	0	56926.4	209.728	49.1513
0.01032	0	0	0	56934.8	209.83	49.1343
0.01056	0	0	0	56943.6	209.937	49.1167
0.0108	0	0	0	56952.3	210.043	49.0991
0.01104	0	1	0	56961.1	210.15	49.0815
0.01128	0	0	0	56970.1	210.259	49.0635
0.01152	0	2	0	56979.3	210.371	49.0451
0.01176	0	0	0	56988.5	210.482	49.0267
0.012	0	0	0	56997.7	210.594	49.0083
0.01224	0	0	0	57007.3	210.711	48.989
0.01248	0	0	0	57017	210.829	48.9698
0.01272	0	3	0	57026.6	210.946	48.9506
0.01296	0	0	2	57036.5	211.066	48.9309
0.0132	0	0	0	57046.6	211.194	48.9139
0.01344	0	0	0	57056.8	211.324	48.8992
0.01368	0	1	1	57066.9	211.454	48.8845
0.01392	0	1	0	57077.5	211.59	48.8692
0.01416	0	0	0	57088.1	211.726	48.8538
0.0144	0	0	0	57098.8	211.863	48.8384
0.01464	0	0	0	57109.6	212.002	48.8228
0.01488	0	3	0	57120.8	212.146	48.8066
0.01512	0	2	0	57132	212.29	48.7905
0.01536	0	1	0	57143.2	212.434	48.7744
0.0156	0	0	1	57154.8	212.584	48.7576
0.01584	0	0	0	57166.6	212.736	48.7407
0.01608	0	1	0	57178.4	212.887	48.7237
0.01632	0	1	1	57190.3	213.041	48.7067
0.01656	0	5	1	57202.7	213.201	48.6889
0.0168	0	1	0	57215.1	213.361	48.6711
0.01704	0	3	0	57227.6	213.521	48.6533
0.01728	0	0	1	57240.4	213.686	48.635
0.01752	0	0	1	57253.5	213.855	48.6163
0.01776	0	5	2	57266.6	214.025	48.5976
0.018	0	4	1	57279.7	214.194	48.579
0.01824	0	3	0	57293.5	214.372	48.5593
0.01848	0	4	0	57307.4	214.551	48.5396
0.01872	0	1	3	57321.2	214.73	48.52
0.01896	0	8	1	57335.4	214.913	48.4999
0.0192	0	4	2	57350	215.102	48.4792
0.01944	0	3	1	57364.6	215.292	48.4585
0.01968	0	2	2	57379.3	215.481	48.4379
0.01992	0	4	3	57394.6	215.68	48.4162
0.02016	0	4	1	57410.1	215.88	48.3944
0.0204	0	3	4	57425.6	216.081	48.3727
0.02064	0	3	0	57441.3	216.285	48.3506
0.02088	0	4	0	57457.7	216.498	48.3276
0.02112	0	6	0	57474.1	216.71	48.3046
0.02136	0	7	0	57490.5	216.923	48.2817
0.0216	0	7	2	57507.5	217.145	48.2578
0.02184	0	6	0	57524.9	217.37	48.2336
0.02208	0	8	0	57542.3	217.596	48.2094
0.02232	0	9	4	57559.8	217.824	48.1851
0.02256	0	7	2	57578.2	218.064	48.1595
0.0228	0	6	3	57596.7	218.304	48.1339
0.02304	0	7	1	57615.1	218.544	48.1084
0.02328	0	8	1	57634.2	218.792	48.082
0.02352	0	5	7	57653.8	219.048	48.0549
0.02376	0	19	2	57673.4	219.303	48.0279
0.024	0	13	3	57693	219.559	48.001
0.02424	0	11	5	57713.8	219.831	47.9724
0.02448	0	13	3	57734.7	220.103	47.9438
0.02472	0	16	4	57755.5	220.376	47.9153
0.02496	0	17	2	57776.9	220.656	47.886
0.0252	0	14	4	57799.1	220.946	47.8558
0.02544	0	15	6	57821.3	221.237	47.8256
0.02568	0	13	0	57843.5	221.528	47.7954
0.02592	0	17	4	57867	221.835	47.7636
0.02616	0	24	3	57890.7	222.145	47.7316
0.0264	0	24	4	57914.3	222.456	47.6996
0.02664	0	25	3	57938.5	222.772	47.6671
0.02688	0	27	4	57963.7	223.104	47.6332
0.02712	0	35	4	57989	223.436	47.5993
0.02736	0	30	5	58014.3	223.768	47.5655
0.0276	0	26	5	58040.8	224.117	47.53
0.02784	0	33	4	58067.8	224.473	47.494
0.02808	0	36	4	58094.9	224.83	47.458
0.02832	0	27	8	58122.2	225.19	47.4218
0.02856	0	37	9	58151.1	225.572	47.3835
0.0288	0	44	5	58180.1	225.954	47.3452
0.02904	0	52	9	58209.1	226.337	47.3071
0.02928	0	51	3	58239.2	226.735	47.2675
0.02952	0	42	6	58270.2	227.145	47.2269
0.02976	0	54	9	58301.2	227.556	47.1863
0.03	0	69	5	58332.3	227.967	47.1459
0.03024	0	77	8	58365.6	228.409	47.1026
0.03048	0	65	9	58398.9	228.851	47.0594
0.03072	0	74	9	58432.3	229.293	47.0164
0.03096	0	80	12	58466.7	229.751	46.972
0.0312	0	75	11	58502.5	230.228	46.9259
0.03144	0	71	5	58538.4	230.705	46.88
0.03168	0	102	7	58574.3	231.183	46.8342
0.03192	0	88	7	58612.5	231.692	46.7856
0.03216	0	99	8	58651.1	232.207	46.7366
0.0324	0	119	11	58689.7	232.723	46.6878
0.03264	0	131	8	58729.1	233.25	46.6381
0.03288	0	139	7	58770.7	233.806	46.586
0.03312	0	145	7	58812.3	234.331	46.5158
0.03336	0	160	6	58853.8	234.852	46.4435
0.0336	0	154	11	58897.7	235.403	46.3672
0.03384	0	193	9	58942.5	235.965	46.2894
0.03408	0	207	11	58987.4	236.527	46.2118
0.03432	0	250	7	59032.7	237.095	46.1335
0.03456	0	227	6	59081.1	237.703	46.0498
0.0348	0	229	10	59129.6	238.311	45.9664
0.03504	0	233	7	59178.1	238.919	45.8831
0.03528	0	279	6	59228.8	239.556	45.796
0.03552	0	282	12	59281.3	240.214	45.7062
0.03576	0	335	4	59333.7	240.871	45.6166
0.036	0	349	10	59386.2	241.529	45.5272
0.03624	0	355	7	59442.9	242.241	45.4306
0.03648	0	401	6	59499.7	242.953	45.3342
0.03672	0	445	10	59556.5	243.665	45.2381
0.03696	0	469	6	59615.3	244.402	45.1387
0.0372	0	485	11	59676.8	245.173	45.0351
0.03744	0	519	1	59738.2	245.943	44.9317
0.03768	0	586	4	59799.7	246.714	44.8286
0.03792	0	614	5	59865.6	247.539	44.7184
0.03816	0	656	1	59932.2	248.372	44.6073
0.0384	0	759	2	59998.7	249.206	44.4965
0.03864	0	770	8	60066.9	250.059	44.3833
0.03888	0	801	4	60139	250.96	44.264
0.03912	0	924	5	60211	251.862	44.1451
0.03936	0	1115	3	60283.1	252.763	44.0265
0.0396	0	999	7	60359.5	253.717	43.9011
0.03984	0	1139	2	60437.7	254.693	43.7732
0.04008	0	1156	13	60515.8	255.671	43.6478
0.04032	0	1438	13	60594.9	256.692	43.5472
0.04056	0	1322	3	60679.9	257.792	43.4399
0.0408	0	1439	4	60764.9	258.893	43.3332
0.04104	0	1604	8	60849.8	259.998	43.2274
0.04128	0	1683	8	60938.9	261.157	43.1172
0.04152	0	1915	5	61030.9	262.359	43.004
0.04176	0	1918	8	61123	263.564	42.8917
0.042	0	2100	8	61215.1	264.771	42.7802
0.04224	0	2332	5	61314.6	266.08	42.6605
0.04248	0	2548	10	61414.2	267.392	42.5418
0.04272	0	2575	11	61513.8	268.707	42.424
0.04296	0	2937	12	61616.7	270.07	42.3032
0.0432	0	3063	9	61724.2	271.497	42.178
0.04344	0	3211	8	61831.7	272.928	42.054
0.04368	0	3578	5	61939.2	274.363	41.931
0.04392	0	3945	7	62053.9	275.897	41.801
0.04416	0	4016	5	62169.8	277.452	41.6708
0.0444	0	4338	5	62285.7	279.023	41.531
0.04464	0	4811	5	62404	280.651	41.369
0.04488	0	4856	10	62528.6	282.363	41.1997
0.04512	0	5403	5	62653.2	284.072	41.0316
0.04536	0	6017	2	62777.8	285.779	40.8647
0.0456	0	6148	6	62908.4	287.566	40.691
0.04584	0	6692	4	63041.4	289.382	40.5155
0.04608	0	7341	6	63174.4	291.195	40.3413
0.04632	0	7734	6	63308.6	293.021	40.1669
0.04656	0	8222	7	63449.9	294.94	39.9847
0.0468	0	8766	6	63591.2	296.854	39.804
0.04704	0	9729	2	63732.5	298.763	39.6247
0.04728	0	10273	4	63877.6	300.718	39.4422
0.04752	0	10993	5	64025.5	302.666	39.2674
0.04776	0	11907	2	64173.5	304.521	39.1158
0.048	0	12528	4	64321.4	306.371	38.966
0.04824	0	13714	1	64475.1	308.286	38.8121
0.04848	0	14630	6	64628.8	310.196	38.6601
0.04872	0	15864	4	64782.6	312.098	38.5098
0.04896	0	16831	4	64938.2	314.017	38.3596
0.0492	0	17698	0	65096.3	315.96	38.2087
0.04944	0	18864	5	65254.5	317.894	38.0598
0.04968	0	20213	5	65412.6	319.82	37.9127
0.04992	0	22027	2	65571.5	321.746	37.7668
0.05016	0	23404	4	65730.6	323.668	37.6214
0.0504	0	24646	8	65889.6	325.625	37.4661
0.05064	0	26778	8	66047.8	327.586	37.3102
0.05088	0	28279	4	66203.7	329.534	37.1551
0.05112	0	30159	3	66359.7	331.497	36.9987
0.05136	0	32355	3	66515.6	333.474	36.8409
0.0516	0	34354	2	66664.5	335.376	36.689
0.05184	0	36456	4	66810.6	337.255	36.5388
0.05208	0	39191	3	66956.7	339.148	36.3875
0.05232	0	41219	2	67100.7	341.025	36.2374
0.05256	0	44021	5	67231.5	342.743	36.1
0.0528	0	46541	4	67362.4	344.472	35.9617
0.05304	0	49216	2	67493.2	346.253	35.8147
0.05328	0	53047	3	67608.6	347.904	35.6721
0.05352	0	55863	0	67712.4	349.392	35.5453
0.05376	0	58695	4	67816.1	350.884	35.4198
0.054	0	62472	1	67919.9	352.38	35.2956
0.05424	0	65554	2	67991.3	353.412	35.2108
0.05448	0	69303	4	68062.8	354.446	35.1266
0.05472	0	73421	4	68134.2	355.482	35.043
0.05496	0	75970	2	68188.7	356.273	34.9797
0.0552	0	80896	3	68220.5	356.736	34.9428
0.05544	0	84637	6	68252.4	357.2	34.906
0.05568	0	88976	4	68284.2	357.663	34.8693
0.05592	0	92578	4	68273.1	357.5	34.8822
0.05616	0	96615	3	68254.7	357.233	34.9034
0.0564	0	101507	2	68236.3	356.966	34.9245
0.05664	0	105052	4	68203	356.481	34.9631
0.05688	0	110401	4	68132.3	355.454	35.0453
0.05712	0	115073	3	68061.5	354.429	35.128
0.05736	0	118765	5	67990.8	353.405	35.2114
0.0576	0	122404	1	67879.4	351.797	35.3438
0.05784	0	126748	0	67751.8	349.959	35.4975
0.05808	0	132393	4	67624.1	348.126	35.6531
0.05832	0	134526	4	67490.1	346.208	35.8186
0.05856	0	138883	1	67317.6	343.879	36.0091
0.0588	0	143577	5	67145.1	341.607	36.1908
0.05904	0	146907	2	66972.7	339.355	36.3709
0.05928	0	149950	0	66775.9	336.807	36.5746
0.05952	0	152521	7	66560.9	334.051	36.7948
0.05976	0	155570	3	66345.9	331.323	37.0125
0.06	0	158538	2	66130.9	328.623	37.2277
0.06024	0	161595	8	65888.1	325.606	37.4676
0.06048	0	164518	3	65645.3	322.637	37.6997
0.06072	0	167606	4	65402.4	319.696	37.9221
0.06096	0	169185	3	65153.7	316.663	38.1545
0.0612	0	170865	3	64897.2	313.513	38.3989
0.06144	0	173779	3	64640.7	310.343	38.6484
0.06168	0	176172	2	64384.2	307.154	38.9029
0.06192	0	176680	1	64123.2	303.891	39.1672
0.06216	0	176155	2	63861.4	300.5	39.4625
0.0624	0	178524	2	63599.7	296.968	39.7933
0.06264	0	178618	5	63341	293.461	40.125
0.06288	0	179836	5	63090.1	290.046	40.4516
0.06312	0	180605	2	62839.2	286.619	40.7829
0.06336	0	181994	2	62588.3	283.181	41.1191
0.0636	0	181188	2	62339.9	279.769	41.4566
0.06384	0	181899	7	62092.6	276.415	41.7574
0.06408	0	184010	4	61845.2	273.108	42.0385
0.06432	0	183959	3	61599.9	269.848	42.3228
0.06456	0	181706	2	61366.9	266.768	42.5981
0.0648	0	183703	2	61133.9	263.706	42.8785
0.06504	0	183780	13	60900.8	260.661	43.1642
0.06528	0	182811	8	60674.4	257.72	43.4468
0.06552	0	181806	7	60452.8	254.882	43.7485
0.06576	0	182620	4	60231.3	252.115	44.1117
0.066	0	180791	6	60009.7	249.343	44.4782
0.06624	0	179899	4	59812.1	246.869	44.8078
0.06648	0	181755	7	59614.5	244.393	45.14
0.06672	0	178140	88	59416.9	241.915	45.4748
0.06696	0	177975	186	59236.4	239.651	45.783
0.0672	0	175673	523	59078.7	237.672	46.0541
0.06744	0	176949	973	58920.9	235.694	46.3269
0.06768	0	174121	2099	58763.2	233.705	46.5954
0.06792	0	172036	2665	58638.2	232.036	46.7529
0.06816	0	172486	3348	58518.7	230.443	46.9052
0.0684	0	172936	4028	58399.2	228.854	47.0591
0.06864	0	173352	5587	58295.3	227.477	47.1941
0.06888	0	170757	8378	58230.4	226.618	47.2791
0.06912	0	172408	11134	58165.5	225.761	47.3645
0.06936	0	172107	14302	58100.6	224.906	47.4504
0.0696	0	172283	15830	58074.5	224.562	47.4851
0.06984	0	171935	19357	58063.9	224.422	47.4992
0.07008	0	175567	21734	58053.3	224.283	47.5133
0.07032	0	177676	25468	58051.9	224.264	47.5152
0.07056	0	177889	32089	58105.4	224.968	47.4441
0.0708	0	179288	33344	58158.8	225.673	47.3733
0.07104	0	182617	37751	58212.3	226.379	47.3028
0.07128	0	182016	44579	58299.5	227.533	47.1886
0.07152	0	186028	47171	58412.1	229.026	47.0424
0.07176	0	188803	48819	58524.7	230.522	46.8976
0.072	0	190600	57296	58637.2	232.022	46.7542
0.07224	0	194271	61210	58799.2	234.167	46.5386
0.07248	0	197905	64837	58961.2	236.199	46.257
0.07272	0	203238	69755	59123.2	238.231	45.9773
0.07296	0	207299	76043	59303.2	240.489	45.6687
0.0732	0	212484	80847	59507.1	243.046	45.3216
0.07344	0	219946	84802	59711.1	245.603	44.9774
0.07368	0	224070	90154	59915	248.157	44.6359
0.07392	0	228990	99319	60150.7	251.107	44.2446
0.07416	0	235874	102647	60391.7	254.119	43.8483
0.0744	0	243168	109737	60632.8	257.181	43.4993
0.07464	0	251101	116551	60884.6	260.449	43.1843
0.07488	0	258363	123159	61163.3	264.092	42.8428
0.07512	0	267982	130696	61442.1	267.759	42.5087
0.07536	0	277006	137168	61720.8	271.452	42.182
0.0756	0	286846	143071	61997.4	275.141	41.8649
0.07584	0	296204	150326	62273.2	278.85	41.5482
0.07608	0	309175	155254	62548.9	282.641	41.1722
0.07632	0	322974	163757	62815.7	286.297	40.8142
0.07656	0	337300	172074	63028.4	289.205	40.5326
0.0768	0	350955	177476	63241.2	292.104	40.2543
0.07704	0	368675	185533	63454	294.994	39.9795
0.07728	0	387692	198206	63549.2	296.285	39.8576
0.07752	0	407076	205437	63556.3	296.381	39.8485
0.07776	0	432289	211510	63563.4	296.477	39.8394
0.078	0	455465	222212	63570.5	296.574	39.8303
0.07824	0	484397	240860	63145.3	290.798	40.3794
0.07848	0	517212	245848	62720	284.987	40.942
0.07872	0	551571	257211	62294.7	279.147	41.5186
0.07896	0	591892	274265	61565.4	269.39	42.3633
0.0792	0	627176	284517	60430.8	254.607	43.7845
0.07944	0	665499	289755	59296.1	240.4	45.6808
0.07968	0	712185	301016	58161.5	225.708	47.3698
0.07992	0	761242	320536	56407.2	203.51	50.2256
0.08016	0	789812	323319	54549.6	182.39	54.2803
0.0804	0	815546	330707	52692	161.441	57.8322
0.08064	0	840846	349341	50782.5	140.621	62.7242
0.08088	0	860579	366951	48743.5	118.027	68.1975
0.08112	0	853703	365657	46704.5	104.602	81.6353
0.08136	0	848947	382926	44665.4	84.4752	93.3028
0.0816	0	858219	426466	43020.6	70.6171	95.4577
0.08184	0	850965	444399	41533.5	56.1788	98.8039
0.08208	0	853201	475262	40046.4	46.2839	109.568
0.08232	0	863207	536650	38695.9	39.6966	124.869
0.08256	0	876378	605360	38164.5	37.2263	131.816
0.0828	0	873240	608820	37633.2	34.693	139.233
0.08304	0	882473	652319	37101.8	31.9422	146.462
0.08328	0	900901	732965	37040.6	31.615	147.272
0.08352	0	905585	757816	37331.9	33.154	143.374
0.08376	0	909355	757068	37623.2	34.6429	139.372
0.084	0	929697	808583	37914.5	36.0686	135.281
0.08424	0	956459	907340	38617	39.3281	125.867
0.08448	0	951490	835548	39319.5	42.6242	117.357
0.08472	0	964128	848585	40022	46.1479	109.803
0.08496	0	982825	931373	40726.9	50.3696	103.774
0.0852	0	988842	951568	41435	55.3054	99.1638
0.08544	0	990282	875168	42143	61.8076	96.9685
0.08568	0	1.01071e+06	904551	42851.1	68.8495	95.6483
0.08592	0	1.04042e+06	1.04909e+06	43293	73.2054	95.2705
0.08616	0	1.02782e+06	885363	43690.5	76.4996	94.9418
0.0864	0	1.03309e+06	858807	44088.1	79.7766	94.4146
0.08664	0	1.06785e+06	960600	44377.9	82.1461	93.9072
0.08688	0	1.08564e+06	1.02102e+06	44398.3	82.3122	93.8676
0.08712	0	1.07423e+06	842970	44418.7	82.4781	93.8275
0.08736	0	1.08689e+06	887988	44439.1	82.6439	93.7869
0.0876	0	1.11301e+06	1.08083e+06	44257.5	81.1643	94.1305
0.08784	0	1.10144e+06	930097	43995.1	79.0126	94.5555
0.08808	0	1.10455e+06	857708	43732.7	76.8486	94.8952
0.08832	0	1.13323e+06	977037	43434.8	74.3815	95.1761
0.08856	0	1.16608e+06	1.1306e+06	42923.3	69.5988	95.5612
0.0888	0	1.16841e+06	891568	42411.9	64.4169	96.3666
0.08904	0	1.20308e+06	929629	41900.4	59.5196	97.6197
0.08928	0	1.25879e+06	1.15584e+06	41355.9	54.7088	99.6026
0.08952	0	1.26244e+06	1.09663e+06	40786.5	50.7563	103.332
0.08976	0	1.26808e+06	964282	40217.1	47.2544	107.98
0.09	0	1.2959e+06	1.09904e+06	39647.8	44.1693	113.66
0.09024	0	1.34908e+06	1.37789e+06	39459.9	43.2852	115.755
0.09048	0	1.31402e+06	1.07383e+06	39272.1	42.4012	117.905
0.09072	0	1.31894e+06	1.11637e+06	39084.3	41.5179	120.113
0.09096	0	1.35558e+06	1.36538e+06	39134.1	41.7521	119.521
0.0912	0	1.35099e+06	1.37216e+06	39500.8	43.4778	115.294
0.09144	0	1.3334e+06	1.19027e+06	39867.6	45.3037	111.334
0.09168	0	1.3381e+06	1.28284e+06	40234.3	47.3539	107.825
0.09192	0	1.38197e+06	1.52132e+06	40755.9	50.5574	103.558
0.09216	0	1.35431e+06	1.29533e+06	41303.4	54.3242	99.9103
0.0924	0	1.35474e+06	1.23204e+06	41850.9	59.0603	97.7655
0.09264	0	1.37985e+06	1.3588e+06	42327.5	63.5894	96.5421
0.09288	0	1.40752e+06	1.50484e+06	42626.9	66.5604	95.9743
0.09312	0	1.38969e+06	1.22211e+06	42926.3	69.6297	95.5579
0.09336	0	1.40267e+06	1.25155e+06	43225.7	72.6472	95.3063
0.0936	0	1.44834e+06	1.53575e+06	43310.4	73.3499	95.2602
0.09384	0	1.43571e+06	1.33841e+06	43309.2	73.3401	95.2609
0.09408	0	1.4407e+06	1.21628e+06	43308.1	73.3304	95.2616
0.09432	0	1.46518e+06	1.35982e+06	43296.7	73.2365	95.2683
0.09456	0	1.51121e+06	1.6434e+06	43224.6	72.6382	95.3068
0.0948	0	1.48785e+06	1.2724e+06	43152.5	72.0142	95.3425
0.09504	0	1.49888e+06	1.30796e+06	43080.4	71.2478	95.4019
0.09528	0	1.54582e+06	1.63447e+06	43053.1	70.9592	95.4267
0.09552	0	1.54627e+06	1.53564e+06	43059.4	71.0258	95.4209
0.09576	0	1.547e+06	1.3345e+06	43065.7	71.0926	95.4151
0.096	0	1.56978e+06	1.49398e+06	43072	71.1593	95.4094
0.09624	0	1.63686e+06	1.77189e+06	43107.2	71.5325	95.3788
0.09648	0	1.60749e+06	1.46979e+06	43142.5	71.9071	95.3503
0.09672	0	1.62592e+06	1.44318e+06	43177.7	72.2486	95.3284
0.09696	0	1.67534e+06	1.69336e+06	43208.1	72.5009	95.3147
0.0972	0	1.69208e+06	1.72427e+06	43232.1	72.6999	95.3032
0.09744	0	1.69082e+06	1.52331e+06	43256.1	72.8989	95.2908
0.09768	0	1.71376e+06	1.61247e+06	43280	73.0979	95.2778
0.09792	0	1.78311e+06	1.91157e+06	43289.2	73.1736	95.2727
0.09816	0	1.75732e+06	1.63597e+06	43295.8	73.2288	95.2688
0.0984	0	1.77556e+06	1.59864e+06	43302.5	73.2839	95.265
0.09864	0	1.82686e+06	1.76523e+06	43324.8	73.4689	95.2515
0.09888	0	1.85786e+06	2.00411e+06	43386.2	73.9783	95.2114
0.09912	0	1.8449e+06	1.64069e+06	43447.6	74.4875	95.1664
0.09936	0	1.8856e+06	1.74559e+06	43509	74.9966	95.1166
0.0996	0	1.96457e+06	2.18336e+06	43580.6	75.5896	95.0526
0.09984	0	1.9548e+06	1.90498e+06	43656.2	76.2159	94.978
0.10008	0	1.96872e+06	1.7281e+06	43731.9	76.8416	94.8961
0.10032	0	2.02985e+06	2.00561e+06	43788.6	77.3102	94.83
0.10056	0	2.11114e+06	2.23822e+06	43731.8	76.8405	94.8963
0.1008	0	2.08334e+06	1.91861e+06	43674.9	76.3704	94.9584
0.10104	0	2.11573e+06	1.95942e+06	43618.1	75.8999	95.0166
0.10128	0	2.21122e+06	2.2444e+06	43439.1	74.4175	95.1728
0.10152	0	2.21832e+06	2.22745e+06	43168.7	72.1738	95.3322
0.10176	0	2.22553e+06	1.99785e+06	42898.2	69.3372	95.5906
0.102	0	2.29924e+06	2.1315e+06	42627.7	66.5686	95.9729
0.10224	0	2.42684e+06	2.78512e+06	41979.2	60.256	97.3968
0.10248	0	2.3798e+06	2.07743e+06	41330.8	54.5242	99.749
0.10272	0	2.43974e+06	2.05594e+06	40682.3	50.0834	104.111
0.10296	0	2.5642e+06	2.51196e+06	40067.1	46.3998	109.37
0.1032	0	2.5887e+06	2.53702e+06	39496.4	43.4571	115.343
0.10344	0	2.57733e+06	2.2844e+06	38925.7	40.7733	122.023
0.10368	0	2.61781e+06	2.56023e+06	38355	38.1085	129.265
0.10392	0	2.74867e+06	3.04465e+06	38173.5	37.2678	131.695
0.10416	0	2.72212e+06	2.64302e+06	38056.8	36.7297	133.29
0.1044	0	2.7609e+06	2.48029e+06	37940.1	36.1908	134.917
0.10464	0	2.87222e+06	2.89337e+06	37829	35.6578	136.489
0.10488	0	2.95013e+06	3.375e+06	37731.9	35.1832	137.855
0.10512	0	2.91708e+06	2.66497e+06	37634.8	34.7009	139.211
0.10536	0	2.97356e+06	2.80325e+06	37537.6	34.2116	140.558
0.1056	0	3.09891e+06	3.17605e+06	37585	34.451	139.902
0.10584	0	3.04724e+06	2.9542e+06	37690.1	34.9768	138.439
0.10608	1	3.04387e+06	2.82056e+06	37795.3	35.4939	136.965
0.10632	1	3.12284e+06	3.12073e+06	37938.4	36.1826	134.941
0.10656	0	3.23917e+06	4.02057e+06	38309.1	37.8953	129.874
0.1068	0	3.17033e+06	3.001e+06	38679.8	39.6214	125.072
0.10704	0	3.18662e+06	3.07165e+06	39050.4	41.3589	120.517
0.10728	0	3.29384e+06	3.48156e+06	39286.5	42.4691	117.737
0.10752	0	3.24337e+06	3.32138e+06	39421.7	43.1053	116.187
0.10776	0	3.18908e+06	2.88335e+06	39556.9	43.7417	114.667
0.108	0	3.22466e+06	3.10913e+06	39692.1	44.3778	113.174
0.10824	0	3.39018e+06	4.08866e+06	39440.1	43.1917	115.979
0.10848	0	3.25804e+06	3.03249e+06	39188.1	42.0058	118.886
0.10872	0	3.26907e+06	3.04256e+06	38936.1	40.8218	121.897
0.10896	0	3.35068e+06	3.31312e+06	38664.9	39.5519	125.26
0.1092	0	3.32703e+06	3.56234e+06	38368.1	38.1694	129.091
0.10944	0	3.23854e+06	2.96467e+06	38071.4	36.7969	133.089
0.10968	0	3.26119e+06	3.28221e+06	37774.6	35.393	137.255
0.10992	0	3.39495e+06	3.78844e+06	37643.9	34.7466	139.084
0.11016	0	3.25806e+06	3.20818e+06	37540.8	34.2277	140.514
0.1104	0	3.23338e+06	3.0078e+06	37437.7	33.7014	141.932
0.11064	0	3.30131e+06	3.22407e+06	37335.4	33.1725	143.326
0.11088	0	3.32473e+06	4.00481e+06	37235.2	32.6484	144.679
0.11112	0	3.18301e+06	3.04472e+06	37135.1	32.119	146.02
0.11136	0	3.16203e+06	3.08822e+06	37034.9	31.5846	147.347
0.1116	0	3.26483e+06	3.41001e+06	36972.4	31.2492	148.167
0.11184	0	3.12802e+06	3.17948e+06	36925.1	30.9938	148.786
0.11208	0	3.0335e+06	2.84121e+06	36877.7	30.7375	149.401
0.11232	0	3.04478e+06	3.09569e+06	36819.7	30.4226	150.15
0.11256	1	3.10457e+06	3.81847e+06	36697.8	29.758	151.705
0.1128	0	2.93164e+06	2.86019e+06	36576	29.0896	153.237
0.11304	0	2.91336e+06	2.82779e+06	36454.2	28.4183	154.744
0.11328	0	2.97579e+06	3.10174e+06	36261.7	27.3539	157.072
0.11352	0	2.85961e+06	2.9879e+06	36016.2	25.7585	158.759
0.11376	0	2.73118e+06	2.65708e+06	35770.8	24.192	160.258
0.114	0	2.72384e+06	2.76073e+06	35525.3	22.7007	161.794
0.11424	0	2.81607e+06	3.28289e+06	35436	22.1762	162.362
0.11448	0	2.62609e+06	2.68362e+06	35346.6	21.6614	162.935
0.11472	1	2.56545e+06	2.56494e+06	35257.3	21.156	163.513
0.11496	0	2.59936e+06	2.88185e+06	35183.7	20.7465	163.993
0.1152	0	2.54696e+06	2.95039e+06	35131	20.4572	164.338
0.11544	0	2.43614e+06	2.49082e+06	35078.3	20.1711	164.686
0.11568	0	2.44667e+06	2.53622e+06	35025.6	19.8882	165.035
0.11592	1	2.5335e+06	2.9891e+06	34825.7	18.8441	166.376
0.11616	0	2.38295e+06	2.5484e+06	34601.3	17.7245	167.913
0.1164	0	2.34549e+06	2.31257e+06	34376.9	16.759	170.253
0.11664	1	2.40885e+06	2.63546e+06	34142.7	15.9071	173.688
0.11688	0	2.37696e+06	2.92836e+06	33884.3	15.0239	177.789
0.11712	0	2.15806e+06	2.33922e+06	33625.9	14.1968	182.235
0.11736	1	2.07878e+06	2.32366e+06	33367.5	13.4217	187.046
0.1176	0	2.10419e+06	2.80154e+06	32796.3	11.8762	199.093
0.11784	0	1.91253e+06	2.29816e+06	32100	10.2112	214.589
0.11808	2	1.82803e+06	1.96984e+06	31403.7	8.62039	231.809
0.11832	1	1.90014e+06	2.14653e+06	30938.7	7.5857	244.398
0.11856	0	2.0445e+06	2.65699e+06	31861.7	9.65655	220.266
0.1188	0	2.22181e+06	2.16841e+06	32784.8	11.8472	199.357
0.11904	0	2.48804e+06	2.47267e+06	33707.8	14.4531	180.788
0.11928	0	2.71259e+06	3.12422e+06	40711.6	50.271	103.889
0.11952	1	2.79955e+06	3.25693e+06	52276	156.717	58.6518
0.11976	0	2.72637e+06	1.91448e+06	63840.3	300.216	39.4889
