0	0	0	0	56000.1	198.738	51.1097
0.00024	0	0	0	56000.1	198.738	51.1097
0.00048	0	0	0	56000.1	198.738	51.1097
0.00072	0	0	0	56000.1	198.738	51.1097
0.00096	0	0	0	56000.2	198.738	51.1097
0.0012	0	0	0	56000.2	198.738	51.1097
0.00144	0	0	0	56000.2	198.738	51.1097
0.00168	0	0	0	56000.2	198.738	51.1097
0.00192	0	0	0	56000.2	198.738	51.1097
0.00216	0	0	0	56000.2	198.738	51.1097
0.0024	0	0	0	56000.2	198.738	51.1096
0.00264	0	0	0	56000.2	198.738	51.1096
0.00288	0	0	0	56000.2	198.739	51.1096
0.00312	0	0	0	56000.2	198.739	51.1096
0.00336	0	0	0	56000.2	198.739	51.1096
0.0036	0	0	0	56000.2	198.739	51.1096
0.00384	0	0	0	56000.2	198.739	51.1096
0.00408	0	0	0	56000.2	198.739	51.1096
0.00432	0	0	0	56000.2	198.739	51.1096
0.00456	0	0	0	56000.2	198.739	51.1095
0.0048	0	0	0	56000.2	198.739	51.1095
0.00504	0	0	0	56000.2	198.739	51.1095
0.00528	0	0	0	56000.2	198.739	51.1095
0.00552	0	0	0	56000.3	198.739	51.1095
0.00576	0	0	0	56000.3	198.739	51.1095
0.006	0	0	0	56000.3	198.739	51.1094
0.00624	0	0	0	56000.3	198.74	51.1094
0.00648	0	0	0	56000.3	198.74	51.1094
0.00672	0	0	0	56000.3	198.74	51.1094
0.00696	0	0	0	56000.3	198.74	51.1094
0.0072	0	0	0	56000.3	198.74	51.1093
0.00744	0	0	0	56000.3	198.74	51.1093
0.00768	0	0	0	56000.3	198.74	51.1093
0.00792	0	0	0	56000.4	198.74	51.1092
0.00816	0	0	0	56000.4	198.741	51.1092
0.0084	0	0	0	56000.4	198.741	51.1092
0.00864	0	0	0	56000.4	198.741	51.1092
0.00888	0	0	0	56000.4	198.741	51.1091
0.00912	0	0	0	56000.4	198.741	51.1091
0.00936	0	0	0	56000.4	198.742	51.1091
0.0096	0	0	0	56000.5	198.742	51.109
0.00984	0	1	0	56000.5	198.742	51.109
0.01008	0	0	0	56000.5	198.742	51.109
0.01032	0	0	0	56000.5	198.742	51.1089
0.01056	0	0	0	56000.5	198.742	51.1089
0.0108	0	0	0	56000.5	198.742	51.1089
0.01104	0	1	0	56000.5	198.742	51.1089
0.01128	0	0	0	56000.5	198.743	51.1088
0.01152	0	2	0	56000.5	198.743	51.1088
0.01176	0	0	0	56000.6	198.743	51.1088
0.012	0	0	0	56000.6	198.743	51.1088
0.01224	0	0	0	56000.6	198.743	51.1087
0.01248	0	0	0	56000.6	198.744	51.1087
0.01272	0	3	0	56000.6	198.744	51.1086
0.01296	0	0	2	56000.7	198.744	51.1085
0.0132	0	0	0	56000.7	198.745	51.1085
0.01344	0	0	0	56000.7	198.745	51.1084
0.01368	0	1	1	56000.8	198.745	51.1083
0.01392	0	1	0	56000.8	198.746	51.1082
0.01416	0	0	0	56000.9	198.746	51.1081
0.0144	0	0	0	56000.9	198.747	51.1081
0.01464	0	0	0	56000.9	198.747	51.108
0.01488	0	3	0	56001	198.748	51.1079
0.01512	0	2	0	56001	198.748	51.1078
0.01536	0	1	0	56001	198.748	51.1078
0.0156	0	0	1	56001.1	198.749	51.1077
0.01584	0	0	0	56001.1	198.749	51.1076
0.01608	0	1	0	56001.1	198.75	51.1075
0.01632	0	1	1	56001.2	198.75	51.1074
0.01656	0	5	1	56001.2	198.751	51.1073
0.0168	0	1	0	56001.3	198.751	51.1072
0.01704	0	3	0	56001.3	198.752	51.1071
0.01728	0	0	1	56001.4	198.752	51.107
0.01752	0	0	1	56001.4	198.753	51.1069
0.01776	0	5	2	56001.5	198.754	51.1068
0.018	0	4	1	56001.5	198.754	51.1067
0.01824	0	3	0	56001.6	198.755	51.1066
0.01848	0	4	0	56001.6	198.755	51.1065
0.01872	0	1	3	56001.7	198.756	51.1063
0.01896	0	8	1	56001.7	198.756	51.1062
0.0192	0	4	2	56001.8	198.758	51.106
0.01944	0	3	1	56001.9	198.759	51.1058
0.01968	0	2	2	56002	198.76	51.1056
0.01992	0	4	3	56002.1	198.761	51.1053
0.02016	0	4	1	56002.3	198.763	51.105
0.0204	0	3	4	56002.4	198.764	51.1047
0.02064	0	3	0	56002.5	198.765	51.1045
0.02088	0	4	0	56002.6	198.766	51.1043
0.02112	0	6	0	56002.7	198.768	51.1041
0.02136	0	7	0	56002.8	198.769	51.1039
0.0216	0	7	2	56002.9	198.77	51.1037
0.02184	0	6	0	56003	198.771	51.1035
0.02208	0	8	0	56003	198.772	51.1033
0.02232	0	9	4	56003.2	198.773	51.103
0.02256	0	7	2	56003.3	198.775	51.1027
0.0228	0	6	3	56003.5	198.777	51.1023
0.02304	0	7	1	56003.6	198.779	51.102
0.02328	0	8	1	56003.8	198.781	51.1016
0.02352	0	5	7	56004	198.783	51.1011
0.02376	0	19	2	56004.2	198.785	51.1007
0.024	0	13	3	56004.4	198.787	51.1003
0.02424	0	11	5	56004.6	198.789	51.0999
0.02448	0	13	3	56004.7	198.792	51.0995
0.02472	0	16	4	56004.9	198.794	51.0991
0.02496	0	17	2	56005.1	198.796	51.0987
0.0252	0	14	4	56005.3	198.798	51.0983
0.02544	0	15	6	56005.5	198.8	51.0978
0.02568	0	13	0	56005.7	198.803	51.0974
0.02592	0	17	4	56005.8	198.804	51.0971
0.02616	0	24	3	56006	198.806	51.0968
0.0264	0	24	4	56006.1	198.807	51.0965
0.02664	0	25	3	56006.2	198.808	51.0963
0.02688	0	27	4	56006.2	198.809	51.0962
0.02712	0	35	4	56006.3	198.809	51.0961
0.02736	0	30	5	56006.3	198.81	51.096
0.0276	0	26	5	56006.4	198.811	51.0958
0.02784	0	33	4	56006.5	198.812	51.0957
0.02808	0	36	4	56006.5	198.812	51.0955
0.02832	0	27	8	56006.6	198.813	51.0954
0.02856	0	37	9	56006.5	198.812	51.0956
0.0288	0	44	5	56006.4	198.811	51.0959
0.02904	0	52	9	56006.3	198.81	51.0961
0.02928	0	51	3	56005.9	198.805	51.0969
0.02952	0	42	6	56005.4	198.799	51.0981
0.02976	0	54	9	56004.8	198.793	51.0993
0.03	0	69	5	56004.3	198.786	51.1005
0.03024	0	77	8	56003.3	198.775	51.1027
0.03048	0	65	9	56002.3	198.763	51.1049
0.03072	2	74	9	56001.3	198.752	51.1071
0.03096	2	80	12	56000.2	198.738	51.1097
0.0312	3	75	11	55998.8	198.722	51.1128
0.03144	4	70	4	55997.4	198.706	51.1159
0.03168	2	101	7	55996	198.69	51.1189
0.03192	10	87	7	55994.3	198.67	51.1228
0.03216	17	97	7	55992.5	198.649	51.1268
0.0324	22	110	9	55990.7	198.628	51.1307
0.03264	32	124	7	55988.8	198.607	51.1348
0.03288	44	132	6	55986.9	198.584	51.1391
0.03312	44	134	5	55985	198.562	51.1434
0.03336	62	143	4	55983	198.54	51.1477
0.0336	66	125	10	55981.3	198.52	51.1515
0.03384	82	159	6	55979.7	198.501	51.1552
0.03408	101	148	6	55978	198.482	51.1588
0.03432	86	189	4	55976.5	198.464	51.1622
0.03456	130	153	5	55975.7	198.454	51.164
0.0348	130	148	8	55974.9	198.445	51.1659
0.03504	134	173	4	55974	198.435	51.1677
0.03528	175	164	3	55973.6	198.43	51.1686
0.03552	157	151	8	55973.5	198.429	51.1688
0.03576	152	177	2	55973.4	198.428	51.169
0.036	179	141	4	55973.4	198.427	51.1692
0.03624	150	172	2	55974	198.435	51.1678
0.03648	166	172	4	55974.6	198.442	51.1664
0.03672	195	160	9	55975.3	198.449	51.165
0.03696	209	140	3	55976.3	198.461	51.1627
0.0372	219	157	3	55977.9	198.48	51.1591
0.03744	219	149	1	55979.5	198.499	51.1555
0.03768	196	148	1	55981.1	198.517	51.1519
0.03792	240	152	3	55983.4	198.544	51.1469
0.03816	232	161	1	55985.8	198.571	51.1417
0.0384	231	123	1	55988.1	198.598	51.1364
0.03864	213	119	4	55990.4	198.625	51.1313
0.03888	257	85	2	55992.6	198.65	51.1265
0.03912	182	99	3	55994.8	198.676	51.1217
0.03936	171	100	1	55996.9	198.701	51.1168
0.0396	154	92	5	55998.5	198.719	51.1133
0.03984	146	82	1	55999.9	198.736	51.1102
0.04008	150	74	3	56001.3	198.752	51.1071
0.04032	128	67	6	56002.7	198.767	51.1041
0.04056	138	81	0	56003.8	198.781	51.1016
0.0408	133	55	0	56005	198.794	51.099
0.04104	125	66	2	56006.2	198.808	51.0964
0.04128	126	37	6	56007.3	198.821	51.0939
0.04152	103	41	3	56008.3	198.833	51.0916
0.04176	109	31	2	56009.4	198.845	51.0892
0.042	97	36	0	56010.4	198.858	51.0869
0.04224	73	19	3	56010.9	198.863	51.0859
0.04248	66	28	1	56011.3	198.868	51.085
0.04272	65	20	2	56011.7	198.873	51.084
0.04296	42	14	1	56011.8	198.874	51.0838
0.0432	43	15	1	56011.6	198.871	51.0844
0.04344	30	16	0	56011.3	198.867	51.085
0.04368	20	6	1	56011	198.864	51.0857
0.04392	15	6	2	56010.5	198.858	51.0868
0.04416	13	4	3	56009.9	198.851	51.0881
0.0444	15	4	0	56009.3	198.845	51.0893
0.04464	11	4	0	56008.8	198.838	51.0906
0.04488	14	4	0	56008.3	198.832	51.0917
0.04512	6	0	0	56007.8	198.826	51.0928
0.04536	2	4	0	56007.2	198.821	51.094
0.0456	7	1	2	56006.8	198.815	51.0949
0.04584	7	1	0	56006.4	198.811	51.0959
0.04608	6	0	0	56006	198.806	51.0968
0.04632	2	2	0	56005.6	198.801	51.0977
0.04656	0	0	0	56005.2	198.797	51.0985
0.0468	2	0	0	56004.9	198.793	51.0992
0.04704	0	0	0	56004.5	198.789	51.1
0.04728	0	0	0	56004.2	198.785	51.1007
0.04752	0	0	0	56003.9	198.782	51.1013
0.04776	0	0	0	56003.6	198.779	51.102
0.048	0	0	0	56003.3	198.775	51.1026
0.04824	0	0	0	56003.1	198.773	51.1031
0.04848	0	0	0	56002.9	198.77	51.1035
0.04872	0	0	0	56002.7	198.768	51.104
0.04896	0	0	0	56002.5	198.766	51.1044
0.0492	0	0	0	56002.4	198.764	51.1047
0.04944	0	0	0	56002.3	198.763	51.105
0.04968	0	0	0	56002.1	198.761	51.1054
0.04992	0	0	0	56002	198.76	51.1056
0.05016	0	0	0	56001.9	198.758	51.1059
0.0504	0	0	0	56001.8	198.757	51.1061
0.05064	0	0	0	56001.7	198.756	51.1063
0.05088	0	0	0	56001.6	198.755	51.1065
0.05112	0	0	0	56001.5	198.754	51.1067
0.05136	0	0	0	56001.4	198.753	51.1068
0.0516	0	0	0	56001.4	198.752	51.107
0.05184	0	0	0	56001.3	198.752	51.1071
0.05208	0	0	0	56001.3	198.751	51.1072
0.05232	0	0	0	56001.2	198.75	51.1074
0.05256	0	0	0	56001.2	198.75	51.1075
0.0528	0	0	0	56001.1	198.749	51.1076
0.05304	0	0	0	56001.1	198.749	51.1077
0.05328	0	0	0	56001	198.748	51.1078
0.05352	0	0	0	56001	198.748	51.1078
0.05376	0	0	0	56001	198.747	51.1079
0.054	0	0	0	56000.9	198.747	51.108
0.05424	0	0	0	56000.9	198.747	51.1081
0.05448	0	0	0	56000.9	198.746	51.1081
0.05472	0	0	0	56000.8	198.746	51.1082
0.05496	0	0	0	56000.8	198.746	51.1082
0.0552	0	0	0	56000.8	198.745	51.1083
0.05544	0	0	0	56000.8	198.745	51.1083
0.05568	0	0	0	56000.7	198.745	51.1084
0.05592	0	0	0	56000.7	198.745	51.1084
0.05616	0	0	0	56000.7	198.745	51.1085
0.0564	0	0	0	56000.7	198.744	51.1085
0.05664	0	0	0	56000.7	198.744	51.1086
0.05688	0	0	0	56000.7	198.744	51.1086
0.05712	0	0	0	56000.6	198.744	51.1086
0.05736	0	0	0	56000.6	198.744	51.1086
0.0576	0	0	0	56000.6	198.744	51.1087
0.05784	0	0	0	56000.6	198.743	51.1087
0.05808	0	0	0	56000.6	198.743	51.1087
0.05832	0	0	0	56000.6	198.743	51.1087
0.05856	0	0	0	56000.6	198.743	51.1088
0.0588	0	0	0	56000.6	198.743	51.1088
0.05904	0	0	0	56000.6	198.743	51.1088
0.05928	0	0	0	56000.6	198.743	51.1088
0.05952	0	0	0	56000.5	198.743	51.1088
0.05976	0	0	0	56000.5	198.743	51.1088
0.06	0	0	0	56000.5	198.743	51.1088
0.06024	0	0	0	56000.5	198.743	51.1089
0.06048	0	0	0	56000.5	198.743	51.1089
0.06072	0	0	0	56000.5	198.742	51.1089
0.06096	0	0	0	56000.5	198.742	51.1089
0.0612	0	0	0	56000.5	198.742	51.1089
0.06144	0	0	0	56000.5	198.742	51.1089
0.06168	0	0	0	56000.5	198.742	51.1089
0.06192	0	0	0	56000.5	198.742	51.1089
0.06216	0	0	0	56000.5	198.742	51.1089
0.0624	0	0	0	56000.5	198.742	51.1089
0.06264	0	0	0	56000.5	198.742	51.1089
0.06288	0	0	0	56000.5	198.742	51.1089
0.06312	0	0	0	56000.5	198.743	51.1089
0.06336	0	0	0	56000.5	198.743	51.1089
0.0636	0	0	0	56000.5	198.743	51.1088
0.06384	0	0	0	56000.5	198.743	51.1088
0.06408	0	0	0	56000.5	198.743	51.1088
0.06432	0	0	0	56000.6	198.743	51.1088
0.06456	0	0	0	56000.6	198.743	51.1088
0.0648	0	0	0	56000.6	198.743	51.1088
0.06504	0	0	0	56000.6	198.743	51.1087
0.06528	0	0	0	56000.6	198.743	51.1087
0.06552	0	0	0	56000.6	198.743	51.1087
0.06576	0	0	0	56000.6	198.744	51.1087
0.066	0	0	0	56000.6	198.744	51.1086
0.06624	0	0	0	56000.6	198.744	51.1086
0.06648	0	0	0	56000.7	198.744	51.1086
0.06672	0	0	0	56000.7	198.744	51.1085
0.06696	0	0	0	56000.7	198.744	51.1085
0.0672	0	0	0	56000.7	198.745	51.1084
0.06744	0	0	0	56000.7	198.745	51.1084
0.06768	0	0	0	56000.8	198.745	51.1083
0.06792	0	0	0	56000.8	198.746	51.1083
0.06816	0	0	0	56000.8	198.746	51.1082
0.0684	0	0	0	56000.8	198.746	51.1082
0.06864	0	0	0	56000.9	198.746	51.1081
0.06888	0	0	0	56000.9	198.747	51.1081
0.06912	0	0	0	56000.9	198.747	51.108
0.06936	0	3	0	56000.9	198.747	51.108
0.0696	0	0	0	56001	198.747	51.1079
0.06984	0	0	0	56001	198.748	51.1078
0.07008	0	0	0	56001	198.748	51.1078
0.07032	0	0	0	56001.1	198.749	51.1077
0.07056	0	0	0	56001.1	198.749	51.1075
0.0708	0	0	0	56001.2	198.75	51.1074
0.07104	0	0	0	56001.2	198.751	51.1073
0.07128	0	0	0	56001.3	198.752	51.1071
0.07152	0	0	0	56001.4	198.752	51.107
0.07176	0	0	0	56001.4	198.753	51.1068
0.072	0	1	0	56001.5	198.754	51.1067
0.07224	0	1	0	56001.6	198.755	51.1066
0.07248	0	1	0	56001.6	198.755	51.1064
0.07272	0	2	1	56001.7	198.756	51.1063
0.07296	0	3	0	56001.7	198.756	51.1062
0.0732	0	1	0	56001.8	198.757	51.1061
0.07344	0	2	0	56001.8	198.757	51.106
0.07368	0	4	0	56001.9	198.758	51.1059
0.07392	0	2	0	56001.9	198.759	51.1057
0.07416	0	4	0	56002	198.76	51.1055
0.0744	0	0	1	56002.1	198.761	51.1054
0.07464	0	1	0	56002.2	198.762	51.1051
0.07488	0	2	1	56002.3	198.764	51.1049
0.07512	0	4	1	56002.5	198.765	51.1046
0.07536	0	1	0	56002.6	198.766	51.1043
0.0756	0	3	1	56002.7	198.768	51.104
0.07584	0	4	0	56002.8	198.769	51.1038
0.07608	0	7	2	56002.9	198.77	51.1036
0.07632	0	10	0	56003	198.772	51.1033
0.07656	0	1	0	56003.1	198.773	51.1031
0.0768	0	7	1	56003.2	198.774	51.1028
0.07704	0	4	1	56003.4	198.775	51.1026
0.07728	0	3	1	56003.5	198.777	51.1024
0.07752	0	7	0	56003.6	198.778	51.1021
0.07776	0	14	1	56003.7	198.779	51.1019
0.078	0	6	1	56003.8	198.78	51.1017
0.07824	0	10	3	56003.9	198.781	51.1015
0.07848	0	17	1	56003.9	198.782	51.1013
0.07872	0	13	2	56004	198.783	51.1011
0.07896	0	14	2	56004.2	198.785	51.1008
0.0792	0	10	3	56004.4	198.787	51.1003
0.07944	0	14	3	56004.6	198.79	51.0998
0.07968	0	13	6	56004.8	198.792	51.0993
0.07992	0	8	7	56005.1	198.796	51.0987
0.08016	0	13	1	56005.4	198.799	51.0981
0.0804	0	11	4	56005.6	198.802	51.0975
0.08064	0	23	4	56005.9	198.805	51.097
0.08088	0	25	3	56006.1	198.807	51.0966
0.08112	0	23	6	56006.3	198.809	51.0962
0.08136	0	18	5	56006.4	198.811	51.0958
0.0816	0	32	3	56006.5	198.812	51.0956
0.08184	0	22	5	56006.6	198.813	51.0954
0.08208	0	34	6	56006.6	198.813	51.0953
0.08232	0	30	3	56006.7	198.814	51.0953
0.08256	0	35	6	56006.5	198.812	51.0956
0.0828	0	29	6	56006.3	198.81	51.096
0.08304	0	46	6	56006.2	198.808	51.0964
0.08328	1	52	6	56005.9	198.804	51.097
0.08352	0	55	7	56005.4	198.8	51.098
0.08376	1	49	7	56005	198.795	51.0989
0.084	1	56	6	56004.6	198.79	51.0998
0.08424	0	39	6	56003.9	198.782	51.1014
0.08448	1	52	5	56003.2	198.774	51.1029
0.08472	1	52	10	56002.5	198.765	51.1045
0.08496	4	90	8	56001.6	198.755	51.1065
0.0852	0	71	6	56000.5	198.742	51.1089
0.08544	9	82	11	55999.4	198.73	51.1113
0.08568	6	84	10	55998.3	198.717	51.1137
0.08592	8	85	7	55996.8	198.7	51.117
0.08616	21	79	16	55995.3	198.682	51.1205
0.0864	22	95	6	55993.7	198.664	51.1239
0.08664	24	109	8	55992	198.644	51.1277
0.08688	28	126	8	55990	198.62	51.1323
0.08712	23	106	10	55987.9	198.596	51.1368
0.08736	31	106	6	55985.9	198.573	51.1414
0.0876	31	114	8	55983.7	198.547	51.1463
0.08784	34	120	4	55981.4	198.521	51.1513
0.08808	58	136	2	55979.2	198.495	51.1563
0.08832	60	156	7	55977	198.47	51.1611
0.08856	73	123	3	55975.4	198.45	51.1648
0.0888	100	152	5	55973.7	198.431	51.1685
0.08904	111	141	6	55972	198.412	51.1722
0.08928	112	156	2	55971.2	198.403	51.1739
0.08952	136	180	4	55971.1	198.401	51.1743
0.08976	184	141	6	55971	198.399	51.1746
0.09	151	133	3	55970.8	198.398	51.1749
0.09024	179	147	7	55972.3	198.415	51.1715
0.09048	206	137	2	55973.8	198.433	51.1682
0.09072	181	133	4	55975.3	198.45	51.1648
0.09096	212	159	2	55977.4	198.474	51.1603
0.0912	240	141	6	55980.1	198.506	51.1542
0.09144	172	106	3	55982.9	198.538	51.148
0.09168	212	107	2	55985.6	198.57	51.1419
0.09192	220	94	4	55988.8	198.607	51.1348
0.09216	189	100	3	55992.1	198.645	51.1275
0.0924	194	70	15	55995.4	198.683	51.1202
0.09264	209	79	4	55998.6	198.72	51.1132
0.09288	169	101	3	56001.2	198.751	51.1073
0.09312	179	77	0	56003.9	198.782	51.1014
0.09336	167	68	3	56006.6	198.813	51.0955
0.0936	130	58	3	56008.3	198.833	51.0916
0.09384	125	47	6	56009.7	198.85	51.0884
0.09408	104	42	2	56011.2	198.866	51.0853
0.09432	85	45	6	56012.4	198.881	51.0825
0.09456	89	34	2	56012.9	198.886	51.0815
0.0948	63	25	3	56013.3	198.891	51.0806
0.09504	53	22	3	56013.7	198.896	51.0796
0.09528	56	27	6	56013.8	198.896	51.0795
0.09552	38	34	4	56013.6	198.894	51.0799
0.09576	34	14	5	56013.4	198.892	51.0804
0.096	27	23	1	56013.2	198.889	51.0809
0.09624	25	24	3	56012.7	198.884	51.0819
0.09648	26	24	2	56012.2	198.878	51.0829
0.09672	24	14	3	56011.8	198.873	51.084
0.09696	16	16	2	56011.3	198.867	51.085
0.0972	15	25	4	56010.8	198.861	51.0862
0.09744	13	16	4	56010.3	198.855	51.0873
0.09768	11	18	5	56009.7	198.85	51.0884
0.09792	14	26	4	56009.2	198.843	51.0897
0.09816	3	18	2	56008.6	198.837	51.0909
0.0984	8	23	2	56008.1	198.83	51.0921
0.09864	6	24	7	56007.5	198.824	51.0934
0.09888	8	30	2	56007	198.817	51.0946
0.09912	5	26	1	56006.4	198.811	51.0958
0.09936	5	23	6	56005.9	198.804	51.0971
0.0996	1	17	6	56005.3	198.798	51.0983
0.09984	1	31	11	56004.7	198.791	51.0996
0.10008	4	30	5	56004.1	198.784	51.1009
0.10032	1	29	9	56003.5	198.777	51.1023
0.10056	2	34	4	56002.8	198.769	51.1039
0.1008	3	32	8	56002.1	198.76	51.1055
0.10104	1	45	2	56001.3	198.752	51.1071
0.10128	12	36	6	56000.6	198.743	51.1087
0.10152	6	35	5	55999.9	198.735	51.1103
0.10176	6	48	3	55999.1	198.726	51.112
0.102	16	36	1	55998.4	198.718	51.1136
0.10224	12	40	11	55997.7	198.71	51.1151
0.10248	22	56	7	55997.1	198.702	51.1166
0.10272	19	45	9	55996.4	198.694	51.118
0.10296	18	60	6	55995.7	198.687	51.1195
0.1032	21	44	8	55995.1	198.68	51.1208
0.10344	29	44	7	55994.5	198.673	51.1222
0.10368	35	59	8	55993.9	198.666	51.1236
0.10392	33	66	6	55993.4	198.66	51.1247
0.10416	41	68	5	55992.9	198.654	51.1257
0.1044	36	59	6	55992.5	198.649	51.1268
0.10464	49	49	8	55992.1	198.644	51.1277
0.10488	33	47	8	55991.8	198.641	51.1282
0.10512	45	56	7	55991.6	198.638	51.1288
0.10536	49	66	3	55991.3	198.636	51.1293
0.1056	68	67	4	55991.3	198.636	51.1293
0.10584	66	51	4	55991.4	198.637	51.129
0.10608	62	66	8	55991.6	198.638	51.1288
0.10632	81	75	4	55991.8	198.641	51.1283
0.10656	72	51	5	55992.4	198.648	51.127
0.1068	59	46	2	55993	198.655	51.1256
0.10704	65	45	10	55993.6	198.662	51.1243
0.10728	95	47	5	55994.3	198.671	51.1226
0.10752	72	50	6	55995.2	198.68	51.1208
0.10776	78	48	2	55996	198.69	51.1189
0.108	84	48	2	55996.9	198.7	51.117
0.10824	66	48	2	55997.7	198.709	51.1152
0.10848	70	25	4	55998.5	198.719	51.1134
0.10872	63	33	2	55999.3	198.728	51.1116
0.10896	54	27	2	56000.1	198.737	51.1098
0.1092	66	31	2	56000.9	198.746	51.1081
0.10944	53	21	7	56001.6	198.755	51.1064
0.10968	39	17	6	56002.4	198.764	51.1047
0.10992	55	20	3	56003	198.771	51.1033
0.11016	41	24	3	56003.6	198.779	51.102
0.1104	46	15	6	56004.2	198.786	51.1006
0.11064	38	16	0	56004.8	198.792	51.0994
0.11088	47	19	0	56005.2	198.796	51.0986
0.11112	32	15	2	56005.5	198.801	51.0978
0.11136	23	10	2	56005.9	198.805	51.0969
0.1116	20	7	1	56006.1	198.807	51.0965
0.11184	26	8	1	56006.2	198.808	51.0963
0.11208	19	8	2	56006.3	198.81	51.0961
0.11232	19	11	0	56006.4	198.81	51.0959
0.11256	8	5	3	56006.2	198.809	51.0962
0.1128	7	3	0	56006.1	198.807	51.0965
0.11304	6	4	1	56006	198.806	51.0968
0.11328	1	3	1	56005.7	198.803	51.0973
0.11352	3	14	1	56005.4	198.799	51.098
0.11376	3	2	2	56005.1	198.796	51.0987
0.114	0	8	0	56004.8	198.792	51.0994
0.11424	0	10	2	56004.5	198.788	51.1001
0.11448	0	12	0	56004.1	198.784	51.1009
0.11472	0	6	0	56003.8	198.781	51.1016
0.11496	0	7	2	56003.5	198.777	51.1023
0.1152	0	8	4	56003.2	198.773	51.103
0.11544	0	8	0	56002.9	198.77	51.1037
0.11568	0	15	1	56002.5	198.766	51.1044
0.11592	0	7	3	56002.2	198.761	51.1052
0.11616	0	13	1	56001.8	198.757	51.1061
0.1164	0	16	1	56001.4	198.752	51.107
0.11664	0	10	1	56000.9	198.747	51.108
0.11688	0	15	1	56000.3	198.74	51.1093
0.11712	0	17	4	55999.7	198.733	51.1106
0.11736	0	25	2	55999.1	198.727	51.1119
0.1176	0	24	3	55998.4	198.718	51.1135
0.11784	0	17	3	55997.7	198.709	51.1152
0.11808	0	25	8	55996.9	198.7	51.1169
0.11832	0	16	5	55996.1	198.691	51.1186
0.11856	0	13	1	55995.4	198.683	51.1202
0.1188	0	18	6	55994.7	198.675	51.1217
0.11904	0	39	2	55994	198.667	51.1233
0.11928	0	18	4	55994	198.666	51.1235
0.11952	0	35	9	55994.4	198.671	51.1225
0.11976	0	35	4	55994.8	198.676	51.1216
