0	0	0	0	56662.7	206.551	49.6896
0.00024	0	0	0	56668	206.615	49.6786
0.00048	0	0	0	56673.3	206.679	49.6675
0.00072	0	0	0	56678.7	206.743	49.6565
0.00096	0	0	0	56684.1	206.808	49.6453
0.0012	0	0	0	56689.7	206.875	49.6338
0.00144	0	0	0	56695.2	206.941	49.6223
0.00168	0	0	0	56700.8	207.008	49.6108
0.00192	0	0	0	56706.6	207.077	49.599
0.00216	0	0	0	56712.4	207.147	49.587
0.0024	0	0	0	56718.1	207.216	49.5751
0.00264	0	0	0	56724	207.287	49.563
0.00288	0	0	0	56730	207.359	49.5506
0.00312	0	0	0	56736.1	207.432	49.5382
0.00336	0	0	0	56742.1	207.504	49.5258
0.0036	0	0	0	56748.3	207.579	49.513
0.00384	0	0	0	56754.6	207.655	49.5001
0.00408	0	0	0	56760.9	207.731	49.4872
0.00432	0	0	0	56767.3	207.807	49.4743
0.00456	0	0	0	56773.9	207.886	49.4608
0.0048	0	0	0	56780.4	207.965	49.4474
0.00504	0	0	0	56787	208.044	49.4339
0.00528	0	0	0	56793.7	208.125	49.4202
0.00552	0	0	0	56800.6	208.208	49.4062
0.00576	0	0	0	56807.5	208.291	49.3922
0.006	0	0	0	56814.3	208.373	49.3782
0.00624	0	0	0	56821.5	208.46	49.3636
0.00648	0	0	0	56828.6	208.546	49.349
0.00672	0	0	0	56835.8	208.633	49.3345
0.00696	0	0	0	56843.1	208.721	49.3196
0.0072	0	0	0	56850.6	208.812	49.3044
0.00744	0	0	0	56858.1	208.902	49.2892
0.00768	0	0	0	56865.6	208.993	49.274
0.00792	0	0	0	56873.4	209.087	49.2583
0.00816	0	0	0	56881.2	209.182	49.2424
0.0084	0	0	0	56889.1	209.276	49.2266
0.00864	0	0	0	56897	209.373	49.2105
0.00888	0	0	0	56905.2	209.472	49.194
0.00912	0	0	0	56913.4	209.571	49.1774
0.00936	0	0	0	56921.6	209.671	49.1609
0.0096	0	0	0	56930.1	209.773	49.1438
0.00984	0	1	0	56938.7	209.878	49.1265
0.01008	0	0	0	56947.3	209.982	49.1093
0.01032	0	0	0	56955.9	210.087	49.0919
0.01056	0	0	0	56964.9	210.196	49.0738
0.0108	0	0	0	56973.9	210.305	49.0558
0.01104	0	1	0	56982.9	210.415	49.0378
0.01128	0	0	0	56992.2	210.527	49.0193
0.01152	0	2	0	57001.7	210.642	49.0004
0.01176	0	0	0	57011.1	210.757	48.9815
0.012	0	0	0	57020.5	210.872	48.9627
0.01224	0	0	0	57030.5	210.993	48.9429
0.01248	0	0	0	57040.4	211.114	48.9232
0.01272	0	3	0	57050.3	211.241	48.9086
0.01296	0	0	2	57060.4	211.371	48.8939
0.0132	0	0	0	57070.8	211.505	48.8788
0.01344	0	0	0	57081.3	211.638	48.8637
0.01368	0	1	1	57091.7	211.772	48.8486
0.01392	0	1	0	57102.6	211.912	48.8329
0.01416	0	0	0	57113.5	212.053	48.8171
0.0144	0	0	0	57124.5	212.194	48.8013
0.01464	0	0	0	57135.6	212.337	48.7853
0.01488	0	3	0	57147.1	212.485	48.7687
0.01512	0	2	0	57158.7	212.633	48.7521
0.01536	0	1	0	57170.2	212.782	48.7355
0.0156	0	0	1	57182.2	212.936	48.7183
0.01584	0	0	0	57194.3	213.092	48.7009
0.01608	0	1	0	57206.4	213.249	48.6835
0.01632	0	1	1	57218.7	213.407	48.666
0.01656	0	5	1	57231.5	213.572	48.6477
0.0168	0	1	0	57244.3	213.737	48.6294
0.01704	0	3	0	57257.1	213.902	48.6112
0.01728	0	0	1	57270.3	214.072	48.5924
0.01752	0	0	1	57283.8	214.247	48.5731
0.01776	0	5	2	57297.3	214.421	48.5539
0.018	0	4	1	57310.8	214.596	48.5348
0.01824	0	3	0	57325.1	214.78	48.5145
0.01848	0	4	0	57339.3	214.964	48.4943
0.01872	0	1	3	57353.6	215.149	48.4741
0.01896	0	8	1	57368.2	215.338	48.4535
0.0192	0	4	2	57383.3	215.533	48.4322
0.01944	0	3	1	57398.4	215.729	48.4109
0.01968	0	2	2	57413.5	215.924	48.3897
0.01992	0	4	3	57429.3	216.13	48.3674
0.02016	0	4	1	57445.3	216.337	48.3449
0.0204	0	3	4	57461.3	216.544	48.3225
0.02064	0	3	0	57477.5	216.755	48.2998
0.02088	0	4	0	57494.5	216.975	48.2761
0.02112	0	6	0	57511.4	217.195	48.2525
0.02136	0	7	0	57528.3	217.414	48.2289
0.0216	0	7	2	57546	217.644	48.2043
0.02184	0	6	0	57563.9	217.877	48.1794
0.02208	0	8	0	57581.8	218.111	48.1544
0.02232	0	9	4	57599.9	218.346	48.1294
0.02256	0	7	2	57619	218.595	48.103
0.0228	0	6	3	57638.1	218.843	48.0766
0.02304	0	7	1	57657.2	219.092	48.0503
0.02328	0	8	1	57676.9	219.35	48.0231
0.02352	0	5	7	57697.2	219.614	47.9952
0.02376	0	19	2	57717.5	219.879	47.9673
0.024	0	13	3	57737.8	220.144	47.9396
0.02424	0	11	5	57759.4	220.426	47.91
0.02448	0	13	3	57781	220.708	47.8805
0.02472	0	16	4	57802.6	220.991	47.8511
0.02496	0	17	2	57824.8	221.281	47.8209
0.0252	0	14	4	57847.8	221.583	47.7897
0.02544	0	15	6	57870.8	221.885	47.7585
0.02568	0	13	0	57893.8	222.186	47.7274
0.02592	0	17	4	57918.1	222.506	47.6945
0.02616	0	24	3	57942.7	222.828	47.6614
0.0264	0	24	4	57967.3	223.151	47.6284
0.02664	0	25	3	57992.3	223.48	47.5948
0.02688	0	27	4	58018.5	223.825	47.5597
0.02712	0	35	4	58044.8	224.17	47.5247
0.02736	0	30	5	58071	224.516	47.4897
0.0276	0	26	5	58098.6	224.879	47.453
0.02784	0	33	4	58126.7	225.25	47.4158
0.02808	0	36	4	58154.9	225.621	47.3786
0.02832	0	27	8	58183.3	225.996	47.3411
0.02856	0	37	9	58213.4	226.394	47.3014
0.0288	0	44	5	58243.6	226.793	47.2618
0.02904	0	52	9	58273.7	227.192	47.2223
0.02928	0	51	3	58305.1	227.608	47.1813
0.02952	0	42	6	58337.5	228.036	47.1391
0.02976	0	54	9	58369.8	228.465	47.0971
0.03	0	69	5	58402.2	228.894	47.0552
0.03024	0	77	8	58437	229.356	47.0103
0.03048	0	65	9	58471.8	229.818	46.9655
0.03072	0	74	9	58506.6	230.281	46.9208
0.03096	0	80	12	58542.5	230.76	46.8748
0.0312	0	75	11	58580	231.26	46.8269
0.03144	0	71	5	58617.5	231.76	46.7792
0.03168	0	102	7	58655.1	232.26	46.7316
0.03192	0	88	7	58695.1	232.795	46.681
0.03216	0	99	8	58735.5	233.335	46.6301
0.0324	0	119	11	58776	233.876	46.5792
0.03264	0	131	8	58817.3	234.394	46.5071
0.03288	0	139	7	58860.9	234.941	46.4311
0.03312	0	145	7	58904.5	235.488	46.3554
0.03336	0	160	6	58948.2	236.035	46.2797
0.0336	0	154	11	58994.3	236.614	46.1999
0.03384	0	193	9	59041.4	237.204	46.1184
0.03408	0	207	11	59088.5	237.795	46.0372
0.03432	0	250	7	59136.1	238.393	45.9551
0.03456	0	227	6	59187.2	239.034	45.8674
0.0348	0	229	10	59238.3	239.674	45.7798
0.03504	0	233	7	59289.3	240.315	45.6924
0.03528	0	279	6	59342.9	240.986	45.601
0.03552	0	282	12	59398.3	241.681	45.5066
0.03576	0	335	4	59453.7	242.376	45.4123
0.036	0	349	10	59509.1	243.071	45.3183
0.03624	0	355	7	59569.2	243.824	45.2166
0.03648	0	401	6	59629.3	244.578	45.1151
0.03672	0	445	10	59689.4	245.331	45.0138
0.03696	0	469	6	59751.8	246.113	44.909
0.0372	0	485	11	59817	246.93	44.7996
0.03744	0	519	1	59882.3	247.748	44.6904
0.03768	0	586	4	59947.6	248.566	44.5815
0.03792	0	614	5	60017.7	249.443	44.465
0.03816	0	656	1	60088.6	250.33	44.3474
0.0384	0	759	2	60159.5	251.217	44.2301
0.03864	0	770	8	60232.1	252.125	44.1103
0.03888	0	801	4	60309.1	253.087	43.9838
0.03912	0	924	5	60386.1	254.049	43.8576
0.03936	0	1115	3	60463	255.01	43.7318
0.0396	0	999	7	60544.9	256.045	43.6108
0.03984	0	1139	2	60628.6	257.128	43.5046
0.04008	0	1156	13	60712.4	258.212	43.399
0.04032	0	1438	13	60797.2	259.313	43.2929
0.04056	0	1322	3	60888.7	260.503	43.1792
0.0408	0	1439	4	60980.1	261.695	43.0663
0.04104	0	1604	8	61071.6	262.891	42.9543
0.04128	0	1683	8	61167.7	264.149	42.8375
0.04152	0	1915	5	61267.2	265.455	42.7174
0.04176	0	1918	8	61366.7	266.765	42.5983
0.042	0	2100	8	61466.2	268.078	42.4801
0.04224	0	2332	5	61574.3	269.508	42.3528
0.04248	0	2548	10	61682.4	270.941	42.2266
0.04272	0	2575	11	61790.5	272.379	42.1015
0.04296	0	2937	12	61902.5	273.872	41.9729
0.0432	0	3063	9	62019.7	275.44	41.8396
0.04344	0	3211	8	62137	277.011	41.7075
0.04368	0	3578	5	62254.3	278.59	41.5742
0.04392	0	3945	7	62380	280.32	41.4019
0.04416	0	4016	5	62507	282.066	41.229
0.0444	0	4338	5	62634.1	283.81	41.0573
0.04464	0	4811	5	62764.1	285.592	40.8829
0.04488	0	4856	10	62901.6	287.472	40.7001
0.04512	0	5403	5	63039	289.349	40.5187
0.04536	0	6017	2	63176.4	291.222	40.3387
0.0456	0	6148	6	63321	293.19	40.1508
0.04584	0	6692	4	63468.6	295.192	39.9608
0.04608	0	7341	6	63616.1	297.19	39.7723
0.04632	0	7734	6	63765.1	299.202	39.5836
0.04656	0	8222	7	63922.9	301.326	39.3856
0.0468	0	8766	6	64080.6	303.357	39.2107
0.04704	0	9729	2	64238.4	305.333	39.0499
0.04728	0	10273	4	64400.9	307.363	38.8862
0.04752	0	10993	5	64567	309.429	38.721
0.04776	0	11907	2	64733.1	311.487	38.5579
0.048	0	12528	4	64899.2	313.538	38.397
0.04824	0	13714	1	65073	315.674	38.2309
0.04848	0	14630	6	65246.8	317.8	38.067
0.04872	0	15864	4	65420.6	319.917	37.9053
0.04896	0	16831	4	65597.1	322.056	37.7434
0.0492	0	17698	0	65777.3	324.242	37.576
0.04944	0	18864	5	65957.4	326.464	37.3995
0.04968	0	20213	5	66137.5	328.706	37.2211
0.04992	0	22027	2	66319.7	330.993	37.0389
0.05016	0	23404	4	66502.2	333.303	36.8545
0.0504	0	24646	8	66684.7	335.634	36.6683
0.05064	0	26778	8	66866.6	337.978	36.481
0.05088	0	28279	4	67047	340.323	36.2935
0.05112	0	30159	3	67227.3	342.688	36.1044
0.05136	0	32355	3	67407.7	345.073	35.9136
0.0516	0	34354	2	67581	347.508	35.7061
0.05184	0	36456	4	67751.3	349.952	35.498
0.05208	0	39191	3	67921.7	352.406	35.2934
0.05232	0	41219	2	68089.7	354.837	35.095
0.05256	0	44021	5	68243.8	357.075	34.9158
0.0528	0	46541	4	68397.9	359.322	34.7395
0.05304	0	49216	2	68552	361.576	34.5658
0.05328	0	53047	3	68688.7	363.583	34.4141
0.05352	0	55863	0	68812.3	365.403	34.2786
0.05376	0	58695	4	68935.9	367.229	34.1448
0.054	0	62472	1	69059.6	369.06	34.0127
0.05424	0	65554	2	69146.6	370.352	33.9207
0.05448	0	69303	4	69233.6	371.605	33.8488
0.05472	0	73421	4	69320.6	372.826	33.7913
0.05496	0	75970	2	69388.2	373.772	33.7465
0.0552	0	80896	3	69429.9	374.355	33.7189
0.05544	0	84637	6	69471.6	374.938	33.6913
0.05568	0	88976	4	69513.3	375.52	33.6636
0.05592	0	92578	4	69504.9	375.404	33.6692
0.05616	0	96615	3	69488.3	375.171	33.6802
0.0564	0	101507	2	69471.6	374.939	33.6913
0.05664	0	105052	4	69437.5	374.463	33.7138
0.05688	0	110401	4	69359.9	373.377	33.7652
0.05712	0	115073	3	69282.3	372.29	33.8166
0.05736	0	118765	5	69204.7	371.2	33.8679
0.0576	0	122404	1	69079.4	369.355	33.9917
0.05784	0	126748	0	68935	367.215	34.1458
0.05808	0	132393	4	68790.6	365.083	34.3023
0.05832	0	134526	4	68638.8	362.849	34.4692
0.05856	0	138883	1	68442.4	359.971	34.6891
0.0588	0	143577	5	68246	357.106	34.9134
0.05904	0	146907	2	68049.6	354.255	35.1421
0.05928	0	149950	0	67824.8	351.009	35.4094
0.05952	0	152521	7	67578.8	347.476	35.7089
0.05976	0	155570	3	67332.7	344.079	35.9931
0.06	0	158538	2	67086.7	340.842	36.252
0.06024	0	161595	8	66808.7	337.23	36.5408
0.06048	0	164518	3	66530.7	333.666	36.8256
0.06072	0	167606	4	66252.7	330.149	37.1062
0.06096	0	169185	3	65968.2	326.598	37.3888
0.0612	0	170865	3	65675.1	322.997	37.6726
0.06144	0	173779	3	65382	319.448	37.941
0.06168	0	176172	2	65089	315.869	38.2157
0.06192	0	176680	1	64791.3	312.207	38.5013
0.06216	0	176155	2	64493	308.509	38.7943
0.0624	0	178524	2	64194.6	304.786	39.0943
0.06264	0	178618	5	63900.2	301.022	39.4139
0.06288	0	179836	5	63615.7	297.185	39.7728
0.06312	0	180605	2	63331.3	293.329	40.1376
0.06336	0	181994	2	63046.8	289.456	40.5084
0.0636	0	181188	2	62765.4	285.609	40.8813
0.06384	0	181899	7	62485.1	281.764	41.2588
0.06408	0	184010	4	62204.8	277.922	41.6317
0.06432	0	183959	3	61926.9	274.198	41.9451
0.06456	0	181706	2	61663.4	270.69	42.2487
0.0648	0	183703	2	61399.9	267.203	42.5587
0.06504	0	183780	13	61136.4	263.74	42.8754
0.06528	0	182811	8	60880.2	260.393	43.1897
0.06552	0	181806	7	60629.4	257.138	43.5035
0.06576	0	182620	4	60378.7	253.956	43.8697
0.066	0	180791	6	60127.9	250.822	44.2824
0.06624	0	179899	4	59904.7	248.029	44.653
0.06648	0	181755	7	59681.6	245.233	45.027
0.06672	0	178140	88	59458.4	242.436	45.4043
0.06696	0	177975	186	59255.4	239.889	45.7504
0.0672	0	175673	523	59079.3	237.68	46.0531
0.06744	0	176949	973	58903.1	235.47	46.3578
0.06768	0	174121	2099	58727	233.221	46.6409
0.06792	0	172036	2665	58589.2	231.382	46.8152
0.06816	0	172486	3348	58457.8	229.633	46.9834
0.0684	0	172936	4028	58326.4	227.89	47.1535
0.06864	0	173352	5587	58213.7	226.398	47.301
0.06888	0	170757	8378	58147.5	225.524	47.3883
0.06912	0	172408	11134	58081.3	224.651	47.4761
0.06936	0	172107	14302	58015.1	223.78	47.5643
0.0696	0	172283	15830	57995.4	223.52	47.5907
0.06984	0	171935	19357	57994.3	223.506	47.5922
0.07008	0	175567	21734	57993.2	223.491	47.5936
0.07032	0	177676	25468	58003.2	223.623	47.5802
0.07056	0	177889	32089	58080	224.633	47.4779
0.0708	0	179288	33344	58156.7	225.645	47.3761
0.07104	0	182617	37751	58233.4	226.659	47.2751
0.07128	0	182016	44579	58351.7	228.225	47.1206
0.07152	0	186028	47171	58501.1	230.209	46.9278
0.07176	0	188803	48819	58650.5	232.2	46.7373
0.072	0	190600	57296	58800	234.177	46.5373
0.07224	0	194271	61210	59011.5	236.829	46.1701
0.07248	0	197905	64837	59223	239.482	45.806
0.07272	0	203238	69755	59434.5	242.135	45.445
0.07296	0	207299	76043	59669.3	245.079	45.0477
0.0732	0	212484	80847	59935.2	248.41	44.6023
0.07344	0	219946	84802	60201.1	251.737	44.1615
0.07368	0	224070	90154	60467	255.059	43.7254
0.07392	0	228990	99319	60776	259.038	43.3194
0.07416	0	235874	102647	61092.2	263.16	42.9292
0.0744	0	243168	109737	61408.4	267.315	42.5486
0.07464	0	251101	116551	61739.8	271.705	42.16
0.07488	0	258363	123159	62109.1	276.636	41.7389
0.07512	0	267982	130696	62478.3	281.672	41.2679
0.07536	0	277006	137168	62847.6	286.734	40.7717
0.0756	0	286846	143071	63219.9	291.815	40.282
0.07584	0	296204	150326	63593.5	296.885	39.8011
0.07608	0	309175	155254	63967.1	301.921	39.3304
0.07632	0	322974	163757	64330.9	306.489	38.9565
0.07656	0	337300	172074	64635.6	310.28	38.6534
0.0768	0	350955	177476	64940.4	314.044	38.3574
0.07704	0	368675	185533	65245.1	317.78	38.0685
0.07728	0	387692	198206	65409.7	319.784	37.9154
0.07752	0	407076	205437	65469.1	320.505	37.8606
0.07776	0	432289	211510	65528.5	321.226	37.8061
0.078	0	455465	222212	65587.9	321.944	37.7518
0.07824	0	484397	240860	65120	316.25	38.1863
0.07848	0	517212	245848	64652.1	310.484	38.6372
0.07872	0	551571	257211	64184.2	304.655	39.1049
0.07896	0	591892	274265	63342.1	293.477	40.1235
0.0792	0	627176	284517	62001.3	275.193	41.8604
0.07944	0	665499	289755	60660.5	257.541	43.4643
0.07968	0	712185	301016	59319.7	240.696	45.6405
0.07992	0	761242	320536	57213.5	213.339	48.6735
0.08016	0	789812	323319	54979.7	187.176	53.3907
0.0804	0	815546	330707	52745.9	162.055	57.7295
0.08064	0	840846	349341	50447.7	137.082	63.7863
0.08088	0	860579	366951	47988.5	112.168	71.9016
0.08112	0	853703	365657	45529.3	92.9092	89.5083
0.08136	0	848947	382926	43070.1	71.1392	95.4111
0.0816	0	858219	426466	41096.8	52.8511	101.191
0.08184	0	850965	444399	39317.9	42.6169	117.375
0.08208	0	853201	475262	37539	34.2188	140.538
0.08232	0	863207	536650	35928.4	25.1893	159.291
0.08256	0	876378	605360	35327.5	21.5525	163.058
0.0828	0	873240	608820	34726.6	18.3432	167.05
0.08304	0	882473	652319	34125.8	15.8473	173.947
0.08328	1	900901	732965	34102.7	15.7665	174.301
0.08352	0	905585	757816	34513.1	17.2995	168.526
0.08376	1	909355	757068	34923.5	19.3492	165.717
0.084	0	929697	808583	35333.8	21.5883	163.017
0.08424	0	956458	907340	36244.9	27.261	157.272
0.08448	1	951490	835548	37156.1	32.2303	145.74
0.08472	0	964127	848585	38067.2	36.7774	133.148
0.08496	0	982825	931373	38977.7	41.0171	121.392
0.0852	2	988842	951568	39887.3	45.4103	111.134
0.08544	2	990282	875168	40797	50.8251	103.255
0.08568	0	1.01071e+06	904551	41706.7	57.738	98.2146
0.08592	1	1.04042e+06	1.04909e+06	42280.4	63.1314	96.6453
0.08616	1	1.02781e+06	885361	42798.2	68.3042	95.7176
0.0864	2	1.03308e+06	858807	43315.9	73.3955	95.2569
0.08664	1	1.06785e+06	960598	43698.5	76.5656	94.9331
0.08688	1	1.08564e+06	1.02102e+06	43743.3	76.9357	94.8832
0.08712	6	1.07423e+06	842970	43788.1	77.3056	94.8307
0.08736	4	1.08689e+06	887988	43832.8	77.6752	94.7758
0.0876	7	1.11301e+06	1.08083e+06	43624.2	75.9508	95.0105
0.08784	6	1.10144e+06	930097	43314.3	73.3818	95.2579
0.08808	18	1.10455e+06	857708	43004.3	70.4455	95.474
0.08832	15	1.13323e+06	977032	42649.7	66.7911	95.9372
0.08856	23	1.16608e+06	1.13059e+06	42027.5	60.7107	97.2656
0.0888	18	1.16841e+06	891562	41405.4	55.0758	99.3187
0.08904	35	1.20308e+06	929626	40783.2	50.7346	103.357
0.08928	37	1.25879e+06	1.15583e+06	40118.2	46.6878	108.888
0.08952	38	1.26244e+06	1.09662e+06	39421.2	43.1029	116.193
0.08976	55	1.26807e+06	964274	38724.2	39.8289	124.514
0.09	47	1.2959e+06	1.09902e+06	38027.1	36.5931	133.701
0.09024	84	1.34908e+06	1.37787e+06	37800.3	35.5182	136.894
0.09048	55	1.31402e+06	1.07381e+06	37573.5	34.3931	140.062
0.09072	82	1.31894e+06	1.11635e+06	37346.7	33.2309	143.173
0.09096	83	1.35558e+06	1.36536e+06	37413.4	33.5764	142.264
0.0912	98	1.35099e+06	1.37213e+06	37871.6	35.8633	135.888
0.09144	102	1.3334e+06	1.19024e+06	38329.8	37.9913	129.599
0.09168	146	1.3381e+06	1.28281e+06	38788	40.1277	123.717
0.09192	117	1.38197e+06	1.52128e+06	39436.5	43.175	116.019
0.09216	131	1.3543e+06	1.29529e+06	40116.8	46.6797	108.902
0.0924	158	1.35473e+06	1.232e+06	40797.1	50.8253	103.255
0.09264	168	1.37984e+06	1.35876e+06	41389.1	54.9547	99.4113
0.09288	177	1.40751e+06	1.50481e+06	41760.6	58.2294	98.0425
0.09312	225	1.38968e+06	1.22208e+06	42132	61.7026	96.9958
0.09336	214	1.40266e+06	1.25151e+06	42503.5	65.3243	96.1898
0.0936	251	1.44834e+06	1.53571e+06	42608.6	66.3757	96.0046
0.09384	290	1.4357e+06	1.33837e+06	42607	66.3604	96.0072
0.09408	307	1.44069e+06	1.21622e+06	42605.5	66.345	96.0098
0.09432	338	1.46515e+06	1.35977e+06	42591.5	66.2041	96.0334
0.09456	384	1.51119e+06	1.64333e+06	42502.6	65.315	96.1915
0.0948	412	1.48783e+06	1.27231e+06	42413.7	64.4345	96.363
0.09504	457	1.49885e+06	1.3079e+06	42324.7	63.5626	96.5481
0.09528	513	1.5458e+06	1.63437e+06	42292.2	63.2453	96.6193
0.09552	519	1.54624e+06	1.53557e+06	42301.8	63.3395	96.5979
0.09576	563	1.54698e+06	1.3344e+06	42311.5	63.4337	96.5767
0.096	650	1.56976e+06	1.49384e+06	42321.2	63.5281	96.5557
0.09624	671	1.63684e+06	1.77178e+06	42368.7	63.9928	96.4548
0.09648	684	1.60746e+06	1.46967e+06	42416.2	64.4601	96.3578
0.09672	734	1.62588e+06	1.44304e+06	42463.8	64.9297	96.2647
0.09696	776	1.67531e+06	1.69323e+06	42506.5	65.3541	96.1842
0.0972	942	1.69204e+06	1.72411e+06	42542.8	65.7164	96.1183
0.09744	941	1.6908e+06	1.52316e+06	42579.2	66.0802	96.0546
0.09768	979	1.71374e+06	1.61229e+06	42615.5	66.4454	95.9931
0.09792	1060	1.78306e+06	1.91139e+06	42636.3	66.6555	95.9589
0.09816	1177	1.75728e+06	1.63577e+06	42654.6	66.8399	95.9295
0.0984	1199	1.77552e+06	1.59838e+06	42672.8	67.0247	95.9006
0.09864	1295	1.82683e+06	1.765e+06	42711.7	67.4199	95.841
0.09888	1378	1.85783e+06	2.00383e+06	42802.2	68.3459	95.7122
0.09912	1510	1.84485e+06	1.64038e+06	42892.8	69.281	95.597
0.09936	1580	1.88556e+06	1.74535e+06	42983.3	70.2251	95.4956
0.0996	1647	1.96452e+06	2.1831e+06	43090.3	71.3532	95.3932
0.09984	1720	1.95474e+06	1.90474e+06	43204	72.467	95.3166
0.10008	1865	1.96867e+06	1.72772e+06	43317.7	73.41	95.2559
0.10032	2011	2.02977e+06	2.0053e+06	43408.7	74.1648	95.1954
0.10056	2110	2.11108e+06	2.23787e+06	43363.7	73.7921	95.2266
0.1008	2182	2.08327e+06	1.91832e+06	43318.8	73.4194	95.2552
0.10104	2301	2.11568e+06	1.95904e+06	43273.9	73.0466	95.2812
0.10128	2422	2.21114e+06	2.244e+06	43080	71.2439	95.4023
0.10152	2534	2.21827e+06	2.22703e+06	42774.5	68.0614	95.7502
0.10176	2551	2.22548e+06	1.99742e+06	42469	64.9815	96.2547
0.102	2682	2.29921e+06	2.13088e+06	42163.5	62.0034	96.9183
0.10224	2859	2.4268e+06	2.7844e+06	41388.9	54.9534	99.4124
0.10248	2873	2.37978e+06	2.07666e+06	40614.3	49.6525	104.636
0.10272	2950	2.43973e+06	2.05478e+06	39839.7	45.1544	111.619
0.10296	3012	2.56418e+06	2.51058e+06	39103.8	41.6094	119.881
0.1032	3075	2.5887e+06	2.53531e+06	38419.3	38.407	128.419
0.10344	3178	2.57732e+06	2.2825e+06	37734.8	35.1976	137.814
0.10368	3165	2.6178e+06	2.55787e+06	37050.3	31.6673	147.143
0.10392	3149	2.74866e+06	3.04207e+06	36841.4	30.541	149.869
0.10416	3167	2.72212e+06	2.64024e+06	36711.8	29.8344	151.528
0.1044	2988	2.76089e+06	2.47755e+06	36582.2	29.1235	153.16
0.10464	3028	2.87221e+06	2.89038e+06	36457.9	28.4386	154.699
0.10488	3051	2.95013e+06	3.37201e+06	36346.9	27.8254	156.05
0.10512	3024	2.91707e+06	2.66203e+06	36235.9	27.2112	157.379
0.10536	2982	2.97356e+06	2.80023e+06	36125	26.4768	158.106
0.1056	2819	3.09891e+06	3.17298e+06	36192.2	26.9289	157.706
0.10584	2874	3.04723e+06	2.95116e+06	36330.8	27.7361	156.244
0.10608	2900	3.04387e+06	2.81746e+06	36469.3	28.5017	154.558
0.10632	2723	3.12283e+06	3.1178e+06	36655.3	29.525	152.243
0.10656	2895	3.23916e+06	4.0178e+06	37125.9	32.0703	146.142
0.1068	2901	3.17033e+06	2.99838e+06	37596.5	34.5092	139.742
0.10704	2824	3.18661e+06	3.06923e+06	38067.1	36.7773	133.148
0.10728	2811	3.29384e+06	3.47926e+06	38373	38.192	129.027
0.10752	2819	3.24336e+06	3.31921e+06	38555.3	39.0404	126.656
0.10776	2852	3.18908e+06	2.88131e+06	38737.6	39.892	124.345
0.108	2683	3.22464e+06	3.10692e+06	38919.9	40.7462	122.093
0.10824	2787	3.39017e+06	4.08669e+06	38622.3	39.3527	125.8
0.10848	2721	3.25804e+06	3.03022e+06	38324.6	37.9671	129.668
0.10872	2905	3.26906e+06	3.04016e+06	38026.9	36.5919	133.704
0.10896	2745	3.35068e+06	3.31071e+06	37703.7	35.0442	138.249
0.1092	2886	3.32702e+06	3.55967e+06	37346.7	33.2314	143.172
0.10944	2875	3.23853e+06	2.9618e+06	36989.7	31.3423	147.94
0.10968	2754	3.26118e+06	3.27929e+06	36632.7	29.4012	152.527
0.10992	2719	3.39495e+06	3.78534e+06	36478.2	28.5505	154.45
0.11016	2569	3.25805e+06	3.20486e+06	36357.3	27.8829	155.924
0.1104	2628	3.23338e+06	3.00466e+06	36236.5	27.2141	157.373
0.11064	2598	3.30131e+06	3.22091e+06	36116.5	26.4203	158.157
0.11088	2516	3.32473e+06	4.00164e+06	35998.7	25.6442	158.865
0.11112	2487	3.183e+06	3.04144e+06	35881	24.8859	159.581
0.11136	2340	3.16203e+06	3.08503e+06	35763.2	24.145	160.305
0.1116	2336	3.26482e+06	3.40685e+06	35695.1	23.7244	160.728
0.11184	2392	3.12802e+06	3.17629e+06	35646.9	23.4299	161.029
0.11208	2393	3.03349e+06	2.83799e+06	35598.6	23.1383	161.332
0.11232	2172	3.04478e+06	3.09263e+06	35538.5	22.7787	161.711
0.11256	2239	3.10456e+06	3.81539e+06	35407	22.008	162.547
0.1128	2173	2.93164e+06	2.85726e+06	35275.5	21.258	163.395
0.11304	2124	2.91336e+06	2.8248e+06	35144	20.5283	164.253
0.11328	2042	2.97578e+06	3.09866e+06	34934.6	19.4072	165.643
0.11352	1963	2.85961e+06	2.985e+06	34666.6	18.0449	167.462
0.11376	1820	2.73118e+06	2.65416e+06	34398.7	16.8412	169.946
0.114	1759	2.72383e+06	2.75785e+06	34130.8	15.865	173.87
0.11424	1761	2.81607e+06	3.27992e+06	34089.7	15.7209	174.503
0.11448	1691	2.62609e+06	2.68069e+06	34048.5	15.5783	175.145
0.11472	1654	2.56544e+06	2.56226e+06	34007.4	15.4372	175.794
0.11496	1564	2.59936e+06	2.87916e+06	34012.8	15.4557	175.708
0.1152	1485	2.54696e+06	2.94781e+06	34080.3	15.6883	174.649
0.11544	1525	2.43614e+06	2.48816e+06	34147.8	15.9248	173.611
0.11568	1433	2.44667e+06	2.53372e+06	34215.3	16.1655	172.596
0.11592	1390	2.5335e+06	2.98674e+06	34198.6	16.1056	172.845
0.11616	1419	2.38295e+06	2.54608e+06	34167.8	15.996	173.307
0.1164	1212	2.34549e+06	2.31029e+06	34137.1	15.8872	173.773
0.11664	1222	2.40885e+06	2.63324e+06	34149.2	15.93	173.589
0.11688	1202	2.37696e+06	2.92615e+06	34268.4	16.3581	171.812
0.11712	1158	2.15806e+06	2.33717e+06	34387.6	16.7994	170.102
0.11736	1055	2.07878e+06	2.32163e+06	34506.8	17.2696	168.569
0.1176	1081	2.10419e+06	2.79965e+06	34383.9	16.7853	170.155
0.11784	1017	1.91253e+06	2.29619e+06	34164	15.9824	173.365
0.11808	1017	1.82803e+06	1.96789e+06	33944.2	15.2234	176.809
0.11832	938	1.90013e+06	2.14466e+06	33933.1	15.1862	176.99
0.11856	911	2.0445e+06	2.65508e+06	35174.3	20.6948	164.054
0.1188	964	2.22181e+06	2.16686e+06	36415.6	28.205	155.216
0.11904	936	2.48804e+06	2.47122e+06	37656.8	34.8111	138.904
0.11928	937	2.71258e+06	3.12287e+06	44826.9	85.7715	92.92
0.11952	912	2.79943e+06	3.25666e+06	56443.7	203.943	50.148
0.11976	0	2.7249e+06	1.91446e+06	68060.5	354.414	35.1292
