0	0	0	0	56663.3	206.558	49.6883
0.00024	0	0	0	56668.6	206.622	49.6773
0.00048	0	0	0	56674	206.687	49.6662
0.00072	0	0	0	56679.3	206.751	49.6552
0.00096	0	0	0	56684.8	206.816	49.6439
0.0012	0	0	0	56690.3	206.883	49.6324
0.00144	0	0	0	56695.9	206.949	49.6209
0.00168	0	0	0	56701.5	207.016	49.6094
0.00192	0	0	0	56707.2	207.085	49.5976
0.00216	0	0	0	56713	207.155	49.5856
0.0024	0	0	0	56718.8	207.225	49.5737
0.00264	0	0	0	56724.7	207.295	49.5616
0.00288	0	0	0	56730.8	207.368	49.5492
0.00312	0	0	0	56736.8	207.441	49.5367
0.00336	0	0	0	56742.9	207.513	49.5243
0.0036	0	0	0	56749.1	207.588	49.5115
0.00384	0	0	0	56755.4	207.664	49.4986
0.00408	0	0	0	56761.7	207.74	49.4857
0.00432	0	0	0	56768.1	207.816	49.4727
0.00456	0	0	0	56774.6	207.895	49.4592
0.0048	0	0	0	56781.2	207.975	49.4458
0.00504	0	0	0	56787.8	208.054	49.4323
0.00528	0	0	0	56794.5	208.135	49.4185
0.00552	0	0	0	56801.4	208.218	49.4045
0.00576	0	0	0	56808.3	208.301	49.3905
0.006	0	0	0	56815.2	208.384	49.3765
0.00624	0	0	0	56822.3	208.47	49.3619
0.00648	0	0	0	56829.5	208.557	49.3473
0.00672	0	0	0	56836.7	208.643	49.3327
0.00696	0	0	0	56844	208.732	49.3178
0.0072	0	0	0	56851.5	208.822	49.3026
0.00744	0	0	0	56859	208.913	49.2874
0.00768	0	0	0	56866.5	209.004	49.2722
0.00792	0	0	0	56874.3	209.098	49.2564
0.00816	0	0	0	56882.2	209.193	49.2405
0.0084	0	0	0	56890	209.288	49.2246
0.00864	0	0	0	56898	209.384	49.2086
0.00888	0	0	0	56906.2	209.484	49.192
0.00912	0	0	0	56914.4	209.583	49.1754
0.00936	0	0	0	56922.6	209.683	49.1588
0.0096	0	0	0	56931.1	209.786	49.1417
0.00984	0	1	0	56939.7	209.89	49.1244
0.01008	0	0	0	56948.3	209.995	49.1071
0.01032	0	0	0	56957	210.1	49.0898
0.01056	0	0	0	56966	210.209	49.0717
0.0108	0	0	0	56975	210.319	49.0536
0.01104	0	1	0	56984.1	210.428	49.0355
0.01128	0	0	0	56993.3	210.541	49.017
0.01152	0	2	0	57002.8	210.656	48.9981
0.01176	0	0	0	57012.3	210.771	48.9792
0.012	0	0	0	57021.7	210.886	48.9604
0.01224	0	0	0	57031.7	211.007	48.9406
0.01248	0	0	0	57041.6	211.129	48.9212
0.01272	0	3	0	57051.5	211.256	48.9068
0.01296	0	0	2	57061.7	211.387	48.8921
0.0132	0	0	0	57072.1	211.521	48.8769
0.01344	0	0	0	57082.6	211.655	48.8618
0.01368	0	1	1	57093	211.789	48.8467
0.01392	0	1	0	57103.9	211.929	48.831
0.01416	0	0	0	57114.9	212.07	48.8151
0.0144	0	0	0	57125.9	212.211	48.7993
0.01464	0	0	0	57137	212.355	48.7833
0.01488	0	3	0	57148.5	212.503	48.7666
0.01512	0	2	0	57160.1	212.652	48.75
0.01536	0	1	0	57171.6	212.801	48.7334
0.0156	0	0	1	57183.6	212.955	48.7162
0.01584	0	0	0	57195.8	213.112	48.6988
0.01608	0	1	0	57208	213.268	48.6814
0.01632	0	1	1	57220.2	213.427	48.6638
0.01656	0	5	1	57233.1	213.592	48.6455
0.0168	0	1	0	57245.9	213.757	48.6272
0.01704	0	3	0	57258.7	213.923	48.6089
0.01728	0	0	1	57271.9	214.094	48.59
0.01752	0	0	1	57285.5	214.268	48.5708
0.01776	0	5	2	57299	214.443	48.5515
0.018	0	4	1	57312.5	214.618	48.5323
0.01824	0	3	0	57326.8	214.803	48.512
0.01848	0	4	0	57341.1	214.988	48.4918
0.01872	0	1	3	57355.4	215.173	48.4716
0.01896	0	8	1	57370.1	215.362	48.4509
0.0192	0	4	2	57385.2	215.558	48.4295
0.01944	0	3	1	57400.3	215.754	48.4082
0.01968	0	2	2	57415.5	215.95	48.3869
0.01992	0	4	3	57431.3	216.156	48.3646
0.02016	0	4	1	57447.4	216.363	48.3421
0.0204	0	3	4	57463.4	216.571	48.3196
0.02064	0	3	0	57479.7	216.782	48.2968
0.02088	0	4	0	57496.6	217.003	48.2731
0.02112	0	6	0	57513.6	217.223	48.2494
0.02136	0	7	0	57530.5	217.443	48.2258
0.0216	0	7	2	57548.2	217.673	48.2012
0.02184	0	6	0	57566.2	217.907	48.1762
0.02208	0	8	0	57584.2	218.141	48.1512
0.02232	0	9	4	57602.3	218.377	48.126
0.02256	0	7	2	57621.5	218.626	48.0996
0.0228	0	6	3	57640.6	218.876	48.0732
0.02304	0	7	1	57659.7	219.125	48.0468
0.02328	0	8	1	57679.5	219.383	48.0195
0.02352	0	5	7	57699.9	219.649	47.9916
0.02376	0	19	2	57720.2	219.914	47.9636
0.024	0	13	3	57740.5	220.18	47.9358
0.02424	0	11	5	57762.2	220.463	47.9062
0.02448	0	13	3	57783.8	220.746	47.8766
0.02472	0	16	4	57805.5	221.029	47.8471
0.02496	0	17	2	57827.7	221.321	47.8169
0.0252	0	14	4	57850.8	221.623	47.7855
0.02544	0	15	6	57873.9	221.925	47.7543
0.02568	0	13	0	57897	222.228	47.7231
0.02592	0	17	4	57921.4	222.548	47.6901
0.02616	0	24	3	57946	222.872	47.657
0.0264	0	24	4	57970.7	223.195	47.6239
0.02664	0	25	3	57995.8	223.525	47.5902
0.02688	0	27	4	58022.1	223.871	47.555
0.02712	0	35	4	58048.4	224.218	47.5198
0.02736	0	30	5	58074.8	224.565	47.4848
0.0276	0	26	5	58102.4	224.929	47.448
0.02784	0	33	4	58130.6	225.301	47.4106
0.02808	0	36	4	58158.9	225.673	47.3733
0.02832	0	27	8	58187.4	226.05	47.3357
0.02856	0	37	9	58217.6	226.45	47.2959
0.0288	0	44	5	58247.9	226.85	47.2562
0.02904	0	52	9	58278.1	227.25	47.2166
0.02928	0	51	3	58309.6	227.667	47.1754
0.02952	0	42	6	58342.1	228.097	47.1331
0.02976	0	54	9	58374.5	228.527	47.091
0.03	0	69	5	58407	228.958	47.049
0.03024	0	77	8	58441.9	229.422	47.0039
0.03048	0	65	9	58476.9	229.886	46.9589
0.03072	0	74	9	58511.8	230.351	46.9141
0.03096	0	80	12	58547.9	230.831	46.8679
0.0312	0	75	11	58585.5	231.333	46.8199
0.03144	0	71	5	58623.2	231.835	46.772
0.03168	0	102	7	58660.9	232.338	46.7243
0.03192	0	88	7	58701.1	232.875	46.6735
0.03216	0	99	8	58741.7	233.417	46.6224
0.0324	0	119	11	58782.3	233.955	46.5681
0.03264	0	131	8	58823.8	234.476	46.4957
0.03288	0	139	7	58867.6	235.025	46.4195
0.03312	0	145	7	58911.4	235.575	46.3434
0.03336	0	160	6	58955.2	236.124	46.2674
0.0336	0	154	11	59001.6	236.705	46.1872
0.03384	0	193	9	59048.9	237.299	46.1055
0.03408	0	207	11	59096.2	237.892	46.0238
0.03432	0	250	7	59144.1	238.493	45.9414
0.03456	0	227	6	59195.4	239.137	45.8533
0.0348	0	229	10	59246.7	239.781	45.7653
0.03504	0	233	7	59298.1	240.424	45.6775
0.03528	0	279	6	59351.9	241.099	45.5856
0.03552	0	282	12	59407.6	241.798	45.4907
0.03576	0	335	4	59463.3	242.497	45.396
0.036	0	349	10	59519	243.195	45.3015
0.03624	0	355	7	59579.5	243.953	45.1992
0.03648	0	401	6	59639.9	244.711	45.0972
0.03672	0	445	10	59700.4	245.469	44.9953
0.03696	0	469	6	59763.1	246.254	44.89
0.0372	0	485	11	59828.8	247.077	44.7799
0.03744	0	519	1	59894.5	247.9	44.6702
0.03768	0	586	4	59960.1	248.723	44.5607
0.03792	0	614	5	60030.7	249.606	44.4434
0.03816	0	656	1	60102.1	250.499	44.3251
0.0384	0	759	2	60173.4	251.391	44.2071
0.03864	0	770	8	60246.5	252.305	44.0866
0.03888	0	801	4	60324	253.274	43.9593
0.03912	0	924	5	60401.5	254.242	43.8323
0.03936	0	1115	3	60479.1	255.21	43.7057
0.0396	0	999	7	60561.5	256.26	43.5896
0.03984	0	1139	2	60645.9	257.351	43.4828
0.04008	0	1156	13	60730.3	258.444	43.3766
0.04032	0	1438	13	60815.8	259.554	43.2698
0.04056	0	1322	3	60908	260.754	43.1553
0.0408	0	1439	4	61000.2	261.957	43.0417
0.04104	0	1604	8	61092.4	263.162	42.929
0.04128	0	1683	8	61189.3	264.432	42.8114
0.04152	0	1915	5	61289.6	265.751	42.6905
0.04176	0	1918	8	61390	267.073	42.5705
0.042	0	2100	8	61490.4	268.398	42.4515
0.04224	0	2332	5	61599.5	269.842	42.3233
0.04248	0	2548	10	61708.6	271.29	42.1961
0.04272	0	2575	11	61817.7	272.742	42.0701
0.04296	0	2937	12	61930.8	274.251	41.9406
0.0432	0	3063	9	62049.3	275.835	41.8062
0.04344	0	3211	8	62167.7	277.424	41.6731
0.04368	0	3578	5	62286.2	279.03	41.5303
0.04392	0	3945	7	62413.2	280.777	41.3565
0.04416	0	4016	5	62541.7	282.542	41.182
0.0444	0	4338	5	62670.2	284.304	41.0088
0.04464	0	4811	5	62801.7	286.105	40.8329
0.04488	0	4856	10	62940.7	288.007	40.6483
0.04512	0	5403	5	63079.7	289.905	40.4652
0.04536	0	6017	2	63218.8	291.799	40.2835
0.0456	0	6148	6	63365.2	293.79	40.0938
0.04584	0	6692	4	63514.6	295.816	39.9018
0.04608	0	7341	6	63664	297.837	39.7115
0.04632	0	7734	6	63814.9	299.873	39.5209
0.04656	0	8222	7	63974.8	302.024	39.3208
0.0468	0	8766	6	64134.7	304.036	39.1554
0.04704	0	9729	2	64294.6	306.036	38.993
0.04728	0	10273	4	64459.4	308.091	38.8277
0.04752	0	10993	5	64627.9	310.185	38.6609
0.04776	0	11907	2	64796.4	312.27	38.4964
0.048	0	12528	4	64964.9	314.346	38.3339
0.04824	0	13714	1	65141.4	316.512	38.1661
0.04848	0	14630	6	65317.9	318.667	38.0006
0.04872	0	15864	4	65494.4	320.812	37.8374
0.04896	0	16831	4	65673.7	322.98	37.6739
0.0492	0	17698	0	65856.8	325.22	37.4983
0.04944	0	18864	5	66039.9	327.488	37.318
0.04968	0	20213	5	66223	329.776	37.1359
0.04992	0	22027	2	66408.3	332.112	36.9496
0.05016	0	23404	4	66594	334.474	36.761
0.0504	0	24646	8	66779.7	336.857	36.5707
0.05064	0	26778	8	66964.9	339.253	36.379
0.05088	0	28279	4	67148.6	341.653	36.1871
0.05112	0	30159	3	67332.4	344.074	35.9935
0.05136	0	32355	3	67516.1	346.581	35.7862
0.0516	0	34354	2	67692.7	349.11	35.5692
0.05184	0	36456	4	67866.5	351.61	35.3593
0.05208	0	39191	3	68040.2	354.12	35.1531
0.05232	0	41219	2	68211.6	356.607	34.9531
0.05256	0	44021	5	68369	358.899	34.7724
0.0528	0	46541	4	68526.4	361.2	34.5946
0.05304	0	49216	2	68683.7	363.509	34.4196
0.05328	0	53047	3	68823.4	365.567	34.2665
0.05352	0	55863	0	68949.8	367.434	34.1299
0.05376	0	58695	4	69076.2	369.307	33.995
0.054	0	62472	1	69202.6	371.171	33.8692
0.05424	0	65554	2	69291.9	372.424	33.8102
0.05448	0	69303	4	69381.1	373.674	33.7512
0.05472	0	73421	4	69470.3	374.921	33.6921
0.05496	0	75970	2	69539.8	375.889	33.646
0.0552	0	80896	3	69582.9	376.49	33.6174
0.05544	0	84637	6	69626	377.09	33.5888
0.05568	0	88976	4	69669.2	377.689	33.5602
0.05592	0	92578	4	69661.3	377.579	33.5654
0.05616	0	96615	3	69644.9	377.352	33.5763
0.0564	0	101507	2	69628.5	377.124	33.5872
0.05664	0	105052	4	69594.4	376.649	33.6098
0.05688	0	110401	4	69515.8	375.555	33.6619
0.05712	0	115073	3	69437.3	374.459	33.714
0.05736	0	118765	5	69358.7	373.36	33.766
0.0576	0	122404	1	69231.5	371.576	33.8502
0.05784	0	126748	0	69084.7	369.434	33.986
0.05808	0	132393	4	68938	367.26	34.1426
0.05832	0	134526	4	68783.7	364.981	34.3098
0.05856	0	138883	1	68583.9	362.044	34.5302
0.0588	0	143577	5	68384.2	359.12	34.7552
0.05904	0	146907	2	68184.4	356.211	34.9846
0.05928	0	149950	0	67955.7	352.897	35.253
0.05952	0	152521	7	67705.2	349.29	35.554
0.05976	0	155570	3	67454.8	345.705	35.8625
0.06	0	158538	2	67204.4	342.386	36.1285
0.06024	0	161595	8	66921.5	338.69	36.4241
0.06048	0	164518	3	66638.5	335.043	36.7156
0.06072	0	167606	4	66355.6	331.445	37.0028
0.06096	0	169185	3	66066.1	327.814	37.2921
0.0612	0	170865	3	65767.9	324.126	37.5851
0.06144	0	173779	3	65469.6	320.512	37.8601
0.06168	0	176172	2	65171.4	316.879	38.1378
0.06192	0	176680	1	64868.7	313.161	38.4264
0.06216	0	176155	2	64565.2	309.406	38.7228
0.0624	0	178524	2	64261.7	305.625	39.0263
0.06264	0	178618	5	63962.3	301.856	39.3364
0.06288	0	179836	5	63673.1	297.961	39.6999
0.06312	0	180605	2	63384	294.045	40.0695
0.06336	0	181994	2	63094.9	290.111	40.4453
0.0636	0	181188	2	62808.8	286.203	40.8234
0.06384	0	181899	7	62523.9	282.297	41.2061
0.06408	0	184010	4	62239	278.382	41.5937
0.06432	0	183959	3	61956.5	274.594	41.9113
0.06456	0	181706	2	61688.8	271.027	42.2192
0.0648	0	183703	2	61421	267.482	42.5337
0.06504	0	183780	13	61153.3	263.961	42.8549
0.06528	0	182811	8	60892.9	260.558	43.174
0.06552	0	181806	7	60638	257.249	43.4927
0.06576	0	182620	4	60383.1	254.012	43.8624
0.066	0	180791	6	60128.2	250.826	44.2818
0.06624	0	179899	4	59901.4	247.988	44.6585
0.06648	0	181755	7	59674.7	245.147	45.0386
0.06672	0	178140	88	59447.9	242.303	45.4222
0.06696	0	177975	186	59241.7	239.717	45.7739
0.0672	0	175673	523	59062.9	237.475	46.0812
0.06744	0	176949	973	58884.2	235.233	46.3907
0.06768	0	174121	2099	58705.4	232.933	46.668
0.06792	0	172036	2665	58565.8	231.07	46.845
0.06816	0	172486	3348	58432.7	229.3	47.0157
0.0684	0	172936	4028	58299.7	227.535	47.1884
0.06864	0	173352	5587	58185.6	226.027	47.338
0.06888	0	170757	8378	58119.2	225.151	47.4257
0.06912	0	172408	11134	58052.9	224.276	47.5139
0.06936	0	172107	14302	57986.5	223.403	47.6026
0.0696	0	172283	15830	57967.7	223.156	47.6279
0.06984	0	171935	19357	57967.9	223.159	47.6275
0.07008	0	175567	21734	57968.2	223.163	47.6272
0.07032	0	177676	25468	57979.8	223.316	47.6116
0.07056	0	177889	32089	58059.9	224.369	47.5045
0.0708	0	179288	33344	58140	225.425	47.3982
0.07104	0	182617	37751	58220.1	226.483	47.2926
0.07128	0	182016	44579	58342.9	228.108	47.1321
0.07152	0	186028	47171	58497.6	230.163	46.9322
0.07176	0	188803	48819	58652.4	232.225	46.735
0.072	0	190600	57296	58807.2	234.267	46.5248
0.07224	0	194271	61210	59025.9	237.01	46.1452
0.07248	0	197905	64837	59244.6	239.753	45.769
0.07272	0	203238	69755	59463.3	242.496	45.396
0.07296	0	207299	76043	59706.1	245.54	44.9857
0.0732	0	212484	80847	59981.1	248.984	44.5259
0.07344	0	219946	84802	60256	252.424	44.071
0.07368	0	224070	90154	60531	255.866	43.6284
0.07392	0	228990	99319	60850.8	260.01	43.2262
0.07416	0	235874	102647	61178.1	264.286	42.8249
0.0744	0	243168	109737	61505.4	268.596	42.4338
0.07464	0	251101	116551	61848.5	273.152	42.0347
0.07488	0	258363	123159	62231.2	278.277	41.6023
0.07512	0	267982	130696	62613.9	283.533	41.0845
0.07536	0	277006	137168	62996.6	288.771	40.5745
0.0756	0	286846	143071	63383.2	294.035	40.0705
0.07584	0	296204	150326	63771.4	299.288	39.5756
0.07608	0	309175	155254	64159.6	304.348	39.1299
0.07632	0	322974	163757	64537.9	309.067	38.7498
0.07656	0	337300	172074	64856.6	313.012	38.4381
0.0768	0	350955	177476	65175.2	316.925	38.1342
0.07704	0	368675	185533	65493.8	320.805	37.8379
0.07728	0	387692	198206	65669	322.923	37.6782
0.07752	0	407076	205437	65736.5	323.741	37.6156
0.07776	0	432289	211510	65804.1	324.571	37.5498
0.078	0	455465	222212	65871.6	325.403	37.4838
0.07824	0	484397	240860	65397.8	319.64	37.9264
0.07848	0	517212	245848	64924	313.843	38.3731
0.07872	0	551571	257211	64450.3	307.978	38.8368
0.07896	0	591892	274265	63592.1	296.865	39.8029
0.0792	0	627176	284517	62221.2	278.143	41.6134
0.07944	0	665499	289755	60850.4	260.005	43.2267
0.07968	0	712185	301016	59479.6	242.701	45.3684
0.07992	0	761242	320536	57321.7	214.737	48.5193
0.08016	0	789812	323319	55032.7	187.766	53.2801
0.0804	0	815546	330707	52743.7	162.031	57.7336
0.08064	0	840846	349341	50388.4	136.456	63.9774
0.08088	0	860579	366951	47867.4	111.475	72.7227
0.08112	0	853703	365657	45346.5	91.0104	90.5203
0.08136	1	848947	382926	42825.5	68.5854	95.6813
0.0816	1	858219	426466	40803.9	50.8704	103.205
0.08184	2	850964	444399	38982.1	41.0379	121.339
0.08208	4	853201	475262	37160.3	32.2528	145.684
0.08232	2	863207	536650	35511.4	22.6187	161.882
0.08256	1	876378	605360	34900.3	19.2288	165.872
0.0828	4	873240	608819	34289.3	16.4342	171.508
0.08304	1	882473	652315	33678.2	14.3598	181.307
0.08328	1	900901	732963	33660.7	14.3052	181.615
0.08352	3	905585	757816	34088.6	15.7172	174.52
0.08376	6	909355	757066	34516.4	17.3154	168.502
0.084	4	929696	808583	34944.3	19.458	165.578
0.08424	5	956458	907339	35885.9	24.917	159.551
0.08448	10	951489	835543	36827.5	30.465	150.049
0.08472	17	964127	848584	37769.1	35.3658	137.333
0.08496	18	982824	931371	38709.5	39.7606	124.697
0.0852	14	988840	951564	39648.5	44.1728	113.652
0.08544	25	990282	875165	40587.4	49.4837	104.848
0.08568	29	1.0107e+06	904548	41526.4	56.1151	98.8294
0.08592	41	1.04042e+06	1.04908e+06	42119	61.5778	97.0285
0.08616	47	1.02781e+06	885358	42653.8	66.8325	95.9306
0.0864	54	1.03308e+06	858802	43188.7	72.34	95.3235
0.08664	65	1.06784e+06	960589	43584.4	75.621	95.0491
0.08688	83	1.08564e+06	1.021e+06	43632.1	76.0162	95.0026
0.08712	102	1.07422e+06	842957	43679.8	76.4111	94.9532
0.08736	104	1.08688e+06	887980	43727.6	76.8058	94.901
0.0876	114	1.113e+06	1.08081e+06	43514.4	75.0415	95.112
0.08784	143	1.10143e+06	930076	43196.9	72.4082	95.3199
0.08808	171	1.10453e+06	857686	42879.4	69.1425	95.6132
0.08832	195	1.13322e+06	977001	42516	65.4485	96.1668
0.08856	225	1.16607e+06	1.13057e+06	41877	59.3023	97.688
0.0888	233	1.1684e+06	891537	41238	53.851	100.304
0.08904	270	1.20307e+06	929597	40599.1	49.5567	104.756
0.08928	285	1.25878e+06	1.15578e+06	39915.8	45.5646	110.847
0.08952	295	1.26243e+06	1.09657e+06	39199.4	42.059	118.753
0.08976	325	1.26807e+06	964211	38482.9	38.703	127.59
0.09	409	1.2959e+06	1.09892e+06	37766.5	35.3529	137.37
0.09024	438	1.34908e+06	1.37774e+06	37532.9	34.1879	140.622
0.09048	424	1.31402e+06	1.0737e+06	37299.4	32.9848	143.814
0.09072	463	1.31894e+06	1.11617e+06	37065.9	31.7505	146.938
0.09096	507	1.35558e+06	1.36517e+06	37134.2	32.1141	146.032
0.0912	538	1.35099e+06	1.37193e+06	37604.8	34.5505	139.628
0.09144	557	1.3334e+06	1.19004e+06	38075.4	36.8151	133.035
0.09168	599	1.3381e+06	1.28266e+06	38546	38.9967	126.776
0.09192	623	1.38197e+06	1.5211e+06	39212.5	42.1209	118.599
0.09216	634	1.3543e+06	1.29513e+06	39911.8	45.5425	110.888
0.0924	755	1.35473e+06	1.23184e+06	40611	49.6315	104.662
0.09264	770	1.37984e+06	1.35859e+06	41219.7	53.719	100.416
0.09288	835	1.40749e+06	1.50469e+06	41601.9	56.7907	98.5647
0.09312	854	1.38967e+06	1.22196e+06	41984.2	60.3023	97.3833
0.09336	956	1.40264e+06	1.25137e+06	42366.4	63.9702	96.4596
0.0936	1002	1.44832e+06	1.53558e+06	42475.1	65.0422	96.243
0.09384	1086	1.43568e+06	1.33824e+06	42474.4	65.0351	96.2444
0.09408	1105	1.44068e+06	1.21608e+06	42473.7	65.0281	96.2457
0.09432	1209	1.46514e+06	1.35964e+06	42460.2	64.8945	96.2715
0.09456	1332	1.51118e+06	1.64313e+06	42370.1	64.0068	96.4519
0.0948	1383	1.48782e+06	1.27211e+06	42280.1	63.128	96.6461
0.09504	1435	1.49885e+06	1.30771e+06	42190	62.258	96.8543
0.09528	1666	1.5458e+06	1.63408e+06	42158.4	61.9544	96.9308
0.09552	1709	1.54624e+06	1.53532e+06	42170.5	62.0711	96.9012
0.09576	1746	1.54698e+06	1.33418e+06	42182.7	62.188	96.8718
0.096	1905	1.56975e+06	1.49356e+06	42194.9	62.305	96.8427
0.09624	2033	1.63683e+06	1.77152e+06	42247	62.8076	96.7209
0.09648	2065	1.60745e+06	1.46947e+06	42299.1	63.3131	96.6039
0.09672	2165	1.62588e+06	1.44279e+06	42351.2	63.8216	96.4915
0.09696	2293	1.6753e+06	1.6929e+06	42398.9	64.2893	96.3928
0.0972	2433	1.69204e+06	1.72378e+06	42440.6	64.7008	96.3095
0.09744	2492	1.69079e+06	1.5228e+06	42482.4	65.1143	96.2293
0.09768	2746	1.71373e+06	1.61194e+06	42524.1	65.5296	96.152
0.09792	2833	1.78306e+06	1.911e+06	42551.3	65.8011	96.1032
0.09816	2964	1.75726e+06	1.63543e+06	42576	66.049	96.06
0.0984	3154	1.77552e+06	1.59796e+06	42600.8	66.2975	96.0177
0.09864	3189	1.82683e+06	1.76463e+06	42647.4	66.7678	95.9409
0.09888	3336	1.85783e+06	2.00346e+06	42748.8	67.798	95.7866
0.09912	3593	1.84485e+06	1.63987e+06	42850.1	68.8396	95.6495
0.09936	3646	1.88553e+06	1.74492e+06	42951.5	69.8925	95.5297
0.0996	3970	1.96452e+06	2.18267e+06	43072.2	71.1611	95.4092
0.09984	4090	1.9547e+06	1.90433e+06	43200.6	72.4391	95.3182
0.10008	4200	1.96865e+06	1.72732e+06	43329.1	73.5047	95.2489
0.10032	4420	2.02976e+06	2.00476e+06	43434.8	74.3812	95.1762
0.10056	4693	2.11105e+06	2.23738e+06	43403.9	74.1255	95.1988
0.1008	4773	2.08326e+06	1.91787e+06	43373.1	73.8697	95.2203
0.10104	4890	2.11568e+06	1.9585e+06	43342.2	73.6139	95.2406
0.10128	5233	2.21114e+06	2.24348e+06	43159.6	72.09	95.3371
0.10152	5469	2.21827e+06	2.22643e+06	42863.1	68.9738	95.6332
0.10176	5587	2.22547e+06	1.9967e+06	42566.6	65.9547	96.0763
0.102	5831	2.29921e+06	2.13002e+06	42270.2	63.0317	96.6684
0.10224	5792	2.4268e+06	2.78347e+06	41487.5	55.7695	98.9698
0.10248	6120	2.37978e+06	2.07536e+06	40704.8	50.2274	103.941
0.10272	6022	2.43973e+06	2.05312e+06	39922.1	45.5986	110.784
0.10296	6122	2.56418e+06	2.50872e+06	39174.7	41.9431	119.042
0.1032	6278	2.5887e+06	2.53308e+06	38474.5	38.6637	127.7
0.10344	6287	2.57732e+06	2.27979e+06	37774.2	35.3908	137.261
0.10368	6309	2.6178e+06	2.55466e+06	37073.9	31.7934	146.831
0.10392	6261	2.74866e+06	3.03858e+06	36854.5	30.612	149.7
0.10416	6077	2.72212e+06	2.6366e+06	36715.3	29.8535	151.484
0.1044	6185	2.76089e+06	2.47392e+06	36576	29.0897	153.237
0.10464	5894	2.87221e+06	2.88659e+06	36441.1	28.346	154.904
0.10488	6009	2.95013e+06	3.36821e+06	36316.9	27.6596	156.411
0.10512	5897	2.91707e+06	2.65835e+06	36192.8	26.9325	157.702
0.10536	5678	2.97356e+06	2.79649e+06	36068.6	26.1025	158.444
0.1056	5616	3.09891e+06	3.16915e+06	36128.6	26.5009	158.084
0.10584	5590	3.04723e+06	2.94761e+06	36262.2	27.3566	157.066
0.10608	5371	3.04387e+06	2.81392e+06	36395.8	28.0959	155.457
0.10632	5430	3.12283e+06	3.11437e+06	36579.1	29.1064	153.199
0.10656	5291	3.23916e+06	4.01452e+06	37060.1	31.7196	147.014
0.1068	5311	3.17033e+06	2.99548e+06	37541.1	34.2295	140.509
0.10704	5433	3.18661e+06	3.06641e+06	38022.2	36.5704	133.769
0.10728	5255	3.29384e+06	3.47678e+06	38337.7	38.028	129.494
0.10752	5369	3.24336e+06	3.3167e+06	38529.1	38.9181	126.993
0.10776	5317	3.18908e+06	2.87901e+06	38720.5	39.8117	124.56
0.108	5356	3.22464e+06	3.10459e+06	38911.9	40.7083	122.192
0.10824	5332	3.39017e+06	4.08459e+06	38611.1	39.3006	125.942
0.10848	5220	3.25804e+06	3.02794e+06	38310.3	37.9012	129.857
0.10872	5353	3.26906e+06	3.03781e+06	38009.6	36.5125	133.944
0.10896	5333	3.35068e+06	3.30812e+06	37680.8	34.9306	138.569
0.1092	5279	3.32702e+06	3.55694e+06	37314.7	33.0647	143.607
0.10944	5074	3.23853e+06	2.95895e+06	36948.6	31.1209	148.479
0.10968	5203	3.26118e+06	3.27619e+06	36582.5	29.1253	153.156
0.10992	4983	3.39495e+06	3.78219e+06	36420.5	28.2324	155.156
0.11016	4988	3.25805e+06	3.20178e+06	36292.6	27.5247	156.703
0.1104	4774	3.23338e+06	3.00145e+06	36164.6	26.7425	157.87
0.11064	4586	3.30131e+06	3.21778e+06	36037.1	25.8952	158.633
0.11088	4684	3.32473e+06	3.99845e+06	35910.8	25.0762	159.398
0.11112	4464	3.183e+06	3.03827e+06	35784.5	24.2775	160.174
0.11136	4361	3.16203e+06	3.08196e+06	35658.2	23.4986	160.958
0.1116	4406	3.26482e+06	3.40396e+06	35583.1	23.045	161.429
0.11184	4242	3.12802e+06	3.1733e+06	35528.5	22.7196	161.774
0.11208	4115	3.03349e+06	2.83508e+06	35473.9	22.3978	162.12
0.11232	4054	3.04478e+06	3.08967e+06	35407.2	22.0095	162.546
0.11256	3841	3.10456e+06	3.81248e+06	35267.9	21.2152	163.444
0.1128	3849	2.93164e+06	2.85448e+06	35128.5	20.4438	164.355
0.11304	3659	2.91336e+06	2.82208e+06	34989.2	19.6949	165.277
0.11328	3494	2.97578e+06	3.09586e+06	34770.7	18.5647	166.749
0.11352	3416	2.85961e+06	2.98236e+06	34492.9	17.2032	168.667
0.11376	3398	2.73118e+06	2.65146e+06	34215	16.1647	172.599
0.114	3263	2.72383e+06	2.75522e+06	33937.2	15.2	176.923
0.11424	3000	2.81607e+06	3.27734e+06	33896.7	15.0648	177.586
0.11448	2936	2.62609e+06	2.67813e+06	33856.1	14.931	178.257
0.11472	2839	2.56544e+06	2.5598e+06	33815.6	14.7986	178.937
0.11496	2722	2.59936e+06	2.8768e+06	33826.4	14.8339	178.754
0.1152	2646	2.54696e+06	2.94561e+06	33905.8	15.0951	177.436
0.11544	2697	2.43614e+06	2.48604e+06	33985.1	15.3616	176.149
0.11568	2531	2.44667e+06	2.53157e+06	34064.5	15.6335	174.895
0.11592	2316	2.5335e+06	2.98473e+06	34069.9	15.6521	174.811
0.11616	2231	2.38295e+06	2.54412e+06	34062.9	15.6281	174.919
0.1164	2246	2.34549e+06	2.30839e+06	34056	15.6041	175.027
0.11664	2200	2.40885e+06	2.6314e+06	34100	15.7571	174.342
0.11688	2188	2.37696e+06	2.92439e+06	34271.6	16.3696	171.766
0.11712	2023	2.15806e+06	2.3355e+06	34443.1	17.0095	169.328
0.11736	1940	2.07878e+06	2.32007e+06	34614.7	17.7897	167.82
0.1176	1830	2.10419e+06	2.79816e+06	34555.3	17.502	168.231
0.11784	1808	1.91253e+06	2.29478e+06	34403.6	16.8597	169.877
0.11808	1754	1.82803e+06	1.96647e+06	34251.9	16.2981	172.053
0.11832	1753	1.90013e+06	2.14317e+06	34305.8	16.495	171.268
0.11856	1693	2.0445e+06	2.65369e+06	35592.9	23.1039	161.367
0.1188	1696	2.22181e+06	2.16568e+06	36880	30.7499	149.371
0.11904	1678	2.48804e+06	2.47012e+06	38167.1	37.2381	131.782
0.11928	1617	2.71258e+06	3.12201e+06	45358.9	91.1395	90.4535
0.11952	1609	2.79933e+06	3.25654e+06	56979.2	210.37	49.0452
0.11976	0	2.72376e+06	1.91446e+06	68599.6	362.274	34.5128
