0	0	0	0	56000.2	198.739	51.1095
0.00024	0	0	0	56000.3	198.739	51.1095
0.00048	0	0	0	56000.3	198.739	51.1095
0.00072	0	0	0	56000.3	198.739	51.1094
0.00096	0	0	0	56000.3	198.74	51.1094
0.0012	0	0	0	56000.3	198.74	51.1094
0.00144	0	0	0	56000.3	198.74	51.1094
0.00168	0	0	0	56000.3	198.74	51.1094
0.00192	0	0	0	56000.3	198.74	51.1094
0.00216	0	0	0	56000.3	198.74	51.1094
0.0024	0	0	0	56000.3	198.74	51.1094
0.00264	0	0	0	56000.3	198.74	51.1093
0.00288	0	0	0	56000.3	198.74	51.1093
0.00312	0	0	0	56000.3	198.74	51.1093
0.00336	0	0	0	56000.3	198.74	51.1093
0.0036	0	0	0	56000.3	198.74	51.1093
0.00384	0	0	0	56000.4	198.74	51.1093
0.00408	0	0	0	56000.4	198.741	51.1092
0.00432	0	0	0	56000.4	198.741	51.1092
0.00456	0	0	0	56000.4	198.741	51.1092
0.0048	0	0	0	56000.4	198.741	51.1092
0.00504	0	0	0	56000.4	198.741	51.1092
0.00528	0	0	0	56000.4	198.741	51.1091
0.00552	0	0	0	56000.4	198.741	51.1091
0.00576	0	0	0	56000.4	198.741	51.1091
0.006	0	0	0	56000.4	198.741	51.1091
0.00624	0	0	0	56000.5	198.742	51.109
0.00648	0	0	0	56000.5	198.742	51.109
0.00672	0	0	0	56000.5	198.742	51.109
0.00696	0	0	0	56000.5	198.742	51.1089
0.0072	0	0	0	56000.5	198.742	51.1089
0.00744	0	0	0	56000.5	198.742	51.1089
0.00768	0	0	0	56000.5	198.743	51.1088
0.00792	0	0	0	56000.6	198.743	51.1088
0.00816	0	0	0	56000.6	198.743	51.1088
0.0084	0	0	0	56000.6	198.743	51.1087
0.00864	0	0	0	56000.6	198.743	51.1087
0.00888	0	0	0	56000.6	198.744	51.1086
0.00912	0	0	0	56000.7	198.744	51.1086
0.00936	0	0	0	56000.7	198.744	51.1085
0.0096	0	0	0	56000.7	198.744	51.1085
0.00984	0	1	0	56000.7	198.745	51.1085
0.01008	0	0	0	56000.7	198.745	51.1084
0.01032	0	0	0	56000.7	198.745	51.1084
0.01056	0	0	0	56000.8	198.745	51.1083
0.0108	0	0	0	56000.8	198.745	51.1083
0.01104	0	1	0	56000.8	198.746	51.1083
0.01128	0	0	0	56000.8	198.746	51.1082
0.01152	0	2	0	56000.8	198.746	51.1082
0.01176	0	0	0	56000.8	198.746	51.1082
0.012	0	0	0	56000.9	198.746	51.1081
0.01224	0	0	0	56000.9	198.747	51.108
0.01248	0	0	0	56000.9	198.747	51.108
0.01272	0	3	0	56001	198.748	51.1079
0.01296	0	0	2	56001	198.748	51.1078
0.0132	0	0	0	56001	198.748	51.1077
0.01344	0	0	0	56001.1	198.749	51.1076
0.01368	0	1	1	56001.1	198.75	51.1075
0.01392	0	1	0	56001.2	198.75	51.1074
0.01416	0	0	0	56001.2	198.751	51.1073
0.0144	0	0	0	56001.3	198.751	51.1072
0.01464	0	0	0	56001.3	198.752	51.1071
0.01488	0	3	0	56001.4	198.752	51.107
0.01512	0	2	0	56001.4	198.753	51.1069
0.01536	0	1	0	56001.4	198.753	51.1068
0.0156	0	0	1	56001.5	198.754	51.1067
0.01584	0	0	0	56001.5	198.754	51.1066
0.01608	0	1	0	56001.6	198.755	51.1065
0.01632	0	1	1	56001.7	198.756	51.1064
0.01656	0	5	1	56001.7	198.756	51.1062
0.0168	0	1	0	56001.8	198.757	51.1061
0.01704	0	3	0	56001.8	198.758	51.1059
0.01728	0	0	1	56001.9	198.759	51.1058
0.01752	0	0	1	56002	198.759	51.1057
0.01776	0	5	2	56002	198.76	51.1055
0.018	0	4	1	56002.1	198.761	51.1054
0.01824	0	3	0	56002.2	198.761	51.1052
0.01848	0	4	0	56002.2	198.762	51.1051
0.01872	0	1	3	56002.3	198.763	51.1049
0.01896	0	8	1	56002.4	198.764	51.1047
0.0192	0	4	2	56002.5	198.765	51.1045
0.01944	0	3	1	56002.6	198.767	51.1042
0.01968	0	2	2	56002.7	198.768	51.104
0.01992	0	4	3	56002.9	198.77	51.1036
0.02016	0	4	1	56003	198.772	51.1033
0.0204	0	3	4	56003.2	198.773	51.103
0.02064	0	3	0	56003.3	198.775	51.1027
0.02088	0	4	0	56003.5	198.776	51.1024
0.02112	0	6	0	56003.6	198.778	51.1021
0.02136	0	7	0	56003.7	198.779	51.1018
0.0216	0	7	2	56003.8	198.781	51.1015
0.02184	0	6	0	56004	198.782	51.1012
0.02208	0	8	0	56004.1	198.784	51.1009
0.02232	0	9	4	56004.3	198.786	51.1006
0.02256	0	7	2	56004.5	198.788	51.1001
0.0228	0	6	3	56004.7	198.791	51.0996
0.02304	0	7	1	56004.9	198.793	51.0992
0.02328	0	8	1	56005.1	198.796	51.0987
0.02352	0	5	7	56005.4	198.799	51.0981
0.02376	0	19	2	56005.6	198.802	51.0975
0.024	0	13	3	56005.9	198.805	51.097
0.02424	0	11	5	56006.2	198.808	51.0964
0.02448	0	13	3	56006.4	198.811	51.0958
0.02472	0	16	4	56006.7	198.814	51.0952
0.02496	0	17	2	56007	198.817	51.0946
0.0252	0	14	4	56007.3	198.821	51.0939
0.02544	0	15	6	56007.6	198.825	51.0932
0.02568	0	13	0	56007.9	198.828	51.0925
0.02592	0	17	4	56008.2	198.832	51.0918
0.02616	0	24	3	56008.5	198.835	51.0912
0.0264	0	24	4	56008.8	198.839	51.0905
0.02664	0	25	3	56009.1	198.842	51.0899
0.02688	0	27	4	56009.4	198.845	51.0892
0.02712	0	35	4	56009.7	198.849	51.0886
0.02736	0	30	5	56010	198.852	51.0879
0.0276	0	26	5	56010.4	198.857	51.0871
0.02784	0	33	4	56010.8	198.861	51.0861
0.02808	0	36	4	56011.2	198.866	51.0852
0.02832	0	27	8	56011.6	198.871	51.0843
0.02856	0	37	9	56012	198.876	51.0834
0.0288	0	44	5	56012.4	198.881	51.0824
0.02904	0	52	9	56012.9	198.886	51.0815
0.02928	0	51	3	56013.2	198.89	51.0808
0.02952	0	42	6	56013.4	198.892	51.0802
0.02976	0	54	9	56013.7	198.895	51.0797
0.03	0	69	5	56013.9	198.898	51.0791
0.03024	0	77	8	56014.1	198.9	51.0788
0.03048	0	65	9	56014.3	198.902	51.0784
0.03072	0	74	9	56014.4	198.904	51.078
0.03096	0	80	12	56014.5	198.905	51.0778
0.0312	0	75	11	56014.5	198.905	51.0778
0.03144	0	71	5	56014.5	198.905	51.0778
0.03168	1	102	7	56014.5	198.905	51.0778
0.03192	0	88	7	56014	198.899	51.079
0.03216	0	98	8	56013.4	198.892	51.0804
0.0324	0	119	11	56012.7	198.884	51.0818
0.03264	0	131	8	56011.8	198.874	51.0838
0.03288	0	139	7	56010.2	198.854	51.0875
0.03312	5	145	7	56008.5	198.835	51.0912
0.03336	3	157	6	56006.8	198.816	51.0949
0.0336	8	151	11	56004.3	198.786	51.1005
0.03384	12	189	9	56001.4	198.752	51.107
0.03408	15	199	10	55998.4	198.718	51.1135
0.03432	13	245	6	55995.4	198.683	51.1202
0.03456	25	218	5	55991.8	198.641	51.1282
0.0348	36	212	8	55988.2	198.599	51.1363
0.03504	48	220	6	55984.6	198.557	51.1443
0.03528	57	243	5	55980.8	198.514	51.1526
0.03552	84	244	8	55977	198.469	51.1612
0.03576	82	302	3	55973.1	198.424	51.1698
0.036	116	291	6	55969.2	198.38	51.1784
0.03624	123	299	5	55965.6	198.337	51.1865
0.03648	128	336	4	55961.9	198.295	51.1947
0.03672	193	347	9	55958.3	198.252	51.2028
0.03696	218	357	3	55955.1	198.216	51.2099
0.0372	231	360	6	55952.6	198.186	51.2155
0.03744	288	358	1	55950.1	198.157	51.2211
0.03768	280	373	1	55947.5	198.128	51.2267
0.03792	328	366	3	55946.1	198.111	51.23
0.03816	338	403	1	55944.8	198.096	51.233
0.0384	341	412	1	55943.5	198.081	51.2359
0.03864	404	405	4	55942.5	198.07	51.238
0.03888	411	362	2	55942.4	198.069	51.2382
0.03912	400	412	3	55942.4	198.068	51.2383
0.03936	429	469	1	55942.3	198.067	51.2385
0.0396	503	382	5	55943.7	198.083	51.2353
0.03984	472	400	1	55945.7	198.106	51.2309
0.04008	471	359	3	55947.7	198.129	51.2265
0.04032	466	397	7	55950	198.156	51.2213
0.04056	520	346	1	55954.5	198.208	51.2113
0.0408	567	334	0	55958.9	198.26	51.2014
0.04104	580	332	2	55963.4	198.311	51.1915
0.04128	533	280	6	55968.3	198.368	51.1806
0.04152	515	274	3	55973.5	198.429	51.169
0.04176	489	288	5	55978.7	198.489	51.1573
0.042	442	243	2	55983.9	198.55	51.1457
0.04224	452	228	3	55988.2	198.6	51.1362
0.04248	438	221	1	55992.5	198.65	51.1266
0.04272	429	207	8	55996.8	198.7	51.1171
0.04296	366	138	9	56000.6	198.743	51.1087
0.0432	366	162	7	56003.7	198.779	51.1018
0.04344	276	152	6	56006.8	198.815	51.095
0.04368	295	149	1	56009.9	198.851	51.0881
0.04392	332	166	3	56012.3	198.879	51.0827
0.04416	285	121	3	56014.6	198.906	51.0776
0.0444	283	107	2	56016.9	198.933	51.0725
0.04464	285	104	2	56019	198.957	51.0679
0.04488	221	89	4	56020.5	198.974	51.0646
0.04512	220	72	2	56022	198.992	51.0613
0.04536	177	60	0	56023.5	199.009	51.058
0.0456	149	50	3	56024.1	199.017	51.0566
0.04584	133	40	0	56024.4	199.02	51.0559
0.04608	117	34	5	56024.7	199.023	51.0553
0.04632	80	26	2	56024.9	199.025	51.055
0.04656	82	12	3	56024.2	199.017	51.0565
0.0468	57	10	4	56023.5	199.009	51.058
0.04704	56	15	1	56022.8	199.001	51.0595
0.04728	35	15	3	56021.8	198.99	51.0616
0.04752	26	14	0	56020.7	198.977	51.0642
0.04776	28	9	1	56019.5	198.963	51.0667
0.048	20	8	0	56018.4	198.95	51.0693
0.04824	23	9	0	56017.3	198.937	51.0717
0.04848	19	7	1	56016.2	198.925	51.0741
0.04872	23	2	2	56015.1	198.912	51.0764
0.04896	4	3	1	56014.2	198.901	51.0786
0.0492	8	1	0	56013.3	198.891	51.0806
0.04944	3	2	0	56012.4	198.88	51.0825
0.04968	6	0	0	56011.5	198.87	51.0845
0.04992	9	0	0	56010.8	198.862	51.0861
0.05016	2	1	0	56010.1	198.854	51.0877
0.0504	2	0	0	56009.4	198.845	51.0892
0.05064	0	0	0	56008.7	198.838	51.0907
0.05088	0	0	0	56008.2	198.831	51.0919
0.05112	0	0	0	56007.6	198.825	51.0931
0.05136	0	0	0	56007.1	198.819	51.0943
0.0516	0	0	0	56006.6	198.813	51.0953
0.05184	0	0	0	56006.2	198.809	51.0962
0.05208	0	0	0	56005.8	198.804	51.0972
0.05232	0	0	0	56005.4	198.799	51.098
0.05256	0	0	0	56005.1	198.796	51.0987
0.0528	0	0	0	56004.8	198.792	51.0993
0.05304	0	0	0	56004.5	198.789	51.1
0.05328	0	0	0	56004.3	198.786	51.1005
0.05352	0	0	0	56004.1	198.784	51.101
0.05376	0	0	0	56003.9	198.781	51.1015
0.054	0	0	0	56003.6	198.779	51.102
0.05424	0	0	0	56003.5	198.777	51.1023
0.05448	0	0	0	56003.3	198.775	51.1027
0.05472	0	0	0	56003.2	198.773	51.103
0.05496	0	0	0	56003	198.771	51.1034
0.0552	0	0	0	56002.9	198.77	51.1036
0.05544	0	0	0	56002.8	198.769	51.1039
0.05568	0	0	0	56002.6	198.767	51.1042
0.05592	0	0	0	56002.5	198.766	51.1044
0.05616	0	0	0	56002.5	198.765	51.1046
0.0564	0	0	0	56002.4	198.764	51.1048
0.05664	0	0	0	56002.3	198.763	51.105
0.05688	0	0	0	56002.2	198.762	51.1052
0.05712	0	0	0	56002.1	198.761	51.1053
0.05736	0	0	0	56002	198.76	51.1055
0.0576	0	0	0	56002	198.759	51.1056
0.05784	0	0	0	56001.9	198.759	51.1058
0.05808	0	0	0	56001.9	198.758	51.1059
0.05832	0	0	0	56001.8	198.757	51.106
0.05856	0	0	0	56001.8	198.757	51.1061
0.0588	0	0	0	56001.7	198.756	51.1062
0.05904	0	0	0	56001.7	198.756	51.1063
0.05928	0	0	0	56001.6	198.755	51.1064
0.05952	0	0	0	56001.6	198.755	51.1065
0.05976	0	0	0	56001.6	198.754	51.1066
0.06	0	0	0	56001.5	198.754	51.1067
0.06024	0	0	0	56001.5	198.754	51.1067
0.06048	0	0	0	56001.5	198.753	51.1068
0.06072	0	0	0	56001.4	198.753	51.1069
0.06096	0	0	0	56001.4	198.753	51.1069
0.0612	0	0	0	56001.4	198.753	51.107
0.06144	0	0	0	56001.4	198.752	51.107
0.06168	0	0	0	56001.3	198.752	51.107
0.06192	0	0	0	56001.3	198.752	51.1071
0.06216	0	0	0	56001.3	198.752	51.1071
0.0624	0	0	0	56001.3	198.751	51.1072
0.06264	0	0	0	56001.3	198.751	51.1072
0.06288	0	0	0	56001.3	198.751	51.1072
0.06312	0	0	0	56001.3	198.751	51.1072
0.06336	0	0	0	56001.3	198.751	51.1072
0.0636	0	0	0	56001.2	198.751	51.1073
0.06384	0	0	0	56001.2	198.751	51.1073
0.06408	0	0	0	56001.2	198.751	51.1073
0.06432	0	0	0	56001.2	198.751	51.1073
0.06456	0	0	0	56001.2	198.751	51.1073
0.0648	0	0	0	56001.2	198.751	51.1073
0.06504	0	0	0	56001.2	198.751	51.1073
0.06528	0	0	0	56001.2	198.751	51.1073
0.06552	0	0	0	56001.3	198.751	51.1073
0.06576	0	0	0	56001.3	198.751	51.1072
0.066	0	0	0	56001.3	198.751	51.1072
0.06624	0	0	0	56001.3	198.751	51.1072
0.06648	0	0	0	56001.3	198.751	51.1072
0.06672	0	0	0	56001.3	198.752	51.1071
0.06696	0	0	0	56001.3	198.752	51.1071
0.0672	0	0	0	56001.3	198.752	51.1071
0.06744	0	0	0	56001.4	198.752	51.107
0.06768	0	0	0	56001.4	198.752	51.107
0.06792	0	0	0	56001.4	198.753	51.1069
0.06816	0	0	0	56001.4	198.753	51.1069
0.0684	0	0	0	56001.5	198.753	51.1068
0.06864	0	0	0	56001.5	198.754	51.1067
0.06888	0	0	0	56001.5	198.754	51.1067
0.06912	0	0	0	56001.5	198.754	51.1066
0.06936	0	3	0	56001.6	198.754	51.1066
0.0696	0	0	0	56001.6	198.755	51.1065
0.06984	0	0	0	56001.6	198.755	51.1064
0.07008	0	0	0	56001.7	198.756	51.1063
0.07032	0	0	0	56001.7	198.756	51.1062
0.07056	0	0	0	56001.8	198.757	51.1061
0.0708	0	0	0	56001.8	198.758	51.1059
0.07104	0	0	0	56001.9	198.759	51.1058
0.07128	0	0	0	56002	198.759	51.1056
0.07152	0	0	0	56002.1	198.76	51.1055
0.07176	0	0	0	56002.1	198.761	51.1053
0.072	0	1	0	56002.2	198.762	51.1051
0.07224	0	1	0	56002.3	198.763	51.105
0.07248	0	1	0	56002.3	198.763	51.1049
0.07272	0	2	1	56002.4	198.764	51.1047
0.07296	0	3	0	56002.5	198.765	51.1046
0.0732	0	1	0	56002.5	198.766	51.1044
0.07344	0	2	0	56002.6	198.766	51.1043
0.07368	0	4	0	56002.7	198.767	51.1041
0.07392	0	2	0	56002.8	198.768	51.1039
0.07416	0	4	0	56002.9	198.77	51.1037
0.0744	0	0	1	56003	198.771	51.1035
0.07464	0	1	0	56003.1	198.772	51.1032
0.07488	0	2	1	56003.2	198.774	51.1029
0.07512	0	4	1	56003.4	198.776	51.1025
0.07536	0	1	0	56003.5	198.777	51.1022
0.0756	0	3	1	56003.7	198.779	51.1019
0.07584	0	4	0	56003.8	198.781	51.1016
0.07608	0	7	2	56003.9	198.782	51.1013
0.07632	0	10	0	56004.1	198.784	51.101
0.07656	0	1	0	56004.2	198.786	51.1006
0.0768	0	7	1	56004.4	198.787	51.1003
0.07704	0	4	1	56004.5	198.789	51.1
0.07728	0	3	1	56004.7	198.791	51.0996
0.07752	0	7	0	56004.9	198.793	51.0993
0.07776	0	14	1	56005	198.795	51.0989
0.078	0	6	1	56005.2	198.796	51.0986
0.07824	0	10	3	56005.3	198.798	51.0982
0.07848	0	17	1	56005.5	198.8	51.0978
0.07872	0	13	2	56005.7	198.802	51.0974
0.07896	0	14	2	56005.9	198.805	51.0969
0.0792	0	10	3	56006.2	198.808	51.0963
0.07944	0	14	3	56006.5	198.812	51.0956
0.07968	0	13	6	56006.8	198.816	51.0949
0.07992	0	8	7	56007.2	198.82	51.094
0.08016	0	13	1	56007.6	198.825	51.0932
0.0804	0	11	4	56008	198.829	51.0923
0.08064	0	23	4	56008.4	198.834	51.0914
0.08088	0	25	3	56008.8	198.838	51.0906
0.08112	0	23	6	56009.1	198.843	51.0898
0.08136	0	18	5	56009.5	198.847	51.0889
0.0816	0	32	3	56009.9	198.851	51.0882
0.08184	0	22	5	56010.2	198.855	51.0874
0.08208	0	34	6	56010.5	198.859	51.0867
0.08232	0	30	3	56010.8	198.862	51.086
0.08256	0	35	6	56011.1	198.865	51.0854
0.0828	0	29	6	56011.3	198.868	51.0849
0.08304	0	46	6	56011.6	198.871	51.0843
0.08328	0	52	6	56011.8	198.874	51.0838
0.08352	0	57	7	56012	198.876	51.0834
0.08376	0	50	7	56012.2	198.878	51.083
0.084	0	56	6	56012.4	198.88	51.0826
0.08424	0	39	6	56012.5	198.882	51.0822
0.08448	0	52	5	56012.7	198.884	51.0819
0.08472	1	52	10	56012.8	198.885	51.0816
0.08496	0	90	8	56012.9	198.886	51.0815
0.0852	1	72	6	56012.8	198.885	51.0817
0.08544	0	83	11	56012.7	198.884	51.0819
0.08568	0	84	10	56012.6	198.883	51.0821
0.08592	1	88	8	56012.1	198.877	51.0832
0.08616	3	83	16	56011.6	198.871	51.0844
0.0864	1	99	9	56011	198.865	51.0856
0.08664	0	115	11	56010.3	198.856	51.0872
0.08688	2	133	9	56009	198.841	51.09
0.08712	2	123	10	56007.8	198.827	51.0927
0.08736	3	119	8	56006.5	198.812	51.0955
0.0876	4	141	8	56004.7	198.79	51.0997
0.08784	4	149	9	56002.5	198.765	51.1045
0.08808	14	159	4	56000.3	198.74	51.1093
0.08832	19	196	11	55998	198.714	51.1144
0.08856	26	163	5	55994.9	198.677	51.1213
0.0888	29	185	9	55991.8	198.641	51.1283
0.08904	40	205	6	55988.7	198.605	51.1352
0.08928	44	225	3	55985.1	198.564	51.1431
0.08952	60	276	5	55981.2	198.519	51.1517
0.08976	83	237	7	55977.4	198.474	51.1603
0.09	65	230	6	55973.5	198.429	51.1689
0.09024	102	249	7	55969.3	198.38	51.1782
0.09048	107	268	2	55965.1	198.332	51.1875
0.09072	133	325	4	55960.9	198.283	51.1969
0.09096	157	317	2	55957.2	198.239	51.2053
0.0912	164	289	6	55953.9	198.201	51.2126
0.09144	147	283	3	55950.6	198.164	51.2199
0.09168	232	336	2	55947.3	198.126	51.2272
0.09192	264	314	6	55946.1	198.111	51.23
0.09216	277	304	4	55945.2	198.1	51.232
0.0924	293	321	15	55944.2	198.09	51.2341
0.09264	371	333	4	55944	198.087	51.2346
0.09288	407	357	3	55945.5	198.104	51.2314
0.09312	389	367	0	55946.9	198.121	51.2281
0.09336	411	349	3	55948.4	198.138	51.2248
0.0936	401	321	3	55951.5	198.174	51.2178
0.09384	490	323	6	55955.3	198.218	51.2094
0.09408	466	320	2	55959.1	198.262	51.2009
0.09432	485	276	7	55963.1	198.309	51.192
0.09456	462	281	4	55968.6	198.372	51.1798
0.0948	507	233	3	55974.1	198.436	51.1676
0.09504	466	230	5	55979.6	198.499	51.1554
0.09528	434	230	7	55985	198.563	51.1432
0.09552	398	203	6	55990.5	198.626	51.1311
0.09576	371	165	5	55996	198.69	51.119
0.096	379	172	1	56001.4	198.753	51.1069
0.09624	378	145	3	56005.6	198.801	51.0976
0.09648	315	134	2	56009.8	198.85	51.0884
0.09672	288	134	6	56014	198.898	51.0791
0.09696	274	106	3	56017.4	198.939	51.0714
0.0972	266	106	8	56020	198.968	51.0658
0.09744	231	81	5	56022.5	198.998	51.0601
0.09768	209	74	6	56025.1	199.028	51.0545
0.09792	193	83	10	56026.1	199.039	51.0523
0.09816	136	64	4	56026.8	199.048	51.0506
0.0984	133	57	7	56027.6	199.057	51.049
0.09864	88	71	8	56027.9	199.061	51.0482
0.09888	95	69	3	56027.3	199.053	51.0496
0.09912	78	51	5	56026.6	199.046	51.051
0.09936	57	50	9	56026	199.038	51.0525
0.0996	63	43	6	56025.1	199.029	51.0543
0.09984	57	52	14	56024.2	199.018	51.0563
0.10008	52	50	5	56023.3	199.007	51.0584
0.10032	27	40	14	56022.4	198.997	51.0604
0.10056	38	42	6	56021.4	198.985	51.0626
0.1008	36	40	9	56020.4	198.974	51.0648
0.10104	26	52	6	56019.4	198.962	51.067
0.10128	15	43	7	56018.3	198.949	51.0694
0.10152	12	44	6	56017.2	198.936	51.0719
0.10176	19	57	5	56016	198.923	51.0745
0.102	5	50	3	56014.9	198.909	51.077
0.10224	23	50	12	56013.6	198.895	51.0798
0.10248	15	68	8	56012.4	198.88	51.0825
0.10272	13	58	11	56011.2	198.866	51.0853
0.10296	7	80	8	56009.9	198.851	51.0882
0.1032	5	54	10	56008.5	198.835	51.0912
0.10344	16	55	13	56007.1	198.819	51.0942
0.10368	11	72	10	56005.8	198.803	51.0973
0.10392	12	87	7	56004.3	198.787	51.1005
0.10416	5	91	8	56002.9	198.77	51.1037
0.1044	15	81	9	56001.4	198.753	51.1069
0.10464	20	74	13	55999.9	198.736	51.1102
0.10488	26	93	9	55998.5	198.718	51.1135
0.10512	28	82	12	55997	198.701	51.1168
0.10536	33	118	4	55995.5	198.684	51.1201
0.1056	52	110	5	55994	198.666	51.1234
0.10584	46	101	12	55992.5	198.649	51.1267
0.10608	63	115	10	55991	198.632	51.1301
0.10632	54	138	6	55989.5	198.615	51.1333
0.10656	62	101	6	55988.3	198.6	51.1361
0.1068	67	118	5	55987	198.586	51.1388
0.10704	101	136	10	55985.8	198.572	51.1415
0.10728	90	131	6	55984.9	198.561	51.1437
0.10752	113	130	6	55984.1	198.552	51.1453
0.10776	117	131	4	55983.4	198.543	51.147
0.108	118	131	2	55982.6	198.534	51.1487
0.10824	133	151	2	55982.7	198.535	51.1485
0.10848	98	117	9	55982.8	198.536	51.1483
0.10872	130	141	2	55982.8	198.537	51.1481
0.10896	154	115	2	55983.4	198.544	51.1469
0.1092	174	112	3	55984.5	198.557	51.1444
0.10944	157	121	10	55985.7	198.57	51.1419
0.10968	186	105	14	55986.8	198.583	51.1393
0.10992	172	112	4	55988.2	198.599	51.1363
0.11016	173	124	4	55989.6	198.615	51.1332
0.1104	178	109	9	55991	198.631	51.1301
0.11064	167	124	0	55992.3	198.647	51.1271
0.11088	165	115	0	55993.5	198.661	51.1244
0.11112	166	101	5	55994.8	198.676	51.1216
0.11136	149	95	5	55996	198.69	51.1189
0.1116	154	84	2	55997.3	198.705	51.116
0.11184	139	79	4	55998.6	198.721	51.113
0.11208	147	79	3	56000	198.736	51.1101
0.11232	151	83	1	56001.3	198.752	51.1071
0.11256	135	58	4	56002.6	198.766	51.1043
0.1128	118	52	2	56003.9	198.781	51.1015
0.11304	97	56	2	56005.1	198.796	51.0987
0.11328	134	60	4	56006.2	198.809	51.0962
0.11352	96	54	3	56007.2	198.82	51.0941
0.11376	105	36	6	56008.1	198.831	51.092
0.114	84	43	1	56009.1	198.842	51.0898
0.11424	76	44	3	56009.7	198.849	51.0886
0.11448	87	34	1	56010.2	198.855	51.0874
0.11472	65	20	4	56010.8	198.861	51.0862
0.11496	54	23	2	56011.1	198.865	51.0854
0.1152	54	21	5	56011.1	198.866	51.0853
0.11544	34	27	0	56011.2	198.866	51.0853
0.11568	30	19	2	56011.2	198.867	51.0852
0.11592	27	11	4	56010.8	198.861	51.0862
0.11616	22	18	1	56010.2	198.855	51.0873
0.1164	15	17	1	56009.7	198.849	51.0885
0.11664	8	14	2	56009.1	198.842	51.0899
0.11688	5	15	2	56008.1	198.83	51.0921
0.11712	3	18	5	56007.1	198.819	51.0942
0.11736	1	25	2	56006.2	198.808	51.0963
0.1176	0	24	3	56005.1	198.796	51.0987
0.11784	0	17	3	56004	198.783	51.1012
0.11808	0	25	8	56002.9	198.77	51.1036
0.11832	0	16	5	56001.8	198.757	51.106
0.11856	0	13	1	56000.9	198.747	51.108
0.1188	0	18	6	56000	198.737	51.11
0.11904	0	39	2	55999.1	198.726	51.112
0.11928	0	18	4	55998.9	198.724	51.1124
0.11952	0	35	9	55999.3	198.728	51.1117
0.11976	0	35	4	55999.6	198.732	51.1109
