0	0	0	0	56022.7	199	51.0598
0.00024	0	0	0	56022.9	199.003	51.0592
0.00048	0	0	0	56023.2	199.006	51.0586
0.00072	0	0	0	56023.5	199.009	51.058
0.00096	0	0	0	56023.8	199.012	51.0574
0.0012	0	0	0	56024	199.016	51.0568
0.00144	0	0	0	56024.3	199.019	51.0561
0.00168	0	0	0	56024.6	199.022	51.0555
0.00192	0	0	0	56024.9	199.026	51.0548
0.00216	0	0	0	56025.2	199.029	51.0541
0.0024	0	0	0	56025.5	199.033	51.0535
0.00264	0	0	0	56025.8	199.037	51.0528
0.00288	0	0	0	56026.2	199.04	51.0521
0.00312	0	0	0	56026.5	199.044	51.0513
0.00336	0	0	0	56026.8	199.048	51.0506
0.0036	0	0	0	56027.2	199.052	51.0499
0.00384	0	0	0	56027.5	199.056	51.0491
0.00408	0	0	0	56027.8	199.06	51.0483
0.00432	0	0	0	56028.2	199.064	51.0476
0.00456	0	0	0	56028.6	199.068	51.0467
0.0048	0	0	0	56028.9	199.073	51.0459
0.00504	0	0	0	56029.3	199.077	51.0451
0.00528	0	0	0	56029.7	199.081	51.0443
0.00552	0	0	0	56030.1	199.086	51.0434
0.00576	0	0	0	56030.5	199.091	51.0425
0.006	0	0	0	56030.9	199.095	51.0417
0.00624	0	0	0	56031.3	199.1	51.0407
0.00648	0	0	0	56031.7	199.105	51.0398
0.00672	0	0	0	56032.1	199.11	51.0389
0.00696	0	0	0	56032.6	199.115	51.0379
0.0072	0	0	0	56033	199.12	51.0369
0.00744	0	0	0	56033.5	199.125	51.0359
0.00768	0	0	0	56033.9	199.131	51.0349
0.00792	0	0	0	56034.4	199.136	51.0338
0.00816	0	0	0	56034.9	199.142	51.0328
0.0084	0	0	0	56035.4	199.147	51.0317
0.00864	0	0	0	56035.9	199.153	51.0306
0.00888	0	0	0	56036.4	199.159	51.0295
0.00912	0	0	0	56036.9	199.165	51.0283
0.00936	0	0	0	56037.4	199.171	51.0272
0.0096	0	0	0	56038	199.178	51.026
0.00984	0	1	0	56038.5	199.184	51.0247
0.01008	0	0	0	56039.1	199.191	51.0235
0.01032	0	0	0	56039.6	199.197	51.0223
0.01056	0	0	0	56040.2	199.204	51.021
0.0108	0	0	0	56040.8	199.211	51.0197
0.01104	0	1	0	56041.4	199.218	51.0183
0.01128	0	0	0	56042	199.225	51.017
0.01152	0	2	0	56042.7	199.232	51.0156
0.01176	0	0	0	56043.3	199.24	51.0141
0.012	0	0	0	56044	199.247	51.0127
0.01224	0	0	0	56044.7	199.255	51.0112
0.01248	0	0	0	56045.3	199.264	51.0097
0.01272	0	3	0	56046	199.272	51.0081
0.01296	0	0	2	56046.8	199.28	51.0065
0.0132	0	0	0	56047.5	199.289	51.0048
0.01344	0	0	0	56048.3	199.298	51.0032
0.01368	0	1	1	56049	199.307	51.0015
0.01392	0	1	0	56049.9	199.316	50.9997
0.01416	0	0	0	56050.7	199.325	50.9979
0.0144	0	0	0	56051.5	199.335	50.9961
0.01464	0	0	0	56052.3	199.345	50.9942
0.01488	0	3	0	56053.2	199.355	50.9923
0.01512	0	2	0	56054.1	199.365	50.9903
0.01536	0	1	0	56055	199.376	50.9884
0.0156	0	0	1	56055.9	199.387	50.9863
0.01584	0	0	0	56056.9	199.398	50.9842
0.01608	0	1	0	56057.8	199.409	50.9821
0.01632	0	1	1	56058.8	199.42	50.9799
0.01656	0	5	1	56059.9	199.433	50.9776
0.0168	0	1	0	56060.9	199.445	50.9753
0.01704	0	3	0	56062	199.457	50.973
0.01728	0	0	1	56063.1	199.47	50.9706
0.01752	0	0	1	56064.2	199.483	50.9681
0.01776	0	5	2	56065.3	199.496	50.9656
0.018	0	4	1	56066.5	199.51	50.963
0.01824	0	3	0	56067.7	199.524	50.9603
0.01848	0	4	0	56069	199.538	50.9576
0.01872	0	1	3	56070.2	199.553	50.9548
0.01896	0	8	1	56071.5	199.568	50.952
0.0192	0	4	2	56072.9	199.584	50.9489
0.01944	0	3	1	56074.3	199.6	50.9459
0.01968	0	2	2	56075.7	199.617	50.9428
0.01992	0	4	3	56077.2	199.634	50.9395
0.02016	0	4	1	56078.7	199.652	50.9361
0.0204	0	3	4	56080.2	199.67	50.9327
0.02064	0	3	0	56081.8	199.688	50.9293
0.02088	0	4	0	56083.5	199.708	50.9256
0.02112	0	6	0	56085.1	199.727	50.922
0.02136	0	7	0	56086.8	199.746	50.9183
0.0216	0	7	2	56088.6	199.767	50.9144
0.02184	0	6	0	56090.4	199.788	50.9104
0.02208	0	8	0	56092.2	199.81	50.9064
0.02232	0	9	4	56094.1	199.831	50.9023
0.02256	0	7	2	56096.1	199.855	50.8978
0.0228	0	6	3	56098.2	199.879	50.8932
0.02304	0	7	1	56100.3	199.903	50.8887
0.02328	0	8	1	56102.5	199.929	50.8839
0.02352	0	5	7	56104.7	199.956	50.8789
0.02376	0	19	2	56107	199.982	50.8739
0.024	0	13	3	56109.3	200.009	50.8688
0.02424	0	11	5	56111.9	200.039	50.8633
0.02448	0	13	3	56114.4	200.068	50.8577
0.02472	0	16	4	56117	200.098	50.8521
0.02496	0	17	2	56119.6	200.129	50.8463
0.0252	0	14	4	56122.5	200.163	50.84
0.02544	0	15	6	56125.3	200.196	50.8338
0.02568	0	13	0	56128.2	200.229	50.8276
0.02592	0	17	4	56131.3	200.265	50.8208
0.02616	0	24	3	56134.4	200.302	50.8139
0.0264	0	24	4	56137.6	200.339	50.807
0.02664	0	25	3	56140.8	200.377	50.7998
0.02688	0	27	4	56144.4	200.418	50.7921
0.02712	0	35	4	56147.9	200.46	50.7844
0.02736	0	30	5	56151.4	200.501	50.7767
0.0276	0	26	5	56155.3	200.547	50.7682
0.02784	0	33	4	56159.4	200.594	50.7593
0.02808	0	36	4	56163.4	200.641	50.7505
0.02832	0	27	8	56167.5	200.69	50.7415
0.02856	0	37	9	56172.1	200.743	50.7315
0.0288	0	44	5	56176.7	200.797	50.7215
0.02904	0	52	9	56181.3	200.851	50.7115
0.02928	0	51	3	56186.2	200.908	50.7008
0.02952	0	42	6	56191.4	200.968	50.6897
0.02976	0	54	9	56196.5	201.029	50.6785
0.03	0	69	5	56201.6	201.089	50.6673
0.03024	0	77	8	56207.5	201.158	50.6545
0.03048	0	65	9	56213.4	201.227	50.6417
0.03072	0	74	9	56219.3	201.296	50.6289
0.03096	0	80	12	56225.6	201.37	50.6152
0.0312	0	75	11	56232.5	201.451	50.6004
0.03144	0	71	5	56239.3	201.531	50.5856
0.03168	0	102	7	56246.2	201.612	50.5708
0.03192	0	88	7	56253.8	201.701	50.5542
0.03216	0	99	8	56261.6	201.793	50.5374
0.0324	0	119	11	56269.4	201.884	50.5206
0.03264	0	131	8	56277.5	201.979	50.5032
0.03288	0	139	7	56286.3	202.083	50.4843
0.03312	0	145	7	56295.1	202.186	50.4653
0.03336	0	160	6	56303.9	202.29	50.4464
0.0336	0	154	11	56313.5	202.403	50.4258
0.03384	0	193	9	56323.4	202.52	50.4044
0.03408	0	207	11	56333.4	202.638	50.3831
0.03432	0	250	7	56343.5	202.758	50.3613
0.03456	0	227	6	56355.1	202.894	50.3366
0.0348	0	229	10	56366.7	203.031	50.3119
0.03504	0	233	7	56378.2	203.167	50.2872
0.03528	0	279	6	56390.9	203.317	50.2603
0.03552	0	282	12	56404.3	203.475	50.2318
0.03576	0	335	4	56417.7	203.634	50.2033
0.036	0	349	10	56431.1	203.793	50.1748
0.03624	0	355	7	56446.4	203.974	50.1423
0.03648	0	401	6	56461.8	204.157	50.1098
0.03672	0	445	10	56477.1	204.339	50.0774
0.03696	0	469	6	56493.4	204.532	50.043
0.0372	0	485	11	56511	204.741	50.006
0.03744	0	519	1	56528.6	204.95	49.9691
0.03768	0	586	4	56546.1	205.16	49.9323
0.03792	0	614	5	56565.7	205.393	49.8913
0.03816	0	656	1	56585.7	205.63	49.8496
0.0384	0	759	2	56605.6	205.868	49.8081
0.03864	0	770	8	56626.2	206.115	49.7652
0.03888	0	801	4	56648.6	206.383	49.7187
0.03912	0	924	5	56671.1	206.652	49.6722
0.03936	0	1115	3	56693.5	206.92	49.6259
0.0396	0	999	7	56718.1	207.216	49.5752
0.03984	0	1139	2	56743.6	207.522	49.5227
0.04008	0	1156	13	56769.1	207.829	49.4704
0.04032	0	1438	13	56795.2	208.144	49.4171
0.04056	0	1322	3	56824.8	208.5	49.3568
0.0408	0	1439	4	56854.4	208.858	49.2967
0.04104	0	1604	8	56884	209.215	49.2368
0.04128	0	1683	8	56915.7	209.598	49.1729
0.04152	0	1915	5	56948.9	210.001	49.1061
0.04176	0	1918	8	56982	210.404	49.0396
0.042	0	2100	8	57015.2	210.808	48.9733
0.04224	0	2332	5	57051.7	211.259	48.9065
0.04248	0	2548	10	57088.3	211.728	48.8536
0.04272	0	2575	11	57124.8	212.197	48.8009
0.04296	0	2937	12	57162.6	212.684	48.7465
0.0432	0	3063	9	57202	213.192	48.6898
0.04344	0	3211	8	57241.5	213.701	48.6334
0.04368	0	3578	5	57281	214.21	48.5771
0.04392	0	3945	7	57322.3	214.744	48.5184
0.04416	0	4016	5	57364	215.283	48.4595
0.0444	0	4338	5	57405.6	215.822	48.4008
0.04464	1	4811	5	57447.3	216.363	48.3421
0.04488	0	4856	10	57489.4	216.909	48.2832
0.04512	0	5403	5	57531.4	217.455	48.2245
0.04536	2	6017	2	57573.5	218.002	48.1661
0.0456	3	6148	6	57612.5	218.51	48.1119
0.04584	2	6691	4	57650.4	219.004	48.0596
0.04608	4	7337	6	57688.3	219.498	48.0075
0.04632	7	7728	5	57724.8	219.974	47.9573
0.04656	12	8219	5	57753.2	220.346	47.9184
0.0468	22	8765	5	57781.6	220.717	47.8796
0.04704	35	9727	2	57810	221.089	47.8409
0.04728	52	10265	3	57826.5	221.305	47.8185
0.04752	69	10973	3	57834.1	221.404	47.8082
0.04776	97	11877	1	57841.7	221.503	47.798
0.048	123	12497	1	57849.2	221.602	47.7877
0.04824	156	13642	1	57826.4	221.303	47.8187
0.04848	232	14561	2	57803.5	221.004	47.8498
0.04872	300	15750	2	57780.7	220.705	47.8809
0.04896	404	16673	1	57740.7	220.182	47.9356
0.0492	515	17464	0	57677.8	219.36	48.0219
0.04944	716	18621	2	57614.8	218.54	48.1088
0.04968	894	19870	2	57551.9	217.721	48.196
0.04992	1132	21564	1	57445.7	216.342	48.3444
0.05016	1378	22674	2	57332.2	214.873	48.5044
0.0504	1732	23703	4	57218.8	213.408	48.6659
0.05064	2222	25676	4	57090.3	211.754	48.8507
0.05088	2682	26966	4	56923.9	209.699	49.1562
0.05112	3411	28422	0	56757.6	207.691	49.494
0.05136	3968	30123	2	56591.3	205.698	49.8378
0.0516	4733	31524	2	56387.2	203.274	50.268
0.05184	5567	32922	3	56168.1	200.696	50.7404
0.05208	6406	34896	0	55948.9	198.143	51.2238
0.05232	7296	36061	2	55723.8	195.55	51.7317
0.05256	8355	37761	3	55463.7	192.587	52.3338
0.0528	9442	39061	4	55203.6	189.669	52.9222
0.05304	10763	40332	2	54943.5	186.774	53.466
0.05328	11634	42703	1	54668.5	183.713	54.0357
0.05352	13214	43744	0	54382.2	180.53	54.6226
0.05376	14704	44924	4	54096	177.35	55.203
0.054	16513	46475	1	53809.7	174.175	55.7766
0.05424	18419	47353	0	53525.9	171.013	56.3257
0.05448	19923	48790	4	53242.1	167.741	56.8186
0.05472	22033	50234	2	52958.2	164.484	57.3318
0.05496	23735	50520	2	52687.2	161.387	57.8414
0.0552	25522	51947	1	52433.3	158.499	58.3364
0.05544	28086	53200	6	52179.3	155.625	58.8489
0.05568	29913	53771	3	51925.4	152.768	59.3791
0.05592	31852	53939	3	51706.4	150.397	59.9438
0.05616	34596	55127	2	51493.2	148.143	60.5664
0.0564	36708	56396	2	51280.1	145.887	61.2002
0.05664	38542	56548	3	51081.6	143.786	61.8006
0.05688	41286	57741	2	50919.8	142.074	62.2974
0.05712	43693	58408	3	50758	140.362	62.8009
0.05736	45677	58823	3	50596.2	138.652	63.3113
0.0576	48290	58939	0	50476.1	137.382	63.695
0.05784	50732	59985	0	50372.5	136.289	64.0287
0.05808	53044	60911	1	50269	135.196	64.3653
0.05832	55338	60504	1	50174.9	134.205	64.6737
0.05856	57907	60340	1	50137.5	133.811	64.797
0.0588	60477	61329	5	50100.1	133.413	64.9176
0.05904	62252	61733	1	50062.7	132.943	64.9837
0.05928	64731	62213	0	50068.8	133.02	64.9728
0.05952	67908	62039	4	50107.6	133.496	64.8957
0.05976	69666	62238	1	50146.4	133.905	64.7675
0.06	72424	62224	0	50185.3	134.314	64.6396
0.06024	74359	63153	5	50303.8	135.564	64.2517
0.06048	76491	62601	1	50422.4	136.815	63.8677
0.06072	78892	63242	3	50540.9	138.067	63.4875
0.06096	81485	62298	1	50694.4	139.69	63.0007
0.0612	83195	63033	2	50894.6	141.807	62.3755
0.06144	85040	62978	1	51094.7	143.925	61.7606
0.06168	86477	62310	1	51294.8	146.044	61.156
0.06192	88252	61699	0	51561.4	148.864	60.3663
0.06216	89785	61054	2	51838.9	151.798	59.5638
0.0624	90652	60002	2	52116.5	154.917	58.9784
0.06264	91079	59047	1	52408.7	158.221	58.3852
0.06288	90794	58049	1	52737.6	161.961	57.7452
0.06312	91986	57265	0	53066.5	165.724	57.1336
0.06336	91137	56188	1	53395.4	169.507	56.5498
0.0636	90421	54071	1	53751.8	173.534	55.8917
0.06384	88646	52879	0	54119.2	177.608	55.1561
0.06408	87864	51676	3	54486.6	181.691	54.4093
0.06432	86356	49632	0	54859.8	185.842	53.6401
0.06456	85698	47174	0	55266.9	190.373	52.7892
0.0648	85005	45590	1	55674.1	194.98	51.8457
0.06504	84070	42860	6	56081.2	199.681	50.9306
0.06528	81581	40971	0	56485	204.433	50.0607
0.06552	79205	37852	1	56886.3	209.243	49.2321
0.06576	75289	35350	3	57287.6	214.296	48.5677
0.066	70616	32274	1	57688.9	219.506	48.0066
0.06624	65724	29592	1	57982.8	223.355	47.6075
0.06648	60554	26530	1	58276.8	227.232	47.2183
0.06672	55341	23840	2	58570.7	231.135	46.8388
0.06696	50041	21297	3	58797.7	234.148	46.5413
0.0672	44636	18576	0	58935.4	235.875	46.3018
0.06744	39693	16225	1	59073.1	237.602	46.0637
0.06768	35322	13935	2	59210.8	239.33	45.8269
0.06792	31210	11982	1	59238.7	239.68	45.7791
0.06816	27151	10164	0	59248.3	239.8	45.7627
0.0684	23763	8669	3	59257.8	239.92	45.7463
0.06864	19998	7229	3	59243	239.734	45.7717
0.06888	17254	6073	0	59167.2	238.783	45.9017
0.06912	14838	5026	1	59091.5	237.833	46.032
0.06936	12434	4100	1	59015.7	236.882	46.1628
0.0696	10193	3386	1	58911	235.569	46.3442
0.06984	8522	2695	1	58794.6	234.11	46.5466
0.07008	7188	2208	2	58678.3	232.57	46.7022
0.07032	5769	1793	0	58560.9	231.005	46.8513
0.07056	4637	1369	1	58437	229.357	47.0102
0.0708	3727	1140	4	58313.2	227.714	47.1708
0.07104	3005	880	0	58189.3	226.076	47.3331
0.07128	2453	733	1	58072.8	224.538	47.4874
0.07152	1949	588	3	57961.7	223.078	47.6359
0.07176	1526	404	0	57850.7	221.621	47.7858
0.072	1239	365	0	57739.6	220.168	47.9371
0.07224	918	257	0	57649.5	218.992	48.0609
0.07248	783	186	1	57559.4	217.818	48.1856
0.07272	606	150	1	57469.3	216.648	48.3114
0.07296	457	87	3	57387.8	215.591	48.4259
0.0732	320	79	1	57317.8	214.686	48.5249
0.07344	247	50	0	57247.8	213.782	48.6245
0.07368	181	48	3	57177.8	212.879	48.7246
0.07392	112	35	3	57122.1	212.163	48.8048
0.07416	96	17	1	57068.8	211.478	48.8818
0.0744	83	19	1	57015.5	210.81	48.9728
0.07464	49	13	2	56965.9	210.208	49.072
0.07488	35	10	3	56925.6	209.719	49.1529
0.07512	18	9	1	56885.3	209.231	49.2341
0.07536	24	9	1	56845	208.744	49.3157
0.0756	17	6	2	56811.7	208.342	49.3836
0.07584	8	6	1	56781.1	207.973	49.446
0.07608	9	7	2	56750.5	207.605	49.5086
0.07632	4	11	0	56720.9	207.25	49.5693
0.07656	1	1	0	56697.5	206.968	49.6177
0.0768	1	7	1	56674	206.687	49.6662
0.07704	1	4	1	56650.5	206.405	49.7148
0.07728	0	3	1	56630	206.16	49.7573
0.07752	0	7	0	56611.8	205.942	49.7952
0.07776	0	14	1	56593.5	205.725	49.8332
0.078	0	6	1	56575.3	205.507	49.8713
0.07824	0	10	3	56561	205.337	49.901
0.07848	2	17	1	56546.8	205.167	49.9309
0.07872	0	13	2	56532.5	204.998	49.9608
0.07896	0	14	2	56519.7	204.844	49.9878
0.0792	0	10	3	56508.6	204.712	50.0111
0.07944	0	14	3	56497.5	204.581	50.0344
0.07968	0	13	6	56486.4	204.449	50.0578
0.07992	0	8	7	56477.6	204.344	50.0765
0.08016	0	13	1	56469	204.243	50.0945
0.0804	0	11	4	56460.5	204.142	50.1125
0.08064	0	23	4	56452.6	204.048	50.1292
0.08088	0	25	3	56446.1	203.971	50.1429
0.08112	0	23	6	56439.7	203.895	50.1566
0.08136	0	18	5	56433.2	203.818	50.1702
0.0816	0	32	3	56428.1	203.757	50.1812
0.08184	0	22	5	56423.4	203.702	50.1911
0.08208	0	34	6	56418.8	203.647	50.201
0.08232	0	30	3	56414.3	203.594	50.2104
0.08256	0	35	6	56411.2	203.558	50.2169
0.0828	0	29	6	56408.2	203.521	50.2235
0.08304	0	46	6	56405.1	203.485	50.23
0.08328	0	52	6	56402.8	203.458	50.2348
0.08352	0	57	7	56401.3	203.44	50.2381
0.08376	0	50	7	56399.7	203.421	50.2415
0.084	0	56	6	56398.1	203.402	50.2449
0.08424	0	39	6	56398	203.401	50.2451
0.08448	0	52	5	56397.9	203.4	50.2453
0.08472	0	52	10	56397.8	203.398	50.2456
0.08496	0	91	8	56398.3	203.404	50.2445
0.0852	0	72	6	56399.6	203.42	50.2417
0.08544	0	83	11	56400.9	203.435	50.2389
0.08568	0	85	10	56402.2	203.451	50.2361
0.08592	0	88	8	56404.7	203.481	50.2307
0.08616	0	83	16	56407.5	203.513	50.2249
0.0864	0	99	9	56410.2	203.546	50.2191
0.08664	0	118	11	56413.4	203.583	50.2124
0.08688	0	137	11	56417.6	203.633	50.2035
0.08712	0	132	11	56421.8	203.682	50.1946
0.08736	0	121	10	56426	203.732	50.1856
0.0876	0	143	9	56431.2	203.795	50.1745
0.08784	0	152	11	56436.9	203.862	50.1624
0.08808	0	163	8	56442.6	203.929	50.1503
0.08832	0	203	12	56448.5	203.999	50.1379
0.08856	0	176	5	56455.7	204.084	50.1227
0.0888	0	206	12	56462.9	204.169	50.1075
0.08904	0	226	7	56470	204.254	50.0924
0.08928	0	255	4	56478.2	204.351	50.0752
0.08952	0	306	6	56487.1	204.457	50.0564
0.08976	0	280	8	56496	204.563	50.0376
0.09	0	273	8	56504.9	204.669	50.0189
0.09024	0	311	9	56516	204.8	49.9956
0.09048	0	319	11	56527	204.932	49.9723
0.09072	0	408	7	56538.1	205.064	49.9491
0.09096	0	405	5	56550.3	205.209	49.9236
0.0912	0	404	9	56563.9	205.371	49.8951
0.09144	0	399	11	56577.5	205.533	49.8666
0.09168	0	463	3	56591.1	205.696	49.8382
0.09192	0	501	9	56606.9	205.884	49.8054
0.09216	0	526	11	56623	206.077	49.7718
0.0924	0	573	18	56639.1	206.27	49.7383
0.09264	0	624	14	56655.9	206.47	49.7036
0.09288	0	733	8	56674.3	206.69	49.6656
0.09312	0	773	6	56692.6	206.91	49.6277
0.09336	0	842	8	56711	207.13	49.5898
0.0936	0	868	5	56731.4	207.376	49.5478
0.09384	0	953	13	56752.7	207.631	49.5041
0.09408	0	1000	7	56774	207.887	49.4606
0.09432	0	1062	14	56795.8	208.15	49.416
0.09456	0	1160	5	56821	208.454	49.3646
0.0948	0	1144	10	56846.2	208.758	49.3134
0.09504	0	1307	9	56871.4	209.062	49.2623
0.09528	0	1386	14	56898.5	209.39	49.2075
0.09552	0	1498	13	56927	209.736	49.15
0.09576	0	1705	9	56955.5	210.082	49.0927
0.096	0	1778	3	56984.1	210.429	49.0355
0.09624	0	1799	9	57015.6	210.812	48.9726
0.09648	0	2028	7	57047.1	211.2	48.9132
0.09672	0	2258	11	57078.6	211.605	48.8675
0.09696	1	2407	8	57111.4	212.025	48.8202
0.0972	1	2519	13	57145.7	212.467	48.7707
0.09744	1	2762	8	57180.1	212.909	48.7213
0.09768	1	2967	8	57214.4	213.352	48.6721
0.09792	2	3183	11	57250.7	213.819	48.6203
0.09816	4	3337	8	57287.2	214.291	48.5682
0.0984	2	3697	11	57323.8	214.764	48.5163
0.09864	4	3924	10	57360.7	215.24	48.4641
0.09888	3	4244	7	57398.3	215.727	48.4111
0.09912	3	4487	6	57435.9	216.215	48.3582
0.09936	3	4805	13	57473.5	216.702	48.3055
0.0996	4	5223	6	57509.1	217.165	48.2556
0.09984	16	5580	16	57544	217.618	48.207
0.10008	15	6116	9	57578.9	218.072	48.1586
0.10032	24	6536	17	57612.9	218.514	48.1115
0.10056	37	7054	6	57641.5	218.887	48.0719
0.1008	56	7244	10	57670.1	219.261	48.0324
0.10104	68	8140	8	57698.8	219.635	47.993
0.10128	97	8504	9	57719.3	219.903	47.9649
0.10152	124	9147	6	57733.7	220.091	47.9451
0.10176	112	9991	7	57748.2	220.28	47.9253
0.102	158	10396	5	57762.6	220.469	47.9056
0.10224	213	11593	14	57755.5	220.376	47.9153
0.10248	286	12066	13	57748.5	220.283	47.925
0.10272	350	12733	12	57741.4	220.191	47.9346
0.10296	390	13803	9	57720.7	219.92	47.963
0.1032	512	14878	13	57681.8	219.413	48.0164
0.10344	627	15661	16	57642.9	218.906	48.0699
0.10368	794	16833	14	57604.1	218.4	48.1236
0.10392	897	17662	10	57526.7	217.394	48.2311
0.10416	1123	18833	9	57443	216.306	48.3482
0.1044	1431	20352	15	57359.2	215.221	48.4662
0.10464	1739	22035	15	57261.6	213.96	48.6047
0.10488	2116	22989	13	57129.4	212.257	48.7941
0.10512	2589	24032	16	56997.3	210.589	49.0091
0.10536	3038	25311	6	56865.1	208.987	49.275
0.1056	3755	27045	10	56696.4	206.955	49.62
0.10584	4454	28551	15	56513	204.765	50.0019
0.10608	5241	29852	14	56329.6	202.593	50.3912
0.10632	5969	31830	8	56139.9	200.367	50.8018
0.10656	6802	32976	12	55912.8	197.726	51.3044
0.1068	7850	34190	9	55685.7	195.113	51.8191
0.10704	8711	35554	14	55458.5	192.528	52.3461
0.10728	10013	37069	10	55212.7	189.769	52.9032
0.10752	11056	38871	11	54952.8	186.877	53.4467
0.10776	12396	40442	7	54692.9	183.985	53.9853
0.108	13836	41277	5	54433	181.095	54.5189
0.10824	15183	42336	3	54167.3	178.142	55.0589
0.10848	17289	43756	10	53901.6	175.194	55.5931
0.10872	18983	44903	5	53635.9	172.252	56.1212
0.10896	20670	46475	8	53380.2	169.333	56.5761
0.1092	22574	47113	4	53138	166.545	57.0044
0.10944	24444	47883	19	52895.7	163.768	57.4477
0.10968	26838	49012	14	52653.4	161.002	57.9062
0.10992	29050	50352	7	52441.7	158.595	58.3197
0.11016	30580	50807	4	52235.1	156.255	58.7348
0.1104	33055	51731	9	52028.5	153.926	59.1617
0.11064	35509	53133	4	51836.6	151.773	59.5688
0.11088	38183	53257	0	51681.8	150.136	60.0152
0.11112	39694	54483	5	51526.9	148.499	60.4675
0.11136	42808	55214	5	51372	146.86	60.9256
0.1116	45012	55310	4	51265.8	145.736	61.2432
0.11184	47779	57001	4	51179	144.818	61.5046
0.11208	50247	56839	3	51092.3	143.899	61.768
0.11232	52972	57428	1	51017.4	143.107	61.9968
0.11256	55944	58652	5	51013.9	143.069	62.0078
0.1128	58097	58609	2	51010.3	143.032	62.0187
0.11304	61132	59001	2	51006.7	142.994	62.0296
0.11328	62978	59500	4	51061.2	143.57	61.8628
0.11352	65265	59383	3	51159.2	144.608	61.5647
0.11376	68625	60172	9	51257.2	145.645	61.269
0.114	71298	60082	4	51355.2	146.682	60.9757
0.11424	73558	60227	4	51563.9	148.891	60.3587
0.11448	75812	60571	1	51772.7	151.098	59.7523
0.11472	77899	60409	5	51981.5	153.398	59.2604
0.11496	80273	60072	6	52230.5	156.204	58.7441
0.1152	82555	60227	5	52533.2	159.634	58.1395
0.11544	83785	59792	3	52835.9	163.084	57.5595
0.11568	84634	59959	6	53138.6	166.552	57.0033
0.11592	85396	58757	4	53496.9	170.679	56.375
0.11616	85178	57788	1	53864.6	174.784	55.6671
0.1164	84612	57502	3	54232.2	178.863	54.9275
0.11664	84379	56294	2	54620.5	183.18	54.1345
0.11688	83399	55121	2	55060.4	188.075	53.2222
0.11712	84668	53832	6	55500.3	193.001	52.2482
0.11736	84389	52458	5	55940.2	198.043	51.2431
0.1176	84831	51246	3	56421	203.673	50.1962
0.11784	84284	49913	3	56918.2	209.629	49.1678
0.11808	82563	47498	10	57415.3	215.948	48.3871
0.11832	79921	45577	6	57905.8	222.344	47.7111
0.11856	76325	43548	5	58356.2	228.284	47.1148
0.1188	71814	40686	6	58806.6	234.26	46.5257
0.11904	66623	38455	2	59257	239.909	45.7477
0.11928	60784	36019	5	59676.7	245.172	45.0352
0.11952	49862	33394	9	60073.3	250.14	44.3726
0.11976	0	28397	7	60470	255.097	43.7204
