0	0	0	0	56009.1	198.842	51.09
0.00024	0	0	0	56009.2	198.843	51.0897
0.00048	0	0	0	56009.3	198.844	51.0894
0.00072	0	0	0	56009.4	198.846	51.0892
0.00096	0	0	0	56009.5	198.847	51.0889
0.0012	0	0	0	56009.7	198.849	51.0886
0.00144	0	0	0	56009.8	198.85	51.0883
0.00168	0	0	0	56009.9	198.851	51.0881
0.00192	0	0	0	56010	198.853	51.0878
0.00216	0	0	0	56010.2	198.855	51.0875
0.0024	0	0	0	56010.3	198.856	51.0872
0.00264	0	0	0	56010.4	198.858	51.0869
0.00288	0	0	0	56010.6	198.859	51.0865
0.00312	0	0	0	56010.7	198.861	51.0862
0.00336	0	0	0	56010.9	198.863	51.0859
0.0036	0	0	0	56011	198.865	51.0856
0.00384	0	0	0	56011.2	198.866	51.0852
0.00408	0	0	0	56011.3	198.868	51.0849
0.00432	0	0	0	56011.5	198.87	51.0845
0.00456	0	0	0	56011.7	198.872	51.0842
0.0048	0	0	0	56011.8	198.874	51.0838
0.00504	0	0	0	56012	198.876	51.0834
0.00528	0	0	0	56012.2	198.878	51.0831
0.00552	0	0	0	56012.3	198.88	51.0827
0.00576	0	0	0	56012.5	198.882	51.0823
0.006	0	0	0	56012.7	198.884	51.0819
0.00624	0	0	0	56012.9	198.886	51.0814
0.00648	0	0	0	56013.1	198.888	51.081
0.00672	0	0	0	56013.3	198.891	51.0806
0.00696	0	0	0	56013.5	198.893	51.0801
0.0072	0	0	0	56013.7	198.895	51.0797
0.00744	0	0	0	56013.9	198.898	51.0792
0.00768	0	0	0	56014.1	198.9	51.0788
0.00792	0	0	0	56014.3	198.903	51.0783
0.00816	0	0	0	56014.5	198.905	51.0778
0.0084	0	0	0	56014.8	198.908	51.0773
0.00864	0	0	0	56015	198.911	51.0768
0.00888	0	0	0	56015.2	198.913	51.0762
0.00912	0	0	0	56015.5	198.916	51.0757
0.00936	0	0	0	56015.7	198.919	51.0752
0.0096	0	0	0	56016	198.922	51.0746
0.00984	0	1	0	56016.2	198.925	51.074
0.01008	0	0	0	56016.5	198.928	51.0734
0.01032	0	0	0	56016.8	198.931	51.0729
0.01056	0	0	0	56017	198.934	51.0722
0.0108	0	0	0	56017.3	198.938	51.0716
0.01104	0	1	0	56017.6	198.941	51.071
0.01128	0	0	0	56017.9	198.944	51.0704
0.01152	0	2	0	56018.2	198.948	51.0697
0.01176	0	0	0	56018.5	198.951	51.069
0.012	0	0	0	56018.8	198.955	51.0684
0.01224	0	0	0	56019.1	198.959	51.0676
0.01248	0	0	0	56019.5	198.963	51.0669
0.01272	0	3	0	56019.8	198.967	51.0661
0.01296	0	0	2	56020.2	198.971	51.0653
0.0132	0	0	0	56020.5	198.975	51.0645
0.01344	0	0	0	56020.9	198.979	51.0637
0.01368	0	1	1	56021.3	198.984	51.0629
0.01392	0	1	0	56021.7	198.988	51.062
0.01416	0	0	0	56022.1	198.993	51.0611
0.0144	0	0	0	56022.5	198.998	51.0602
0.01464	0	0	0	56022.9	199.002	51.0593
0.01488	0	3	0	56023.3	199.008	51.0583
0.01512	0	2	0	56023.8	199.013	51.0573
0.01536	0	1	0	56024.2	199.018	51.0564
0.0156	0	0	1	56024.7	199.023	51.0553
0.01584	0	0	0	56025.2	199.029	51.0543
0.01608	0	1	0	56025.6	199.034	51.0532
0.01632	0	1	1	56026.1	199.04	51.0521
0.01656	0	5	1	56026.7	199.046	51.051
0.0168	0	1	0	56027.2	199.052	51.0498
0.01704	0	3	0	56027.7	199.059	51.0486
0.01728	0	0	1	56028.3	199.065	51.0474
0.01752	0	0	1	56028.9	199.072	51.0461
0.01776	0	5	2	56029.4	199.079	51.0448
0.018	0	4	1	56030	199.085	51.0435
0.01824	0	3	0	56030.7	199.093	51.0421
0.01848	0	4	0	56031.3	199.1	51.0407
0.01872	0	1	3	56031.9	199.108	51.0393
0.01896	0	8	1	56032.6	199.115	51.0378
0.0192	0	4	2	56033.4	199.124	51.0362
0.01944	0	3	1	56034.1	199.132	51.0345
0.01968	0	2	2	56034.8	199.141	51.0329
0.01992	0	4	3	56035.6	199.15	51.0311
0.02016	0	4	1	56036.5	199.16	51.0293
0.0204	0	3	4	56037.3	199.17	51.0275
0.02064	0	3	0	56038.1	199.18	51.0256
0.02088	0	4	0	56039	199.19	51.0236
0.02112	0	6	0	56039.9	199.2	51.0217
0.02136	0	7	0	56040.8	199.211	51.0197
0.0216	0	7	2	56041.8	199.222	51.0176
0.02184	0	6	0	56042.8	199.233	51.0154
0.02208	0	8	0	56043.7	199.245	51.0132
0.02232	0	9	4	56044.8	199.257	51.011
0.02256	0	7	2	56045.9	199.27	51.0084
0.0228	0	6	3	56047.1	199.283	51.0059
0.02304	0	7	1	56048.2	199.297	51.0033
0.02328	0	8	1	56049.4	199.311	51.0006
0.02352	0	5	7	56050.7	199.326	50.9977
0.02376	0	19	2	56052	199.341	50.9949
0.024	0	13	3	56053.3	199.357	50.992
0.02424	0	11	5	56054.8	199.373	50.9888
0.02448	0	13	3	56056.3	199.39	50.9856
0.02472	0	16	4	56057.7	199.407	50.9824
0.02496	0	17	2	56059.3	199.425	50.979
0.0252	0	14	4	56060.9	199.445	50.9753
0.02544	0	15	6	56062.6	199.464	50.9717
0.02568	0	13	0	56064.2	199.483	50.968
0.02592	0	17	4	56066	199.504	50.964
0.02616	0	24	3	56067.9	199.526	50.9599
0.0264	0	24	4	56069.7	199.547	50.9559
0.02664	0	25	3	56071.6	199.57	50.9517
0.02688	0	27	4	56073.7	199.594	50.947
0.02712	0	35	4	56075.8	199.619	50.9424
0.02736	0	30	5	56077.9	199.643	50.9378
0.0276	0	26	5	56080.3	199.67	50.9326
0.02784	0	33	4	56082.8	199.699	50.9272
0.02808	0	36	4	56085.2	199.728	50.9218
0.02832	0	27	8	56087.8	199.757	50.9162
0.02856	0	37	9	56090.6	199.791	50.91
0.0288	0	44	5	56093.4	199.824	50.9037
0.02904	0	52	9	56096.3	199.857	50.8974
0.02928	0	51	3	56099.3	199.893	50.8907
0.02952	0	42	6	56102.5	199.93	50.8837
0.02976	0	54	9	56105.8	199.967	50.8767
0.03	0	69	5	56109	200.005	50.8697
0.03024	0	77	8	56112.7	200.049	50.8614
0.03048	0	65	9	56116.5	200.093	50.8532
0.03072	0	74	9	56120.2	200.136	50.8449
0.03096	0	80	12	56124.3	200.184	50.836
0.0312	0	75	11	56128.8	200.236	50.8262
0.03144	0	71	5	56133.2	200.288	50.8164
0.03168	0	102	7	56137.7	200.341	50.8067
0.03192	0	88	7	56142.8	200.4	50.7956
0.03216	0	99	8	56147.9	200.46	50.7844
0.0324	0	119	11	56153	200.52	50.7732
0.03264	0	131	8	56158.3	200.582	50.7616
0.03288	0	139	7	56164.1	200.65	50.7489
0.03312	0	145	7	56170	200.718	50.7363
0.03336	0	160	6	56175.8	200.786	50.7236
0.0336	0	154	11	56182.1	200.86	50.7098
0.03384	0	193	9	56188.7	200.937	50.6954
0.03408	0	207	11	56195.3	201.014	50.6811
0.03432	0	250	7	56202	201.093	50.6665
0.03456	0	227	6	56209.8	201.184	50.6496
0.0348	0	229	10	56217.5	201.275	50.6328
0.03504	0	233	7	56225.3	201.366	50.616
0.03528	0	279	6	56233.8	201.466	50.5975
0.03552	0	282	12	56242.9	201.573	50.5778
0.03576	0	335	4	56252	201.68	50.5582
0.036	0	349	10	56261.1	201.787	50.5386
0.03624	0	355	7	56271.5	201.909	50.5161
0.03648	0	401	6	56281.9	202.031	50.4937
0.03672	0	445	10	56292.3	202.154	50.4713
0.03696	0	469	6	56303.3	202.283	50.4476
0.0372	0	485	11	56315.2	202.423	50.4222
0.03744	0	519	1	56327	202.563	50.3968
0.03768	0	586	4	56338.8	202.702	50.3714
0.03792	0	614	5	56351.9	202.856	50.3435
0.03816	0	656	1	56365.1	203.012	50.3153
0.0384	0	759	2	56378.3	203.168	50.2871
0.03864	0	770	8	56391.8	203.328	50.2582
0.03888	0	801	4	56406.3	203.499	50.2275
0.03912	0	924	5	56420.7	203.67	50.1968
0.03936	0	1115	3	56435.2	203.841	50.1662
0.0396	0	999	7	56450.6	204.024	50.1334
0.03984	0	1139	2	56466.5	204.213	50.0998
0.04008	0	1156	13	56482.4	204.402	50.0662
0.04032	0	1438	13	56498.6	204.594	50.0321
0.04056	0	1322	3	56516.5	204.806	49.9945
0.0408	0	1439	4	56534.3	205.019	49.9571
0.04104	0	1604	8	56552.2	205.231	49.9197
0.04128	0	1683	8	56570.3	205.448	49.8816
0.04152	0	1915	5	56588.7	205.667	49.8432
0.04176	0	1918	8	56607.2	205.887	49.8048
0.042	0	2100	8	56625.6	206.107	49.7665
0.04224	0	2332	5	56643	206.316	49.7303
0.04248	4	2548	10	56660.5	206.525	49.6941
0.04272	4	2575	11	56678	206.734	49.658
0.04296	0	2936	12	56694.1	206.928	49.6246
0.0432	5	3061	9	56708.5	207.1	49.595
0.04344	7	3210	7	56722.9	207.273	49.5654
0.04368	15	3575	5	56737.2	207.446	49.5359
0.04392	18	3939	7	56746.2	207.554	49.5174
0.04416	22	4011	4	56754.3	207.651	49.5008
0.0444	32	4330	4	56762.4	207.749	49.4842
0.04464	48	4796	2	56767.4	207.809	49.4739
0.04488	52	4835	4	56764.7	207.775	49.4796
0.04512	85	5371	2	56761.9	207.742	49.4853
0.04536	104	5973	1	56759.1	207.708	49.491
0.0456	113	6103	3	56743.5	207.521	49.523
0.04584	178	6635	0	56722.8	207.272	49.5656
0.04608	232	7263	5	56702	207.023	49.6083
0.04632	300	7623	2	56678	206.735	49.6579
0.04656	399	8108	3	56634.1	206.209	49.7488
0.0468	484	8559	5	56590.2	205.684	49.8402
0.04704	667	9492	1	56546.2	205.161	49.932
0.04728	797	9929	3	56485.4	204.437	50.06
0.04752	970	10567	3	56411.8	203.564	50.2158
0.04776	1170	11324	1	56338.2	202.694	50.3728
0.048	1522	11824	1	56264.6	201.828	50.531
0.04824	1861	12853	1	56162.1	200.626	50.7534
0.04848	2181	13484	2	56059.6	199.43	50.9782
0.04872	2561	14493	2	55957.1	198.239	51.2053
0.04896	3137	15021	1	55844.3	196.935	51.4583
0.0492	3676	15560	0	55717.7	195.48	51.7457
0.04944	4145	16235	2	55591.1	194.033	52.037
0.04968	4848	17075	2	55464.5	192.595	52.3321
0.04992	5254	18210	1	55320.4	190.97	52.6726
0.05016	6159	18792	2	55173.5	189.333	52.9855
0.0504	6843	19404	4	55026.5	187.698	53.293
0.05064	7793	20636	4	54877.9	186.043	53.6025
0.05088	8479	21186	4	54724.8	184.34	53.9196
0.05112	9748	21873	0	54571.7	182.637	54.2348
0.05136	10587	22788	2	54418.7	180.935	54.5483
0.0516	11997	23028	2	54274.3	179.33	54.8423
0.05184	13080	23815	3	54133.4	177.765	55.1276
0.05208	14474	24681	0	53992.4	176.201	55.4112
0.05232	15578	25006	2	53855.7	174.685	55.6849
0.05256	16839	25633	3	53744	173.448	55.9072
0.0528	18042	25989	4	53632.3	172.212	56.1284
0.05304	19328	26236	2	53520.5	170.951	56.3348
0.05328	20922	27426	1	53434.1	169.954	56.4829
0.05352	22381	27147	0	53366.6	169.176	56.5998
0.05376	23440	27523	4	53299.2	168.399	56.7178
0.054	24991	27885	1	53231.7	167.622	56.837
0.05424	26528	28141	0	53220.9	167.498	56.8562
0.05448	27828	27848	4	53210.1	167.374	56.8754
0.05472	29046	28279	2	53199.3	167.249	56.8946
0.05496	30536	28056	2	53214.1	167.42	56.8681
0.0552	31201	28010	1	53263.3	167.986	56.781
0.05544	32236	27752	6	53312.4	168.551	56.6946
0.05568	33371	27603	3	53361.5	169.117	56.6087
0.05592	34005	27028	3	53454.5	170.189	56.4477
0.05616	34668	26987	2	53554.9	171.348	56.2764
0.0564	35372	26775	2	53655.2	172.466	56.0831
0.05664	36030	25990	3	53767	173.703	55.8614
0.05688	36354	25842	2	53907.5	175.26	55.5813
0.05712	36990	25245	3	54048	176.818	55.2995
0.05736	37235	24826	3	54188.6	178.378	55.016
0.0576	37103	23975	0	54348.2	180.151	54.692
0.05784	37067	23187	0	54515.4	182.011	54.3503
0.05808	36556	22965	1	54682.7	183.871	54.0065
0.05832	36190	21730	1	54851.4	185.749	53.6574
0.05856	35641	20676	1	55029.1	187.726	53.2877
0.0588	34667	19858	5	55206.7	189.702	52.9158
0.05904	34203	19072	1	55384.3	191.689	52.5209
0.05928	33648	18126	0	55561.5	193.697	52.1055
0.05952	32599	17174	4	55738.5	195.718	51.6983
0.05976	31678	16079	1	55915.4	197.756	51.2986
0.06	30528	14937	0	56092.3	199.81	50.9062
0.06024	28899	14159	5	56246	201.609	50.5712
0.06048	27486	12910	1	56399.7	203.421	50.2415
0.06072	26113	12055	3	56553.4	205.245	49.9172
0.06096	24829	10840	1	56687.3	206.846	49.6388
0.0612	22548	9876	2	56794.8	208.138	49.4181
0.06144	20997	9082	1	56902.3	209.436	49.1999
0.06168	19274	7871	1	57009.8	210.741	48.9842
0.06192	17669	7301	0	57073.3	211.536	48.8753
0.06216	15630	6227	2	57129.5	212.258	48.7941
0.0624	14409	5497	2	57185.6	212.981	48.7134
0.06264	12916	4728	1	57228.6	213.534	48.6519
0.06288	11126	4206	1	57238.5	213.662	48.6377
0.06312	9906	3526	0	57248.4	213.789	48.6236
0.06336	8867	3002	1	57258.3	213.917	48.6095
0.0636	7729	2521	1	57244.5	213.74	48.6291
0.06384	6664	2154	0	57221.4	213.441	48.6622
0.06408	5492	1858	3	57198.2	213.143	48.6953
0.06432	4758	1532	0	57172.4	212.81	48.7324
0.06456	4057	1242	0	57130.4	212.269	48.7928
0.0648	3523	1108	1	57088.4	211.729	48.8535
0.06504	2894	811	6	57046.4	211.19	48.9143
0.06528	2346	665	0	57001.2	210.636	49.0013
0.06552	1985	557	1	56953.6	210.058	49.0966
0.06576	1575	443	3	56906	209.481	49.1924
0.066	1290	405	1	56858.4	208.906	49.2886
0.06624	1098	304	1	56813.9	208.368	49.3791
0.06648	888	253	1	56769.3	207.831	49.4701
0.06672	670	194	2	56724.8	207.296	49.5615
0.06696	529	118	3	56683.2	206.798	49.647
0.0672	433	85	0	56645.7	206.348	49.7247
0.06744	319	78	1	56608.2	205.9	49.8026
0.06768	254	50	2	56570.7	205.452	49.8808
0.06792	225	50	1	56539.9	205.086	49.9453
0.06816	161	37	0	56510.3	204.732	50.0076
0.0684	108	25	3	56480.6	204.38	50.0701
0.06864	81	22	3	56452.9	204.051	50.1286
0.06888	63	12	0	56430.1	203.78	50.177
0.06912	45	5	1	56407.2	203.51	50.2255
0.06936	28	14	1	56384.4	203.24	50.2741
0.0696	21	2	1	56365.6	203.018	50.3143
0.06984	11	1	1	56348.3	202.814	50.3511
0.07008	9	4	1	56331.1	202.61	50.3881
0.07032	10	2	0	56314.4	202.414	50.4238
0.07056	10	0	0	56301.4	202.261	50.4517
0.0708	1	1	1	56288.4	202.108	50.4796
0.07104	1	0	0	56275.4	201.955	50.5076
0.07128	0	0	0	56264.2	201.823	50.5318
0.07152	1	0	0	56254.3	201.707	50.5532
0.07176	2	0	0	56244.4	201.591	50.5746
0.072	0	1	0	56234.5	201.474	50.596
0.07224	0	1	0	56226.9	201.385	50.6126
0.07248	0	1	0	56219.2	201.295	50.6292
0.07272	0	2	1	56211.6	201.205	50.6458
0.07296	0	3	0	56204.6	201.124	50.6608
0.0732	0	1	0	56198.6	201.054	50.6738
0.07344	0	2	0	56192.7	200.984	50.6868
0.07368	0	4	0	56186.7	200.913	50.6999
0.07392	0	2	0	56181.8	200.856	50.7105
0.07416	0	4	0	56177.1	200.802	50.7207
0.0744	0	0	1	56172.4	200.747	50.7309
0.07464	0	1	0	56168	200.695	50.7405
0.07488	0	2	1	56164.4	200.652	50.7485
0.07512	0	4	1	56160.7	200.609	50.7565
0.07536	0	1	0	56157	200.566	50.7645
0.0756	0	3	1	56153.9	200.53	50.7712
0.07584	0	4	0	56151.1	200.497	50.7775
0.07608	0	7	2	56148.2	200.463	50.7838
0.07632	0	10	0	56145.4	200.431	50.7899
0.07656	0	1	0	56143.2	200.405	50.7947
0.0768	0	7	1	56141	200.379	50.7995
0.07704	0	4	1	56138.8	200.353	50.8043
0.07728	0	3	1	56136.9	200.331	50.8084
0.07752	0	7	0	56135.3	200.312	50.8119
0.07776	0	14	1	56133.7	200.294	50.8155
0.078	0	6	1	56132.1	200.275	50.819
0.07824	0	10	3	56130.9	200.261	50.8215
0.07848	0	17	1	56129.8	200.248	50.8239
0.07872	0	13	2	56128.7	200.235	50.8264
0.07896	0	14	2	56127.8	200.225	50.8283
0.0792	0	10	3	56127.3	200.219	50.8295
0.07944	0	14	3	56126.7	200.212	50.8307
0.07968	0	13	6	56126.2	200.206	50.832
0.07992	0	8	7	56126	200.204	50.8322
0.08016	0	13	1	56126	200.203	50.8324
0.0804	0	11	4	56125.9	200.203	50.8325
0.08064	0	23	4	56126	200.203	50.8324
0.08088	0	25	3	56126.3	200.207	50.8316
0.08112	0	23	6	56126.7	200.212	50.8308
0.08136	0	18	5	56127	200.216	50.8301
0.0816	0	32	3	56127.7	200.223	50.8287
0.08184	0	22	5	56128.4	200.232	50.827
0.08208	0	34	6	56129.2	200.241	50.8253
0.08232	0	30	3	56130	200.251	50.8235
0.08256	0	35	6	56131.2	200.265	50.8209
0.0828	0	29	6	56132.4	200.279	50.8183
0.08304	0	46	6	56133.6	200.293	50.8157
0.08328	0	52	6	56135.1	200.31	50.8124
0.08352	0	57	7	56136.8	200.33	50.8087
0.08376	0	50	7	56138.5	200.349	50.805
0.084	0	56	6	56140.2	200.369	50.8013
0.08424	0	39	6	56142.4	200.396	50.7963
0.08448	0	52	5	56144.7	200.422	50.7914
0.08472	0	52	10	56147	200.449	50.7864
0.08496	0	91	8	56149.5	200.479	50.7808
0.0852	0	72	6	56152.5	200.513	50.7745
0.08544	0	83	11	56155.4	200.547	50.7681
0.08568	0	85	10	56158.3	200.581	50.7618
0.08592	0	88	8	56161.7	200.622	50.7542
0.08616	0	83	16	56165.3	200.664	50.7464
0.0864	0	99	9	56168.9	200.705	50.7386
0.08664	0	118	11	56172.7	200.75	50.7303
0.08688	0	137	11	56177	200.801	50.7209
0.08712	0	132	11	56181.4	200.851	50.7114
0.08736	0	121	10	56185.7	200.902	50.702
0.0876	0	143	9	56190.6	200.959	50.6913
0.08784	0	152	11	56195.7	201.019	50.6803
0.08808	0	163	8	56200.8	201.079	50.6692
0.08832	0	203	12	56206	201.14	50.6578
0.08856	0	176	5	56211.8	201.209	50.6452
0.0888	0	206	12	56217.7	201.277	50.6325
0.08904	0	226	7	56223.5	201.346	50.6198
0.08928	0	255	4	56229.9	201.421	50.6059
0.08952	0	306	6	56236.8	201.501	50.5911
0.08976	0	280	8	56243.6	201.581	50.5764
0.09	0	273	8	56250.4	201.661	50.5616
0.09024	0	311	9	56258.6	201.757	50.5439
0.09048	0	319	11	56266.8	201.854	50.5263
0.09072	0	408	7	56275	201.95	50.5086
0.09096	0	405	5	56283.9	202.054	50.4895
0.0912	0	404	9	56293.7	202.17	50.4683
0.09144	0	399	11	56303.5	202.286	50.4471
0.09168	0	463	3	56313.4	202.402	50.426
0.09192	0	501	9	56324.5	202.533	50.4022
0.09216	0	526	11	56335.7	202.666	50.378
0.0924	0	573	18	56347	202.799	50.3539
0.09264	0	624	14	56358.6	202.935	50.3292
0.09288	0	733	8	56370.8	203.079	50.3032
0.09312	0	773	6	56382.9	203.223	50.2772
0.09336	2	842	8	56395.1	203.367	50.2512
0.0936	0	868	5	56408.2	203.522	50.2233
0.09384	0	953	12	56421.7	203.682	50.1947
0.09408	0	1000	7	56435.2	203.841	50.1661
0.09432	0	1062	14	56448.9	204.004	50.137
0.09456	0	1160	5	56464.3	204.186	50.1045
0.0948	0	1144	10	56479.7	204.369	50.0721
0.09504	0	1307	9	56495	204.551	50.0397
0.09528	0	1386	14	56510.7	204.738	50.0067
0.09552	0	1498	13	56526.6	204.927	49.9732
0.09576	0	1705	8	56542.5	205.116	49.9398
0.096	2	1778	3	56558.4	205.306	49.9065
0.09624	2	1799	9	56573.6	205.487	49.8748
0.09648	3	2027	7	56588.8	205.668	49.8431
0.09672	4	2258	11	56603.9	205.849	49.8115
0.09696	12	2404	8	56618.2	206.019	49.7819
0.0972	20	2510	12	56631.1	206.173	49.7551
0.09744	17	2752	6	56644	206.328	49.7283
0.09768	22	2951	7	56656.9	206.482	49.7015
0.09792	20	3174	10	56665.8	206.588	49.6831
0.09816	35	3328	8	56674	206.687	49.6662
0.0984	38	3682	8	56682.2	206.785	49.6493
0.09864	71	3909	8	56688.1	206.855	49.6371
0.09888	77	4225	3	56688.2	206.857	49.6368
0.09912	92	4455	6	56688.4	206.859	49.6364
0.09936	132	4746	10	56688.5	206.861	49.6361
0.0996	133	5147	6	56678.3	206.738	49.6573
0.09984	177	5481	16	56663.9	206.566	49.687
0.10008	215	5998	7	56649.5	206.394	49.7168
0.10032	255	6413	15	56632.3	206.188	49.7526
0.10056	322	6864	6	56598.1	205.779	49.8237
0.1008	345	7047	10	56563.9	205.371	49.8952
0.10104	457	7871	7	56529.6	204.963	49.9669
0.10128	623	8212	7	56481	204.385	50.0692
0.10152	704	8759	6	56421.6	203.68	50.1949
0.10176	984	9541	7	56362.2	202.978	50.3214
0.102	1135	9799	5	56302.8	202.277	50.4488
0.10224	1475	10906	14	56217.8	201.278	50.6323
0.10248	1691	11226	13	56132.8	200.283	50.8174
0.10272	1984	11743	12	56047.8	199.292	51.0042
0.10296	2456	12518	9	55952.5	198.186	51.2156
0.1032	2781	13371	13	55843.5	196.926	51.4601
0.10344	3279	13854	16	55734.5	195.672	51.7074
0.10368	3816	14615	14	55625.5	194.425	51.9575
0.10392	4201	14997	10	55497.6	192.97	52.2546
0.10416	4832	15788	9	55366.5	191.488	52.5631
0.1044	5543	16750	15	55235.4	190.022	52.8554
0.10464	6293	17904	15	55101.7	188.534	53.1359
0.10488	7137	18201	13	54961.3	186.972	53.429
0.10512	7952	18638	16	54820.9	185.409	53.7207
0.10536	9034	19284	6	54680.5	183.847	54.0109
0.1056	9674	19942	10	54544.7	182.336	54.2903
0.10584	10901	20804	15	54410.8	180.847	54.5644
0.10608	12105	21322	14	54276.8	179.358	54.8371
0.10632	13271	22063	8	54146.8	177.914	55.1005
0.10656	14266	22192	12	54039.9	176.728	55.3159
0.1068	15475	23031	9	53933.1	175.543	55.5303
0.10704	17042	23197	14	53826.2	174.359	55.7437
0.10728	18180	23727	10	53748.6	173.499	55.898
0.10752	19893	24154	11	53693	172.884	56.0083
0.10776	21361	24328	7	53637.4	172.268	56.1184
0.108	22346	24114	5	53581.7	171.653	56.2281
0.10824	23726	24494	3	53591.5	171.761	56.2088
0.10848	24976	24494	10	53601.4	171.87	56.1894
0.10872	26335	24213	5	53611.2	171.979	56.17
0.10896	27572	24903	8	53648.9	172.396	56.0956
0.1092	28933	24303	4	53723.8	173.224	55.9473
0.10944	29415	23945	19	53798.7	174.054	55.7985
0.10968	30193	24120	14	53873.6	174.883	55.6492
0.10992	31177	23774	7	53993.4	176.212	55.4093
0.11016	31883	23396	4	54120.7	177.624	55.1532
0.1104	32481	22864	9	54248	179.038	54.8957
0.11064	32315	22814	4	54385.7	180.569	54.6155
0.11088	33169	22033	0	54549.7	182.392	54.28
0.11112	32630	21528	5	54713.7	184.216	53.9425
0.11136	32799	20984	5	54877.6	186.041	53.603
0.1116	32712	20040	4	55058.4	188.052	53.2264
0.11184	31995	19723	4	55245.9	190.138	52.8335
0.11208	31921	18676	3	55433.3	192.243	52.4053
0.11232	31357	17858	1	55620.5	194.369	51.9689
0.11256	30579	16981	5	55806.3	196.497	51.5442
0.1128	29635	15719	2	55992	198.644	51.1277
0.11304	28032	15168	2	56177.8	200.809	50.7192
0.11328	26952	14221	4	56345.1	202.777	50.3579
0.11352	25604	12932	3	56498.7	204.595	50.0319
0.11376	23988	12166	9	56652.3	206.427	49.711
0.114	22599	11383	4	56805.9	208.272	49.3954
0.11424	20459	10589	4	56902.5	209.439	49.1995
0.11448	18956	9808	1	56999.1	210.611	49.0055
0.11472	17520	9066	5	57095.7	211.823	48.8429
0.11496	15885	8450	6	57163.9	212.701	48.7446
0.1152	14028	7807	5	57194.3	213.092	48.7009
0.11544	12907	7190	3	57224.7	213.484	48.6574
0.11568	11367	6874	6	57255.1	213.877	48.614
0.11592	10222	6617	4	57234.7	213.613	48.6431
0.11616	9052	6233	1	57205.8	213.241	48.6844
0.1164	7893	6100	3	57176.9	212.868	48.7259
0.11664	6953	5805	2	57133.4	212.308	48.7885
0.11688	6231	5839	2	57053.2	211.279	48.9043
0.11712	5493	5717	6	56973.1	210.295	49.0575
0.11736	4866	5690	5	56893	209.324	49.2187
0.1176	4318	5699	3	56784.1	208.009	49.44
0.11784	3953	6105	3	56663.6	206.563	49.6876
0.11808	3518	5870	10	56543.2	205.124	49.9384
0.11832	3201	6098	6	56423.2	203.7	50.1914
0.11856	3233	6523	5	56306.2	202.317	50.4415
0.1188	3126	6566	6	56189.1	200.942	50.6946
0.11904	3038	6792	2	56072	199.574	50.9508
0.11928	3003	6983	5	56033.7	199.128	51.0354
0.11952	2576	7065	9	56054.4	199.369	50.9896
0.11976	0	6363	7	56075.2	199.611	50.9439
