0	0	0	0	56362.6	202.982	50.3206
0.00024	0	0	0	56365.8	203.021	50.3137
0.00048	0	0	0	56369	203.059	50.3068
0.00072	0	0	0	56372.2	203.097	50.3
0.00096	0	0	0	56375.5	203.135	50.293
0.0012	0	0	0	56378.9	203.175	50.2858
0.00144	0	0	0	56382.3	203.215	50.2786
0.00168	0	0	0	56385.6	203.255	50.2714
0.00192	0	0	0	56389.1	203.296	50.264
0.00216	0	0	0	56392.7	203.338	50.2565
0.0024	0	0	0	56396.2	203.38	50.249
0.00264	0	0	0	56399.7	203.422	50.2414
0.00288	0	0	0	56403.4	203.465	50.2335
0.00312	0	0	0	56407.1	203.509	50.2257
0.00336	0	0	0	56410.8	203.553	50.2179
0.0036	0	0	0	56414.6	203.598	50.2098
0.00384	0	0	0	56418.5	203.643	50.2016
0.00408	0	0	0	56422.3	203.689	50.1934
0.00432	0	0	0	56426.2	203.735	50.1851
0.00456	0	0	0	56430.3	203.783	50.1765
0.0048	0	0	0	56434.3	203.831	50.1679
0.00504	0	0	0	56438.4	203.879	50.1594
0.00528	0	0	0	56442.5	203.928	50.1505
0.00552	0	0	0	56446.8	203.979	50.1416
0.00576	0	0	0	56451	204.029	50.1326
0.006	0	0	0	56455.3	204.079	50.1236
0.00624	0	0	0	56459.7	204.132	50.1142
0.00648	0	0	0	56464.2	204.185	50.1048
0.00672	0	0	0	56468.6	204.238	50.0953
0.00696	0	0	0	56473.2	204.292	50.0857
0.0072	0	0	0	56477.9	204.347	50.0758
0.00744	0	0	0	56482.5	204.403	50.066
0.00768	0	0	0	56487.2	204.459	50.0561
0.00792	0	0	0	56492.1	204.517	50.0458
0.00816	0	0	0	56497	204.575	50.0354
0.0084	0	0	0	56501.9	204.634	50.0251
0.00864	0	0	0	56506.9	204.693	50.0146
0.00888	0	0	0	56512.1	204.754	50.0037
0.00912	0	0	0	56517.3	204.816	49.9928
0.00936	0	0	0	56522.5	204.878	49.982
0.0096	0	0	0	56527.8	204.941	49.9707
0.00984	0	1	0	56533.3	205.006	49.9592
0.01008	0	0	0	56538.7	205.071	49.9478
0.01032	0	0	0	56544.2	205.136	49.9363
0.01056	0	0	0	56549.9	205.205	49.9243
0.0108	0	0	0	56555.7	205.273	49.9123
0.01104	0	1	0	56561.4	205.341	49.9003
0.01128	0	0	0	56567.3	205.412	49.8879
0.01152	0	2	0	56573.4	205.484	49.8753
0.01176	0	0	0	56579.4	205.556	49.8626
0.012	0	0	0	56585.5	205.628	49.85
0.01224	0	0	0	56591.9	205.705	49.8367
0.01248	0	0	0	56598.3	205.781	49.8234
0.01272	0	3	0	56604.6	205.857	49.8101
0.01296	0	0	2	56611.2	205.935	49.7964
0.0132	0	0	0	56617.9	206.016	49.7824
0.01344	0	0	0	56624.7	206.097	49.7683
0.01368	0	1	1	56631.5	206.178	49.7543
0.01392	0	1	0	56638.5	206.262	49.7396
0.01416	0	0	0	56645.7	206.348	49.7248
0.0144	0	0	0	56652.8	206.433	49.71
0.01464	0	0	0	56660.1	206.52	49.695
0.01488	0	3	0	56667.6	206.611	49.6793
0.01512	0	2	0	56675.2	206.701	49.6637
0.01536	0	1	0	56682.7	206.792	49.6481
0.0156	0	0	1	56690.6	206.886	49.6318
0.01584	0	0	0	56698.6	206.982	49.6153
0.01608	0	1	0	56706.7	207.078	49.5988
0.01632	0	1	1	56714.7	207.175	49.5821
0.01656	0	5	1	56723.2	207.277	49.5646
0.0168	0	1	0	56731.7	207.379	49.5472
0.01704	0	3	0	56740.2	207.482	49.5297
0.01728	0	0	1	56749	207.587	49.5117
0.01752	0	0	1	56758	207.696	49.4932
0.01776	0	5	2	56767.1	207.804	49.4747
0.018	0	4	1	56776.1	207.913	49.4562
0.01824	0	3	0	56785.7	208.028	49.4366
0.01848	0	4	0	56795.3	208.144	49.417
0.01872	0	1	3	56804.9	208.26	49.3975
0.01896	0	8	1	56814.7	208.379	49.3774
0.0192	0	4	2	56825	208.502	49.3565
0.01944	0	3	1	56835.2	208.625	49.3357
0.01968	0	2	2	56845.4	208.749	49.315
0.01992	0	4	3	56856.2	208.879	49.293
0.02016	0	4	1	56867.1	209.011	49.2709
0.0204	0	3	4	56878.1	209.143	49.2488
0.02064	0	3	0	56889.2	209.278	49.2263
0.02088	0	4	0	56900.8	209.419	49.2028
0.02112	0	6	0	56912.4	209.559	49.1794
0.02136	0	7	0	56924.1	209.7	49.156
0.0216	0	7	2	56936.3	209.848	49.1314
0.02184	0	6	0	56948.7	209.999	49.1064
0.02208	0	8	0	56961.1	210.15	49.0815
0.02232	0	9	4	56973.7	210.302	49.0563
0.02256	0	7	2	56987	210.464	49.0297
0.0228	0	6	3	57000.3	210.626	49.003
0.02304	0	7	1	57013.7	210.788	48.9764
0.02328	0	8	1	57027.5	210.957	48.9488
0.02352	0	5	7	57041.8	211.132	48.9209
0.02376	0	19	2	57056.1	211.315	48.9001
0.024	0	13	3	57070.4	211.499	48.8794
0.02424	0	11	5	57085.7	211.696	48.8572
0.02448	0	13	3	57101.1	211.893	48.835
0.02472	0	16	4	57116.4	212.09	48.8129
0.02496	0	17	2	57132.3	212.294	48.7901
0.0252	0	14	4	57148.8	212.506	48.7663
0.02544	0	15	6	57165.3	212.719	48.7426
0.02568	0	13	0	57181.8	212.931	48.7189
0.02592	0	17	4	57199.4	213.157	48.6937
0.02616	0	24	3	57217.1	213.386	48.6683
0.0264	0	24	4	57234.9	213.615	48.6429
0.02664	0	25	3	57253	213.85	48.617
0.02688	0	27	4	57272.2	214.097	48.5897
0.02712	0	35	4	57291.3	214.344	48.5624
0.02736	0	30	5	57310.5	214.592	48.5352
0.0276	0	26	5	57330.8	214.854	48.5064
0.02784	0	33	4	57351.5	215.122	48.477
0.02808	0	36	4	57372.3	215.391	48.4477
0.02832	0	27	8	57393.3	215.663	48.4181
0.02856	0	37	9	57415.8	215.954	48.3864
0.0288	0	44	5	57438.3	216.246	48.3548
0.02904	0	52	9	57460.8	216.538	48.3232
0.02928	0	51	3	57484.3	216.843	48.2903
0.02952	0	42	6	57508.7	217.16	48.2562
0.02976	0	54	9	57533.1	217.476	48.2222
0.03	0	69	5	57557.4	217.793	48.1883
0.03024	0	77	8	57584	218.138	48.1515
0.03048	0	65	9	57610.5	218.484	48.1147
0.03072	0	74	9	57637	218.829	48.0781
0.03096	0	80	12	57664.6	219.189	48.04
0.0312	0	75	11	57693.6	219.567	48.0001
0.03144	0	71	5	57722.6	219.946	47.9603
0.03168	0	102	7	57751.6	220.324	47.9207
0.03192	0	88	7	57782.8	220.733	47.878
0.03216	0	99	8	57814.5	221.147	47.8349
0.0324	0	119	11	57846.1	221.561	47.792
0.03264	0	131	8	57878.5	221.986	47.748
0.03288	0	139	7	57913.1	222.439	47.7014
0.03312	0	145	7	57947.6	222.892	47.6549
0.03336	0	160	6	57982.1	223.345	47.6085
0.0336	0	154	11	58018.9	223.829	47.5593
0.03384	0	193	9	58056.6	224.326	47.5089
0.03408	0	207	11	58094.3	224.823	47.4587
0.03432	0	250	7	58132.6	225.327	47.408
0.03456	0	227	6	58174.1	225.875	47.3531
0.0348	0	229	10	58215.6	226.424	47.2985
0.03504	0	233	7	58257.2	226.972	47.244
0.03528	0	279	6	58301.1	227.554	47.1866
0.03552	0	282	12	58346.8	228.16	47.127
0.03576	0	335	4	58392.6	228.767	47.0676
0.036	0	349	10	58438.3	229.374	47.0085
0.03624	0	355	7	58488.7	230.043	46.9437
0.03648	0	401	6	58539.1	230.714	46.8792
0.03672	0	445	10	58589.4	231.385	46.8149
0.03696	0	469	6	58642	232.086	46.7481
0.0372	0	485	11	58697.6	232.828	46.6779
0.03744	0	519	1	58753.1	233.57	46.608
0.03768	0	586	4	58808.7	234.286	46.5221
0.03792	0	614	5	58869.1	235.043	46.417
0.03816	0	656	1	58930.3	235.811	46.3106
0.0384	0	759	2	58991.5	236.579	46.2046
0.03864	0	770	8	59054.6	237.37	46.0957
0.03888	0	801	4	59122.1	238.217	45.9793
0.03912	0	924	5	59189.6	239.063	45.8633
0.03936	0	1115	3	59257.1	239.91	45.7476
0.0396	0	999	7	59329.7	240.822	45.6234
0.03984	0	1139	2	59404.5	241.759	45.496
0.04008	0	1156	13	59479.2	242.696	45.369
0.04032	0	1438	13	59555.1	243.648	45.2403
0.04056	0	1322	3	59638.4	244.692	45.0997
0.0408	0	1439	4	59721.7	245.736	44.9595
0.04104	0	1604	8	59805	246.779	44.8198
0.04128	0	1683	8	59893.4	247.887	44.672
0.04152	0	1915	5	59985.6	249.042	44.5182
0.04176	0	1918	8	60077.9	250.197	44.3651
0.042	0	2100	8	60170.2	251.351	44.2124
0.04224	0	2332	5	60272.3	252.627	44.0443
0.04248	0	2548	10	60374.3	253.902	43.8768
0.04272	0	2575	11	60476.4	255.176	43.71
0.04296	0	2937	12	60583.1	256.539	43.5622
0.0432	0	3063	9	60695.9	257.999	43.4197
0.04344	0	3211	8	60808.7	259.463	43.2785
0.04368	0	3578	5	60921.6	260.931	43.1385
0.04392	0	3945	7	61044.6	262.537	42.9874
0.04416	0	4016	5	61169.2	264.17	42.8356
0.0444	0	4338	5	61293.9	265.807	42.6853
0.04464	0	4811	5	61422.3	267.499	42.5322
0.04488	0	4856	10	61559.9	269.317	42.3697
0.04512	0	5403	5	61697.5	271.142	42.2091
0.04536	0	6017	2	61835.1	272.973	42.0502
0.0456	0	6148	6	61981.8	274.932	41.8826
0.04584	0	6692	4	62132.3	276.948	41.7128
0.04608	0	7341	6	62282.7	278.982	41.5351
0.04632	0	7734	6	62435.1	281.077	41.3267
0.04656	0	8222	7	62599	283.328	41.1046
0.0468	0	8766	6	62762.9	285.575	40.8846
0.04704	0	9729	2	62926.8	287.818	40.6666
0.04728	0	10273	4	63097.1	290.142	40.4424
0.04752	0	10993	5	63272.2	292.526	40.2141
0.04776	0	11907	2	63447.2	294.903	39.9882
0.048	0	12528	4	63622.3	297.273	39.7645
0.04824	0	13714	1	63808.2	299.783	39.5294
0.04848	0	14630	6	63994	302.271	39.2999
0.04872	0	15864	4	64179.9	304.602	39.1092
0.04896	0	16831	4	64369.9	306.976	38.9172
0.0492	0	17698	0	64565.4	309.408	38.7226
0.04944	0	18864	5	64760.8	311.83	38.531
0.04968	0	20213	5	64956.3	314.24	38.3422
0.04992	0	22027	2	65155.4	316.683	38.1529
0.05016	0	23404	4	65355.2	319.121	37.9659
0.0504	0	24646	8	65555	321.545	37.7819
0.05064	0	26778	8	65754.3	323.959	37.5984
0.05088	0	28279	4	65952.4	326.403	37.4044
0.05112	0	30159	3	66150.6	328.869	37.2081
0.05136	0	32355	3	66348.8	331.359	37.0096
0.0516	0	34354	2	66537.8	333.756	36.8184
0.05184	0	36456	4	66723.1	336.127	36.629
0.05208	0	39191	3	66908.3	338.519	36.4377
0.05232	0	41219	2	67090.6	340.892	36.248
0.05256	0	44021	5	67254.2	343.042	36.0761
0.0528	0	46541	4	67417.9	345.208	35.9028
0.05304	0	49216	2	67581.5	347.516	35.7054
0.05328	0	53047	3	67720.6	349.511	35.5353
0.05352	0	55863	0	67841.3	351.247	35.3896
0.05376	0	58695	4	67961.9	352.988	35.2456
0.054	0	62472	1	68082.6	354.734	35.1033
0.05424	0	65554	2	68151.2	355.729	35.0231
0.05448	0	69303	4	68219.9	356.727	34.9435
0.05472	0	73421	4	68288.5	357.726	34.8644
0.05496	0	75970	2	68329.1	358.317	34.8179
0.0552	0	80896	3	68332.2	358.363	34.8143
0.05544	0	84637	6	68335.4	358.409	34.8107
0.05568	0	88976	4	68338.5	358.455	34.8071
0.05592	0	92578	4	68267.7	357.423	34.8884
0.05616	0	96615	3	68184.5	356.213	34.9844
0.0564	0	101507	2	68101.4	355.006	35.0813
0.05664	0	105052	4	67992.1	353.423	35.2099
0.05688	0	110401	4	67817.3	350.902	35.4184
0.05712	0	115073	3	67642.6	348.391	35.6305
0.05736	0	118765	5	67467.9	345.891	35.8462
0.0576	0	122404	1	67219.7	342.587	36.1124
0.05784	0	126748	0	66942.2	338.958	36.4026
0.05808	0	132393	4	66664.6	335.377	36.6889
0.05832	0	134526	4	66375.2	331.693	36.983
0.05856	0	138883	1	66014.5	327.173	37.3431
0.0588	0	143577	5	65653.9	322.741	37.6919
0.05904	0	146907	2	65293.2	318.366	38.0236
0.05928	0	149950	0	64884.6	313.358	38.4111
0.05952	3	152518	7	64440.1	307.85	38.847
0.05976	6	155566	1	63995.5	302.289	39.2984
0.06	12	158531	2	63551	296.309	39.8553
0.06024	11	161592	7	63044.4	289.423	40.5116
0.06048	40	164505	2	62537.8	282.489	41.1872
0.06072	62	167588	3	62031.3	275.594	41.8266
0.06096	71	169156	1	61506.9	268.616	42.4321
0.0612	108	170832	2	60958.8	261.417	43.0926
0.06144	140	173708	1	60410.8	254.357	43.8172
0.06168	184	176098	1	59862.7	247.502	44.7232
0.06192	302	176549	0	59289.1	240.312	45.6927
0.06216	405	175989	2	58711.3	233.012	46.6606
0.0624	584	178285	2	58133.5	225.339	47.4068
0.06264	804	178348	1	57556.2	217.777	48.1901
0.06288	1152	179498	1	56980	210.379	49.0437
0.06312	1368	180094	0	56403.8	203.47	50.2327
0.06336	1663	181320	1	55827.6	196.743	51.496
0.0636	2169	180305	1	55247.9	190.161	52.8292
0.06384	2638	180895	0	54666.8	183.694	54.0392
0.06408	3311	182744	3	54085.7	177.235	55.2238
0.06432	3913	182457	0	53508.7	170.814	56.355
0.06456	4816	179831	0	52956.6	164.464	57.3349
0.0648	5799	181458	1	52404.5	158.172	58.3937
0.06504	6794	181262	6	51852.4	151.949	59.535
0.06528	7869	180013	0	51322.9	146.341	61.0719
0.06552	9208	178593	1	50810.5	140.917	62.6369
0.06576	10498	179048	3	50298	135.503	64.2705
0.066	11911	176722	1	49785.6	129.55	65.5149
0.06624	13201	175566	1	49339.6	124.389	66.5273
0.06648	14679	176985	1	48893.7	119.574	67.7415
0.06672	16073	172909	85	48447.7	115.083	69.1679
0.06696	17373	172319	183	48039.5	112.459	71.5612
0.0672	18936	170183	521	47681.5	110.402	74.0204
0.06744	20260	171054	972	47323.6	108.306	76.6497
0.06768	21944	168049	2093	46965.7	106.176	79.4612
0.06792	23300	166075	2656	46666.4	104.371	81.961
0.06816	24693	166837	3339	46377	101.601	84.0936
0.0684	26024	166975	4023	46087.5	98.6602	86.0682
0.06864	27671	167436	5573	45819.2	95.9068	87.7851
0.06888	29215	165163	8375	45603.8	93.6816	89.079
0.06912	30181	166368	11132	45388.4	91.4468	90.2933
0.06936	31445	166834	14204	45173.1	89.2054	91.4242
0.0696	32628	167527	15777	44994	87.3395	92.2984
0.06984	33681	167200	19122	44829.5	85.7918	92.9137
0.07008	34603	170566	21455	44665	84.4717	93.3038
0.07032	35595	173098	24780	44508.4	83.2062	93.6453
0.07056	36722	173149	30836	44399	82.3184	93.8661
0.0708	38174	174512	32100	44289.7	81.4274	94.0725
0.07104	38963	177580	36304	44180.4	80.5333	94.2642
0.07128	40135	176813	42874	44100.6	79.8798	94.3948
0.07152	41212	180120	45084	44043.1	79.4076	94.4841
0.07176	42605	182723	47104	43985.6	78.9347	94.5693
0.072	43400	184008	54961	43928.1	78.4612	94.6504
0.07224	43798	186676	58799	43902.1	78.247	94.6857
0.07248	45504	190137	62147	43876.1	78.0327	94.7202
0.07272	46084	193859	66964	43850.1	77.8182	94.7538
0.07296	47581	197419	73119	43830.1	77.6531	94.7791
0.0732	47953	201143	78145	43818.1	77.5539	94.7941
0.07344	49292	207406	81872	43806.1	77.4546	94.8089
0.07368	50071	210108	86934	43794.1	77.3554	94.8235
0.07392	51248	213544	96061	43790.2	77.3232	94.8282
0.07416	52059	217863	99301	43787.7	77.3023	94.8312
0.0744	53415	223543	106710	43785.1	77.2814	94.8342
0.07464	54443	229032	113886	43787	77.297	94.832
0.07488	54745	233002	120022	43800	77.4042	94.8163
0.07512	55842	239803	127046	43813	77.5114	94.8004
0.07536	56308	244370	133791	43826	77.6185	94.7843
0.0756	57733	249416	140038	43830.2	77.6534	94.7791
0.07584	58570	254485	147179	43830.9	77.6594	94.7781
0.07608	59404	261322	151951	43831.6	77.6654	94.7772
0.07632	59905	268197	160430	43831.4	77.6634	94.7775
0.07656	61184	275212	169319	43825.3	77.6132	94.7852
0.0768	61719	280431	174109	43819.2	77.563	94.7927
0.07704	62457	287896	182593	43813.1	77.5127	94.8002
0.07728	63279	295173	195153	43832.4	77.6714	94.7763
0.07752	63746	301038	202486	43870.6	77.9867	94.7274
0.07776	65004	308694	209493	43908.8	78.3017	94.6768
0.078	65781	316109	219914	43947	78.6165	94.6242
0.07824	66255	324669	238400	44099.7	79.8723	94.3962
0.07848	67101	332348	243926	44252.5	81.1234	94.1394
0.07872	67759	341013	255769	44405.2	82.3689	93.854
0.07896	68711	351174	273299	44609.7	84.0258	93.4277
0.0792	69684	357913	283841	44883.1	86.2198	92.7797
0.07944	70111	364448	289645	45156.5	89.033	91.5076
0.07968	71213	377185	300945	45429.9	91.8777	90.0658
0.07992	71987	387156	320535	45741.2	95.1023	88.2627
0.08016	73205	396251	323319	46058.8	98.3669	86.2571
0.0804	75191	409991	330705	46376.4	101.596	84.0973
0.08064	76320	422686	349339	46695.7	104.549	81.7102
0.08088	77649	437999	366944	47019.1	106.496	79.0296
0.08112	79839	447418	365630	47342.5	108.418	76.5068
0.08136	81608	460926	380279	47665.8	110.311	74.132
0.0816	83256	480925	411901	47986	112.154	71.9181
0.08184	85764	488530	410919	48304.9	113.957	69.8409
0.08208	88319	503189	414447	48623.8	116.819	68.5786
0.08232	89832	524986	442836	48931.5	119.97	67.6305
0.08256	92465	546572	476996	49171.9	122.538	66.9599
0.0828	95340	559533	455829	49412.3	125.205	66.3489
0.08304	98280	581252	470955	49652.7	127.974	65.7961
0.08328	101439	613865	521759	49811.8	129.865	65.4615
0.08352	104438	631255	529091	49910.1	131.056	65.2672
0.08376	108634	652817	520561	50008.3	132.266	65.0821
0.084	112149	689518	561921	50106.6	133.485	64.8992
0.08424	116207	731679	647973	50061.1	132.923	64.9866
0.08448	119626	745363	586758	50015.6	132.356	65.0688
0.08472	123637	774186	603258	49970.1	131.793	65.153
0.08496	127594	810284	684096	49879.3	130.681	65.3271
0.0852	131213	829668	709704	49728	128.863	65.6347
0.08544	136039	845708	651828	49576.7	127.087	65.9647
0.08568	140922	879883	698513	49425.4	125.353	66.3173
0.08592	144424	923841	857732	49150.9	122.31	67.0161
0.08616	147184	922778	714957	48855.8	119.181	67.8542
0.0864	150290	940912	706843	48560.8	116.192	68.7856
0.08664	154058	986751	824583	48236.3	113.572	70.2773
0.08688	157687	1.01613e+06	899738	47838.3	111.308	72.923
0.08712	160291	1.01417e+06	735129	47440.3	108.994	75.7728
0.08736	164342	1.03531e+06	793764	47042.3	106.635	78.843
0.0876	167486	1.07288e+06	999074	46762.7	104.955	81.141
0.08784	170558	1.06548e+06	860999	46530.5	103.145	82.9982
0.08808	172380	1.06922e+06	799412	46298.3	100.805	84.6425
0.08832	174084	1.09798e+06	929760	46104.5	98.8337	85.9557
0.08856	176582	1.12191e+06	1.09084e+06	46141.6	99.2127	85.7083
0.0888	176936	1.10364e+06	844351	46178.8	99.5912	85.4588
0.08904	179555	1.11503e+06	874875	46215.9	99.9691	85.2073
0.08928	181537	1.15012e+06	1.09169e+06	46295.8	100.779	84.6598
0.08952	183353	1.14371e+06	1.01739e+06	46407.6	101.91	83.8776
0.08976	186117	1.1424e+06	863594	46519.5	103.035	83.0781
0.09	188715	1.16474e+06	973079	46631.3	104.153	82.262
0.09024	190893	1.21063e+06	1.22423e+06	46556.3	103.404	82.8107
0.09048	193177	1.18463e+06	895369	46481.4	102.653	83.3521
0.09072	195197	1.19623e+06	908868	46406.4	101.898	83.8859
0.09096	196311	1.23507e+06	1.12925e+06	46237	100.183	85.0639
0.0912	198366	1.23961e+06	1.1181e+06	45941.5	97.1643	87.0169
0.09144	199970	1.23033e+06	929809	45646	94.1179	88.8319
0.09168	201574	1.24228e+06	1.01477e+06	45350.5	91.0522	90.4987
0.09192	203717	1.2935e+06	1.24573e+06	44981.9	87.2135	92.3552
0.09216	208451	1.2726e+06	1.03072e+06	44601.2	83.957	93.4465
0.0924	214210	1.278e+06	980181	44220.4	80.8612	94.1957
0.09264	222969	1.30733e+06	1.11637e+06	43856.9	77.8739	94.7452
0.09288	231898	1.33898e+06	1.27208e+06	43536.5	75.2241	95.0929
0.09312	241244	1.32362e+06	1.00035e+06	43216	72.5667	95.311
0.09336	253419	1.33934e+06	1.03723e+06	42895.6	69.3101	95.5937
0.0936	266613	1.38642e+06	1.32966e+06	42766.5	67.9796	95.7613
0.09384	282188	1.37769e+06	1.12891e+06	42714.1	67.4439	95.8375
0.09408	299891	1.38625e+06	1.00039e+06	42661.6	66.9111	95.9183
0.09432	320814	1.41438e+06	1.13631e+06	42708.9	67.3917	95.8452
0.09456	342413	1.46356e+06	1.4111e+06	43355.2	73.7211	95.2322
0.0948	368507	1.44606e+06	1.02754e+06	44001.4	79.0643	94.5463
0.09504	403634	1.45881e+06	1.04894e+06	44647.6	84.3318	93.3431
0.09528	439025	1.5097e+06	1.35651e+06	45922.5	96.9692	87.1378
0.09552	473088	1.51311e+06	1.24758e+06	47668.8	110.328	74.111
0.09576	512490	1.51427e+06	1.03713e+06	49415.1	125.237	66.3421
0.096	534368	1.53428e+06	1.18589e+06	51161.4	144.631	61.5579
0.09624	545509	1.59636e+06	1.44608e+06	53604	171.899	56.1842
0.09648	582800	1.55393e+06	1.14111e+06	56046.5	199.277	51.007
0.09672	569596	1.55105e+06	1.10351e+06	58489.1	230.049	46.9432
0.09696	530780	1.57608e+06	1.33746e+06	60829.7	259.736	43.2524
0.0972	514058	1.5644e+06	1.36174e+06	63034.5	289.287	40.5246
0.09744	482495	1.52654e+06	1.15332e+06	65239.2	317.707	38.0741
0.09768	441866	1.50602e+06	1.23134e+06	67443.9	345.555	35.8752
0.09792	374238	1.53058e+06	1.51598e+06	68691.2	363.62	34.4113
0.09816	310227	1.46656e+06	1.23316e+06	69779	379.211	33.4871
0.0984	255312	1.44256e+06	1.18202e+06	70866.7	394.007	32.759
0.09864	197819	1.45555e+06	1.32496e+06	71614.7	403.562	31.8996
0.09888	145703	1.45268e+06	1.54429e+06	71513.2	402.247	32.0155
0.09912	104967	1.41117e+06	1.17523e+06	71411.8	400.94	32.1328
0.09936	72836	1.42054e+06	1.25961e+06	71310.3	399.641	32.2515
0.0996	49301	1.46626e+06	1.66708e+06	70702.6	391.81	32.8694
0.09984	32729	1.4385e+06	1.37618e+06	69892.4	380.778	33.4116
0.10008	21309	1.43101e+06	1.18637e+06	69082.1	369.395	33.9888
0.10032	13224	1.46638e+06	1.43013e+06	68226.8	356.828	34.9355
0.10056	8125	1.5232e+06	1.62179e+06	67101.2	341.032	36.2368
0.1008	4606	1.48976e+06	1.31234e+06	65975.5	326.689	37.3816
0.10104	2871	1.5032e+06	1.32957e+06	64849.9	312.929	38.4446
0.10128	1681	1.57266e+06	1.55955e+06	63921.8	301.312	39.3869
0.10152	903	1.567e+06	1.54976e+06	63141.8	290.752	40.3838
0.10176	460	1.54948e+06	1.35108e+06	62361.9	280.071	41.4265
0.102	240	1.58109e+06	1.46624e+06	61582	269.61	42.3438
0.10224	150	1.65788e+06	2.05547e+06	60966.6	261.518	43.083
0.10248	63	1.60132e+06	1.40334e+06	60351.2	253.613	43.9148
0.10272	27	1.6203e+06	1.35161e+06	59735.7	245.912	44.9359
0.10296	23	1.68998e+06	1.7089e+06	59003.7	236.732	46.1836
0.1032	11	1.68908e+06	1.66911e+06	58116.1	225.109	47.4299
0.10344	2	1.67697e+06	1.42444e+06	57228.5	213.533	48.6521
0.10368	1	1.6992e+06	1.60095e+06	56340.8	202.726	50.3671
0.10392	0	1.79718e+06	1.83133e+06	55569.4	193.786	52.0872
0.10416	0	1.77293e+06	1.63682e+06	54817.3	185.369	53.7281
0.1044	0	1.78225e+06	1.50073e+06	54065.3	177.009	55.2649
0.10464	0	1.83844e+06	1.7866e+06	53312.1	168.548	56.695
0.10488	0	1.88236e+06	2.18283e+06	52556.4	159.897	58.0943
0.10512	0	1.85649e+06	1.66119e+06	51800.6	151.392	59.6721
0.10536	0	1.88421e+06	1.72353e+06	51044.9	143.397	61.9128
0.1056	0	1.95911e+06	1.85166e+06	50134.3	133.777	64.8077
0.10584	0	1.92192e+06	1.75808e+06	49161.7	122.427	66.9871
0.10608	0	1.92302e+06	1.67063e+06	48189.1	113.306	70.5808
0.10632	0	1.9773e+06	1.80743e+06	47171.5	107.405	77.8218
0.10656	0	2.0698e+06	2.46104e+06	45883.1	96.565	87.3864
0.1068	0	2.04678e+06	1.80318e+06	44594.8	83.9058	93.4604
0.10704	0	2.07133e+06	1.85974e+06	43306.5	73.3176	95.2626
0.10728	0	2.15562e+06	2.04362e+06	41783.9	58.4428	97.9697
0.10752	0	2.13743e+06	2.00375e+06	40085.4	46.5026	109.197
0.10776	0	2.1148e+06	1.7892e+06	38387	38.2569	128.843
0.108	0	2.14895e+06	1.94383e+06	36688.6	29.7073	151.823
0.10824	0	2.27426e+06	2.6693e+06	34472.2	17.1209	168.928
0.10848	0	2.21187e+06	1.98234e+06	32255.8	10.5787	210.99
0.10872	0	2.23826e+06	1.9996e+06	30039.5	5.58019	271.197
0.10896	0	2.29724e+06	2.10073e+06	27510.2	2.30896	371.59
0.1092	0	2.2941e+06	2.32782e+06	24563.7	0.552524	542.133
0.10944	0	2.25567e+06	1.94366e+06	21617.2	0.358462	833.684
0.10968	0	2.27333e+06	2.20716e+06	18670.7	0	1379.89
0.10992	0	2.37148e+06	2.47096e+06	15040.7	0	3307.44
0.11016	0	2.30009e+06	2.1574e+06	11296.7	0	16779.1
0.1104	0	2.29244e+06	2.02039e+06	7552.67	0	44260.7
0.11064	0	2.33386e+06	2.11428e+06	3978.58	0	72445.5
0.11088	0	2.35821e+06	2.79865e+06	829.265	0	72445.5
0.11112	0	2.28478e+06	2.04858e+06	-2320.05	0	72445.5
0.11136	0	2.26008e+06	2.06525e+06	-5469.37	0	65992.6
0.1116	0	2.32811e+06	2.20316e+06	-3243.71	0	72445.5
0.11184	3	2.24024e+06	2.13611e+06	1131.93	0	72445.5
0.11208	1337	2.17445e+06	1.88998e+06	5507.58	0	65495.1
0.11232	126522	2.16335e+06	2.06193e+06	11166.5	0	17557
0.11256	1.43217e+06	2.20733e+06	2.5257e+06	24525.2	0.538808	544.896
0.1128	2.93247e+06	2.08051e+06	442401	37883.9	35.9226	135.714
0.11304	3.32471e+06	2.04574e+06	80673	51242.7	145.491	61.3127
0.11328	3.399e+06	2.05664e+06	4	63355.2	293.655	40.1066
0.11352	3.2956e+06	1.94714e+06	3	74533.2	448.769	30.2236
0.11376	2.66936e+06	1.69456e+06	9	85711.2	620.132	23.0063
0.114	1.97406e+06	1.3973e+06	4	96889.2	802.493	18.1125
0.11424	1.60136e+06	1.13952e+06	4	99427.6	843.165	16.8127
0.11448	1.1934e+06	817513	1	101966	883.837	15.5129
0.11472	820045	559730	75	104504	924.509	14.213
0.11496	522774	370528	1132	104742	928.321	14.0912
0.1152	301184	246206	4286	101913	882.987	15.54
0.11544	147176	176044	7397	99083.5	837.652	16.9888
0.11568	60195	143465	12998	96254.2	792.317	18.4377
0.11592	21092	129309	18488	92403.6	730.62	20.4094
0.11616	7464	124555	25082	88382.8	666.283	22.4966
0.1164	4083	124283	32105	84362	599.745	24.1
0.11664	3294	123832	41449	80583.1	539.355	25.7546
0.11688	3293	123180	52511	77409.1	493.611	28.123
0.11712	3225	123995	63724	74235	444.064	30.3203
0.11736	3293	125592	74661	71061	396.482	32.5496
0.1176	3081	125400	86571	68646.1	362.957	34.4611
0.11784	3171	127352	97900	66534.9	333.72	36.8212
0.11808	3180	128701	111142	64423.7	307.647	38.8633
0.11832	3199	131114	123723	62516.3	282.194	41.2164
0.11856	3138	133148	136226	61831.9	272.93	42.0538
0.1188	3086	136148	140964	61147.4	263.883	42.862
0.11904	3134	141073	145146	60463	255.009	43.7319
0.11928	2995	143826	149620	61829.4	272.897	42.0567
0.11952	2785	150635	125964	64734	311.498	38.5571
0.11976	0	147978	75524	67638.6	348.334	35.6353
