0	0	0	0	56653	206.436	49.7096
0.00024	0	0	0	56658.3	206.499	49.6986
0.00048	0	0	0	56663.6	206.562	49.6877
0.00072	0	0	0	56668.9	206.626	49.6767
0.00096	0	0	0	56674.3	206.69	49.6656
0.0012	0	0	0	56679.8	206.756	49.6542
0.00144	0	0	0	56685.3	206.822	49.6429
0.00168	0	0	0	56690.8	206.888	49.6315
0.00192	0	0	0	56696.5	206.956	49.6197
0.00216	0	0	0	56702.2	207.025	49.6079
0.0024	0	0	0	56708	207.094	49.5961
0.00264	0	0	0	56713.8	207.164	49.5841
0.00288	0	0	0	56719.8	207.236	49.5718
0.00312	0	0	0	56725.7	207.307	49.5595
0.00336	0	0	0	56731.7	207.379	49.5472
0.0036	0	0	0	56737.9	207.453	49.5345
0.00384	0	0	0	56744.1	207.528	49.5217
0.00408	0	0	0	56750.4	207.603	49.5089
0.00432	0	0	0	56756.6	207.679	49.4961
0.00456	0	0	0	56763.1	207.757	49.4827
0.0048	0	0	0	56769.7	207.835	49.4694
0.00504	0	0	0	56776.2	207.914	49.4561
0.00528	0	0	0	56782.8	207.994	49.4424
0.00552	0	0	0	56789.6	208.076	49.4285
0.00576	0	0	0	56796.4	208.158	49.4146
0.006	0	0	0	56803.2	208.24	49.4008
0.00624	0	0	0	56810.4	208.326	49.3863
0.00648	0	0	0	56817.5	208.411	49.3718
0.00672	0	0	0	56824.6	208.497	49.3573
0.00696	0	0	0	56831.8	208.585	49.3426
0.0072	0	0	0	56839.2	208.674	49.3275
0.00744	0	0	0	56846.7	208.764	49.3124
0.00768	0	0	0	56854.1	208.854	49.2973
0.00792	0	0	0	56861.8	208.947	49.2817
0.00816	0	0	0	56869.6	209.041	49.2659
0.0084	0	0	0	56877.4	209.135	49.2502
0.00864	0	0	0	56885.3	209.23	49.2342
0.00888	0	0	0	56893.4	209.329	49.2178
0.00912	0	0	0	56901.5	209.427	49.2014
0.00936	0	0	0	56909.7	209.526	49.1849
0.0096	0	0	0	56918.1	209.628	49.168
0.00984	0	1	0	56926.6	209.731	49.1508
0.01008	0	0	0	56935.2	209.835	49.1336
0.01032	0	0	0	56943.7	209.939	49.1164
0.01056	0	0	0	56952.7	210.047	49.0984
0.0108	0	0	0	56961.6	210.156	49.0805
0.01104	0	1	0	56970.6	210.264	49.0626
0.01128	0	0	0	56979.8	210.376	49.0442
0.01152	0	2	0	56989.1	210.49	49.0254
0.01176	0	0	0	56998.5	210.604	49.0066
0.012	0	0	0	57007.9	210.718	48.9879
0.01224	0	0	0	57017.7	210.838	48.9683
0.01248	0	0	0	57027.6	210.958	48.9486
0.01272	0	3	0	57037.5	211.078	48.929
0.01296	0	0	2	57047.5	211.205	48.9126
0.0132	0	0	0	57057.9	211.338	48.8976
0.01344	0	0	0	57068.2	211.471	48.8826
0.01368	0	1	1	57078.6	211.604	48.8676
0.01392	0	1	0	57089.4	211.743	48.8519
0.01416	0	0	0	57100.3	211.883	48.8362
0.0144	0	0	0	57111.2	212.023	48.8204
0.01464	0	0	0	57122.3	212.165	48.8045
0.01488	0	3	0	57133.7	212.313	48.788
0.01512	0	2	0	57145.2	212.46	48.7715
0.01536	0	1	0	57156.7	212.608	48.755
0.0156	0	0	1	57168.6	212.761	48.7379
0.01584	0	0	0	57180.6	212.916	48.7205
0.01608	0	1	0	57192.7	213.072	48.7032
0.01632	0	1	1	57204.9	213.229	48.6857
0.01656	0	5	1	57217.6	213.393	48.6675
0.0168	0	1	0	57230.4	213.557	48.6493
0.01704	0	3	0	57243.1	213.722	48.6311
0.01728	0	0	1	57256.3	213.891	48.6123
0.01752	0	0	1	57269.7	214.065	48.5932
0.01776	0	5	2	57283.2	214.239	48.574
0.018	0	4	1	57296.6	214.412	48.5549
0.01824	0	3	0	57310.8	214.596	48.5347
0.01848	0	4	0	57325	214.78	48.5146
0.01872	0	1	3	57339.3	214.963	48.4944
0.01896	0	8	1	57353.8	215.152	48.4738
0.0192	0	4	2	57368.9	215.346	48.4526
0.01944	0	3	1	57383.9	215.541	48.4313
0.01968	0	2	2	57399	215.736	48.4101
0.01992	0	4	3	57414.8	215.941	48.3879
0.02016	0	4	1	57430.7	216.147	48.3655
0.0204	0	3	4	57446.6	216.354	48.3431
0.02064	0	3	0	57462.8	216.564	48.3204
0.02088	0	4	0	57479.7	216.783	48.2967
0.02112	0	6	0	57496.6	217.003	48.2731
0.02136	0	7	0	57513.5	217.222	48.2495
0.0216	0	7	2	57531.1	217.451	48.225
0.02184	0	6	0	57549	217.684	48.2
0.02208	0	8	0	57566.9	217.917	48.1751
0.02232	0	9	4	57585	218.152	48.15
0.02256	0	7	2	57604.1	218.4	48.1236
0.0228	0	6	3	57623.1	218.648	48.0973
0.02304	0	7	1	57642.2	218.897	48.071
0.02328	0	8	1	57661.9	219.154	48.0437
0.02352	0	5	7	57682.2	219.419	48.0158
0.02376	0	19	2	57702.5	219.683	47.9879
0.024	0	13	3	57722.8	219.948	47.9601
0.02424	0	11	5	57744.4	220.23	47.9305
0.02448	0	13	3	57766	220.513	47.901
0.02472	0	16	4	57787.6	220.795	47.8715
0.02496	0	17	2	57809.8	221.086	47.8412
0.0252	0	14	4	57832.9	221.388	47.8099
0.02544	0	15	6	57855.9	221.69	47.7786
0.02568	0	13	0	57879	221.992	47.7474
0.02592	0	17	4	57903.3	222.311	47.7145
0.02616	0	24	3	57928	222.634	47.6813
0.0264	0	24	4	57952.6	222.957	47.6482
0.02664	0	25	3	57977.7	223.287	47.6145
0.02688	0	27	4	58004	223.633	47.5792
0.02712	0	35	4	58030.3	223.979	47.544
0.02736	0	30	5	58056.6	224.326	47.5089
0.0276	0	26	5	58084.3	224.691	47.472
0.02784	0	33	4	58112.6	225.063	47.4346
0.02808	0	36	4	58140.8	225.435	47.3972
0.02832	0	27	8	58169.3	225.812	47.3595
0.02856	0	37	9	58199.6	226.212	47.3195
0.0288	0	44	5	58229.9	226.613	47.2797
0.02904	0	52	9	58260.3	227.013	47.2399
0.02928	0	51	3	58291.8	227.432	47.1986
0.02952	0	42	6	58324.4	227.863	47.1562
0.02976	0	54	9	58356.9	228.294	47.1139
0.03	0	69	5	58389.5	228.726	47.0717
0.03024	0	77	8	58424.5	229.191	47.0263
0.03048	0	65	9	58459.6	229.657	46.9811
0.03072	0	74	9	58494.7	230.123	46.9361
0.03096	0	80	12	58530.9	230.605	46.8896
0.0312	0	75	11	58568.8	231.11	46.8412
0.03144	0	71	5	58606.6	231.614	46.793
0.03168	0	102	7	58644.5	232.119	46.745
0.03192	0	88	7	58685	232.659	46.6938
0.03216	0	99	8	58725.8	233.205	46.6423
0.0324	0	119	11	58766.7	233.752	46.591
0.03264	0	131	8	58808.5	234.284	46.5224
0.03288	0	139	7	58852.7	234.837	46.4455
0.03312	0	145	7	58896.8	235.391	46.3688
0.03336	0	160	6	58941	235.945	46.2922
0.0336	0	154	11	58987.7	236.531	46.2113
0.03384	0	193	9	59035.4	237.13	46.1287
0.03408	0	207	11	59083.2	237.729	46.0463
0.03432	0	250	7	59131.5	238.335	45.963
0.03456	0	227	6	59183.4	238.986	45.8739
0.0348	0	229	10	59235.3	239.637	45.7849
0.03504	0	233	7	59287.2	240.287	45.6961
0.03528	0	279	6	59341.6	240.971	45.6031
0.03552	0	282	12	59398	241.678	45.5069
0.03576	0	335	4	59454.5	242.386	45.411
0.036	0	349	10	59510.9	243.093	45.3153
0.03624	0	355	7	59572.2	243.862	45.2114
0.03648	0	401	6	59633.6	244.632	45.1078
0.03672	0	445	10	59694.9	245.401	45.0045
0.03696	0	469	6	59758.6	246.199	44.8975
0.0372	0	485	11	59825.4	247.035	44.7855
0.03744	0	519	1	59892.2	247.872	44.6739
0.03768	0	586	4	59959	248.709	44.5626
0.03792	0	614	5	60030.9	249.608	44.4431
0.03816	0	656	1	60103.6	250.518	44.3225
0.0384	0	759	2	60176.3	251.427	44.2024
0.03864	0	770	8	60250.9	252.36	44.0795
0.03888	0	801	4	60330	253.349	43.9494
0.03912	0	924	5	60409.2	254.338	43.8198
0.03936	0	1115	3	60488.4	255.326	43.6905
0.0396	0	999	7	60572.7	256.405	43.5754
0.03984	0	1139	2	60659.1	257.522	43.4661
0.04008	0	1156	13	60745.5	258.642	43.3575
0.04032	0	1438	13	60833.1	259.78	43.2481
0.04056	0	1322	3	60927.9	261.013	43.1308
0.0408	0	1439	4	61022.6	262.25	43.0143
0.04104	0	1604	8	61117.3	263.489	42.8986
0.04128	0	1683	8	61217	264.797	42.7778
0.04152	0	1915	5	61320.5	266.157	42.6535
0.04176	0	1918	8	61423.9	267.52	42.5302
0.042	0	2100	8	61527.4	268.887	42.4079
0.04224	0	2332	5	61640.2	270.382	42.2757
0.04248	0	2548	10	61753	271.88	42.1447
0.04272	0	2575	11	61865.8	273.382	42.0149
0.04296	0	2937	12	61982.9	274.947	41.8813
0.0432	0	3063	9	62105.8	276.593	41.7425
0.04344	0	3211	8	62228.7	278.244	41.6051
0.04368	0	3578	5	62351.6	279.93	41.4406
0.04392	0	3945	7	62483.9	281.748	41.2604
0.04416	0	4016	5	62617.7	283.584	41.0794
0.0444	0	4338	5	62751.5	285.418	40.8999
0.04464	0	4811	5	62888.6	287.294	40.7173
0.04488	0	4856	10	63034	289.281	40.5253
0.04512	0	5403	5	63179.4	291.263	40.3348
0.04536	0	6017	2	63324.8	293.241	40.146
0.0456	0	6148	6	63478.4	295.326	39.9482
0.04584	0	6692	4	63635.3	297.449	39.748
0.04608	0	7341	6	63792.1	299.567	39.5495
0.04632	0	7734	6	63950.7	301.701	39.3508
0.04656	0	8222	7	64119.4	303.843	39.171
0.0468	0	8766	6	64288	305.954	38.9996
0.04704	0	9729	2	64456.7	308.057	38.8305
0.04728	0	10273	4	64630.9	310.222	38.658
0.04752	0	10993	5	64809.3	312.429	38.4838
0.04776	0	11907	2	64987.8	314.627	38.3121
0.048	0	12528	4	65166.2	316.815	38.1427
0.04824	0	13714	1	65353.9	319.106	37.9671
0.04848	0	14630	6	65541.7	321.385	37.7941
0.04872	0	15864	4	65729.4	323.654	37.6226
0.04896	0	16831	4	65920.5	326.008	37.4357
0.0492	0	17698	0	66116.3	328.44	37.2423
0.04944	0	18864	5	66312	330.895	37.0467
0.04968	0	20213	5	66507.7	333.373	36.8489
0.04992	0	22027	2	66706.6	335.916	36.6459
0.05016	0	23404	4	66906	338.489	36.4402
0.0504	0	24646	8	67105.4	341.087	36.2324
0.05064	0	26778	8	67304.5	343.706	36.023
0.05088	0	28279	4	67502.8	346.39	35.8028
0.05112	0	30159	3	67701	349.23	35.5591
0.05136	0	32355	3	67899.3	352.083	35.3201
0.0516	0	34354	2	68090.4	354.848	35.0941
0.05184	0	36456	4	68278.7	357.583	34.8757
0.05208	0	39191	3	68467	360.331	34.6613
0.05232	0	41219	2	68652.9	363.056	34.4536
0.05256	0	44021	5	68824.3	365.58	34.2656
0.0528	0	46541	4	68995.7	368.114	34.0807
0.05304	0	49216	2	69167.1	370.658	33.8991
0.05328	0	53047	3	69319.6	372.813	33.7919
0.05352	0	55863	0	69457.9	374.747	33.7003
0.05376	0	58695	4	69596.2	376.675	33.6086
0.054	0	62472	1	69734.5	378.595	33.5167
0.05424	0	65554	2	69832.8	379.956	33.4513
0.05448	0	69303	4	69931.2	381.313	33.3858
0.05472	0	73421	4	70029.5	382.665	33.3202
0.05496	0	75970	2	70106.5	383.722	33.2688
0.0552	0	80896	3	70155	384.386	33.2364
0.05544	0	84637	6	70203.5	385.048	33.204
0.05568	0	88976	4	70252	385.71	33.1715
0.05592	0	92578	4	70244.8	385.613	33.1763
0.05616	0	96615	3	70228.4	385.388	33.1873
0.0564	0	101507	2	70211.9	385.163	33.1983
0.05664	0	105052	4	70176.1	384.673	33.2223
0.05688	0	110401	4	70091.7	383.518	33.2787
0.05712	0	115073	3	70007.3	382.359	33.3351
0.05736	0	118765	5	69922.8	381.198	33.3913
0.0576	0	122404	1	69785	379.294	33.4832
0.05784	0	126748	0	69625.7	377.084	33.589
0.05808	0	132393	4	69466.4	374.865	33.6947
0.05832	0	134526	4	69298.8	372.521	33.8057
0.05856	0	138883	1	69081.6	369.386	33.9894
0.0588	0	143577	5	68864.3	366.17	34.2221
0.05904	0	146907	2	68647.1	362.971	34.4601
0.05928	0	149950	0	68398.1	359.324	34.7393
0.05952	0	152521	7	68125.3	355.353	35.0533
0.05976	0	155570	3	67852.6	351.409	35.376
0.06	0	158538	2	67579.8	347.491	35.7076
0.06024	0	161595	8	67271.6	343.271	36.0577
0.06048	0	164518	3	66963.5	339.235	36.3805
0.06072	0	167606	4	66655.3	335.257	36.6984
0.06096	0	169185	3	66340.1	331.25	37.0184
0.0612	0	170865	3	66015.6	327.187	37.342
0.06144	0	173779	3	65691.2	323.19	37.6581
0.06168	0	176172	2	65366.7	319.261	37.9553
0.06192	0	176680	1	65037.5	315.238	38.2646
0.06216	0	176155	2	64707.5	311.17	38.5829
0.0624	0	178524	2	64377.5	307.071	38.9096
0.06264	0	178618	5	64052.2	303.001	39.2399
0.06288	0	179836	5	63738.5	298.843	39.6172
0.06312	0	180605	2	63424.7	294.598	40.017
0.06336	0	181994	2	63111	290.332	40.4241
0.0636	0	181188	2	62800.3	286.087	40.8346
0.06384	0	181899	7	62490.8	281.843	41.2509
0.06408	0	184010	4	62181.4	277.607	41.6579
0.06432	0	183959	3	61874.5	273.499	42.0049
0.06456	0	181706	2	61583.4	269.628	42.3422
0.0648	0	183703	2	61292.2	265.785	42.6873
0.06504	0	183780	13	61001.1	261.969	43.0406
0.06528	0	182811	8	60717.4	258.278	43.3927
0.06552	0	181806	7	60439.3	254.714	43.7705
0.06576	0	182620	4	60161.2	251.239	44.2273
0.066	0	180791	6	59883.1	247.758	44.6891
0.06624	0	179899	4	59634.9	244.648	45.1056
0.06648	0	181755	7	59386.7	241.536	45.5262
0.06672	0	178140	88	59138.5	238.423	45.951
0.06696	0	177975	186	58912.7	235.59	46.3412
0.0672	0	175673	523	58716.6	233.082	46.6539
0.06744	0	176949	973	58520.6	230.467	46.9029
0.06768	0	174121	2099	58324.5	227.864	47.156
0.06792	0	172036	2665	58170.7	225.83	47.3577
0.06816	0	172486	3348	58023.9	223.895	47.5526
0.0684	0	172936	4028	57877.1	221.967	47.7499
0.06864	0	173352	5587	57751.2	220.319	47.9212
0.06888	0	170757	8378	57677.4	219.356	48.0224
0.06912	0	172408	11134	57603.7	218.395	48.1242
0.06936	0	172107	14302	57529.9	217.435	48.2266
0.0696	0	172283	15830	57508.3	217.155	48.2568
0.06984	0	171935	19357	57507.6	217.145	48.2578
0.07008	0	175567	21734	57506.9	217.136	48.2588
0.07032	0	177676	25468	57518.7	217.29	48.2422
0.07056	0	177889	32089	57606.3	218.428	48.1206
0.0708	0	179288	33344	57693.8	219.569	47.9999
0.07104	0	182617	37751	57781.3	220.713	47.8801
0.07128	0	182016	44579	57916.1	222.479	47.6972
0.07152	0	186028	47171	58086.4	224.719	47.4692
0.07176	0	188803	48819	58256.8	226.967	47.2445
0.072	0	190600	57296	58427.1	229.224	47.0231
0.07224	0	194271	61210	58668.5	232.439	46.7146
0.07248	0	197905	64837	58909.9	235.555	46.3461
0.07272	0	203238	69755	59151.3	238.584	45.929
0.07296	0	207299	76043	59419.7	241.949	45.4702
0.0732	0	212484	80847	59723.9	245.764	44.9558
0.07344	0	219946	84802	60028.2	249.574	44.4476
0.07368	1	224070	90154	60332.4	253.378	43.9455
0.07392	0	228990	99319	60686.8	257.881	43.4312
0.07416	0	235874	102647	61049.6	262.603	42.9812
0.0744	5	243167	109737	61412.4	267.368	42.5439
0.07464	5	251099	116549	61792.8	272.41	42.0988
0.07488	8	258362	123159	62217.3	278.09	41.6178
0.07512	10	267978	130696	62641.8	283.915	41.0469
0.07536	22	277004	137166	63066.3	289.722	40.4828
0.0756	33	286839	143070	63494.1	295.538	39.928
0.07584	41	296177	150325	63923.2	301.331	39.3851
0.07608	73	309147	155252	64352.3	306.757	38.9348
0.07632	91	322908	163756	64770.1	311.945	38.5219
0.07656	123	337230	172070	65119.9	316.249	38.1864
0.0768	178	350856	177476	65469.8	320.513	37.86
0.07704	290	368558	185532	65819.6	324.762	37.5347
0.07728	386	387458	198206	66011.3	327.133	37.3463
0.07752	599	406742	205437	66084.5	328.044	37.2738
0.07776	738	431792	211509	66157.7	328.958	37.201
0.078	1030	454709	222211	66230.9	329.875	37.128
0.07824	1372	483380	240857	65720.6	323.546	37.6311
0.07848	1802	515825	245848	65210.3	317.354	38.1012
0.07872	2489	549591	257208	64700	311.078	38.5903
0.07896	3140	589238	274265	63780	299.404	39.5648
0.0792	3930	623878	284517	62313.8	279.41	41.4924
0.07944	4955	661539	289755	60847.6	259.968	43.2302
0.07968	6610	707604	301015	59381.4	241.469	45.5354
0.07992	7616	755632	320535	57078.4	211.602	48.8678
0.08016	8805	784199	323319	54636.1	183.353	54.1025
0.0804	10473	810404	330705	52193.7	155.788	58.8193
0.08064	12077	836045	349339	49678.9	128.282	65.7392
0.08088	13159	856902	366944	46983	106.28	79.3209
0.08112	14318	851721	365630	44287	81.4056	94.0773
0.08136	15152	848869	381943	41591.1	56.6935	98.602
0.0816	16016	858202	423518	39410.1	43.0506	116.32
0.08184	17027	850957	438723	37435.1	33.6881	141.967
0.08208	17192	853196	466220	35460.1	22.317	162.208
0.08232	16980	863206	524737	33666.3	14.3227	181.515
0.08256	17215	876377	590977	32960	12.297	195.43
0.0828	17012	873240	592736	32253.7	10.5735	211.039
0.08304	16949	882472	634868	31547.3	8.94051	228.097
0.08328	16262	900900	714241	31480.7	8.79146	229.808
0.08352	15566	905585	739632	31893.9	9.73083	219.487
0.08376	15256	909355	739600	32307.1	10.7001	209.826
0.084	14956	929696	792489	32720.2	11.689	200.779
0.08424	14568	956458	892020	33728.9	14.52	180.42
0.08448	14761	951486	822293	34737.6	18.3978	166.976
0.08472	14824	964127	836114	35746.2	24.0395	160.41
0.08496	14970	982822	919700	36776.9	30.1897	150.699
0.0852	15395	988836	941462	37836.9	35.6957	136.379
0.08544	15376	990277	866353	38896.8	40.6378	122.375
0.08568	15923	1.0107e+06	897159	39956.8	45.7882	110.439
0.08592	16267	1.04041e+06	1.04326e+06	40677	50.0498	104.152
0.08616	16715	1.02779e+06	879765	41340.6	54.5964	99.6914
0.0864	17594	1.03305e+06	853950	42004.2	60.4903	97.3286
0.08664	18105	1.06782e+06	956734	42523.9	65.5275	96.1524
0.08688	19367	1.08558e+06	1.01759e+06	42684.1	67.139	95.8831
0.08712	19595	1.07419e+06	839156	42844.2	68.7786	95.657
0.08736	20575	1.08684e+06	884522	43004.4	70.4466	95.4739
0.0876	21627	1.11299e+06	1.07711e+06	42884	69.19	95.6076
0.08784	22195	1.10139e+06	925952	42651.4	66.8076	95.9346
0.08808	22955	1.1045e+06	852847	42418.7	64.4845	96.3529
0.08832	23695	1.13321e+06	971231	42129.9	61.6823	97.0011
0.08856	24785	1.16605e+06	1.12395e+06	41504	55.9163	98.9097
0.0888	25443	1.16839e+06	883227	40878.1	51.3604	102.673
0.08904	25391	1.20306e+06	919393	40252.2	47.4583	107.665
0.08928	25831	1.25878e+06	1.14328e+06	39525.7	43.5946	115.015
0.08952	26046	1.26243e+06	1.0814e+06	38723.6	39.8263	124.521
0.08976	26920	1.26807e+06	946004	37921.5	36.1022	135.181
0.09	26840	1.2959e+06	1.07727e+06	37119.4	32.0359	146.228
0.09024	26245	1.34908e+06	1.35288e+06	36763.1	30.1144	150.875
0.09048	26486	1.31402e+06	1.04749e+06	36406.7	28.1561	155.324
0.09072	25736	1.31894e+06	1.08902e+06	36050.4	25.9822	158.553
0.09096	25653	1.35558e+06	1.3372e+06	36020.9	25.7891	158.73
0.0912	25403	1.35099e+06	1.34412e+06	36427.4	28.2704	155.072
0.09144	25068	1.3334e+06	1.16396e+06	36833.9	30.5	149.967
0.09168	25199	1.3381e+06	1.25755e+06	37240.4	32.6754	144.61
0.09192	24712	1.38197e+06	1.49818e+06	37914.7	36.0697	135.278
0.09216	24835	1.3543e+06	1.27484e+06	38633.6	39.4059	125.655
0.0924	24947	1.35473e+06	1.21451e+06	39352.6	42.78	116.976
0.09264	24846	1.37984e+06	1.34309e+06	39992.2	45.9829	110.092
0.09288	25082	1.40749e+06	1.4914e+06	40433.5	48.5356	106.099
0.09312	25750	1.38967e+06	1.2099e+06	40874.7	51.3378	102.697
0.09336	26276	1.40264e+06	1.24061e+06	41316	54.416	99.8359
0.0936	26493	1.44832e+06	1.52548e+06	41481	55.7124	98.9933
0.09384	27246	1.43568e+06	1.32818e+06	41535.6	56.1974	98.7964
0.09408	28028	1.44068e+06	1.20569e+06	41590.2	56.6855	98.605
0.09432	28453	1.46511e+06	1.34965e+06	41630.6	57.0491	98.4668
0.09456	29077	1.51116e+06	1.63258e+06	41586.2	56.6494	98.619
0.0948	29476	1.48782e+06	1.26108e+06	41541.7	56.2518	98.7748
0.09504	29589	1.49885e+06	1.29631e+06	41497.2	55.8562	98.9342
0.09528	30216	1.5458e+06	1.62181e+06	41513.1	55.997	98.877
0.09552	30932	1.54624e+06	1.52271e+06	41574.2	56.5421	98.6606
0.09576	31443	1.54698e+06	1.32103e+06	41635.3	57.0912	98.451
0.096	31796	1.56975e+06	1.48136e+06	41696.4	57.6441	98.2483
0.09624	32695	1.63683e+06	1.75859e+06	41801	58.6002	97.9167
0.09648	32998	1.60745e+06	1.45676e+06	41905.6	59.5679	97.6047
0.09672	33583	1.62588e+06	1.43008e+06	42010.2	60.5473	97.3122
0.09696	34328	1.6753e+06	1.67979e+06	42112.5	61.5158	97.0449
0.0972	34825	1.69204e+06	1.71105e+06	42211.5	62.4651	96.8033
0.09744	35221	1.69079e+06	1.51068e+06	42310.6	63.4249	96.5787
0.09768	35669	1.71373e+06	1.59905e+06	42409.7	64.3953	96.371
0.09792	36460	1.78306e+06	1.89826e+06	42504.4	65.3332	96.1881
0.09816	37021	1.75726e+06	1.62276e+06	42598.4	66.2736	96.0217
0.0984	37698	1.77552e+06	1.5851e+06	42692.4	67.2237	95.8702
0.09864	38442	1.82683e+06	1.75132e+06	42820.4	68.5332	95.6879
0.09888	39138	1.85782e+06	1.99096e+06	43033.5	70.7524	95.4452
0.09912	39822	1.84484e+06	1.6277e+06	43246.5	72.8198	95.2958
0.09936	40392	1.88553e+06	1.73354e+06	43459.6	74.5868	95.1571
0.0996	41616	1.96451e+06	2.17154e+06	43740.9	76.9163	94.8859
0.09984	42050	1.95469e+06	1.89425e+06	44049.7	79.4611	94.4741
0.10008	43247	1.96864e+06	1.71833e+06	44358.4	81.9875	93.9445
0.10032	43543	2.02976e+06	1.99642e+06	44653.5	84.3791	93.3299
0.10056	45016	2.11104e+06	2.22945e+06	44867	86.0912	92.8204
0.1008	46112	2.0832e+06	1.91026e+06	45080.5	88.2407	91.8839
0.10104	47374	2.11568e+06	1.95115e+06	45293.9	90.4641	90.7999
0.10128	48667	2.21093e+06	2.23655e+06	45372.9	91.2857	90.3774
0.10152	50006	2.21813e+06	2.21961e+06	45351.1	91.0584	90.4955
0.10176	51521	2.2254e+06	1.98857e+06	45329.2	90.831	90.6127
0.102	52356	2.29902e+06	2.12119e+06	45307.3	90.6035	90.729
0.10224	53333	2.42671e+06	2.77276e+06	44689.4	84.6684	93.2479
0.10248	54508	2.37978e+06	2.0593e+06	44071.5	79.6405	94.4405
0.10272	55304	2.43973e+06	2.0309e+06	43453.6	74.5371	95.1617
0.10296	56661	2.56418e+06	2.48033e+06	42796.5	68.2869	95.7199
0.1032	57161	2.5887e+06	2.49782e+06	42087.2	61.2757	97.1092
0.10344	57607	2.57732e+06	2.23736e+06	41378	54.8721	99.4751
0.10368	57789	2.6178e+06	2.50442e+06	40668.7	49.9967	104.215
0.10392	57487	2.74866e+06	2.97993e+06	40328.9	47.9089	106.99
0.10416	58046	2.72212e+06	2.57454e+06	40050.7	46.3076	109.527
0.1044	57122	2.76089e+06	2.40987e+06	39772.4	44.7972	112.318
0.10464	56747	2.87221e+06	2.81986e+06	39464.9	43.3084	115.699
0.10488	56315	2.95013e+06	3.30025e+06	39083.9	41.5159	120.118
0.10512	55549	2.91707e+06	2.58795e+06	38702.9	39.7295	124.781
0.10536	55318	2.97356e+06	2.7246e+06	38321.9	37.9547	129.703
0.1056	54276	3.09891e+06	3.09556e+06	38143.6	37.1297	132.101
0.10584	53858	3.04723e+06	2.87412e+06	38046.4	36.6816	133.434
0.10608	53807	3.04387e+06	2.74221e+06	37949.1	36.2334	134.789
0.10632	52838	3.12283e+06	3.04361e+06	37924.8	36.1178	135.135
0.10656	52381	3.23916e+06	3.94475e+06	38337.8	38.0284	129.493
0.1068	51697	3.17033e+06	2.93247e+06	38750.8	39.9534	124.181
0.10704	51205	3.18661e+06	3.00937e+06	39163.7	41.8914	119.171
0.10728	50891	3.29384e+06	3.42472e+06	39486.3	43.4096	115.457
0.10752	50997	3.24336e+06	3.26812e+06	39741.2	44.6328	112.648
0.10776	50922	3.18908e+06	2.83248e+06	39996	46.0036	110.055
0.108	51045	3.22464e+06	3.06067e+06	40250.8	47.4499	107.678
0.10824	51410	3.39017e+06	4.04351e+06	40019.4	46.1337	109.827
0.10848	51573	3.25804e+06	2.98413e+06	39788.1	44.8799	112.154
0.10872	51326	3.26906e+06	2.99134e+06	39556.8	43.7412	114.668
0.10896	51204	3.35068e+06	3.25916e+06	39265.1	42.368	117.987
0.1092	52001	3.32702e+06	3.50435e+06	38892.8	40.6188	122.425
0.10944	51495	3.23853e+06	2.90286e+06	38520.5	38.8781	127.104
0.10968	51360	3.26118e+06	3.21662e+06	38148.2	37.1512	132.038
0.10992	51210	3.39495e+06	3.71915e+06	37921.8	36.1037	135.177
0.11016	50595	3.25805e+06	3.13723e+06	37719.7	35.1231	138.026
0.1104	50236	3.23338e+06	2.9369e+06	37517.6	34.11	140.834
0.11064	49434	3.30131e+06	3.15219e+06	37301.5	32.9957	143.786
0.11088	48842	3.32473e+06	3.93281e+06	37050.4	31.6679	147.142
0.11112	47784	3.183e+06	2.97243e+06	36799.4	30.3123	150.41
0.11136	47330	3.16203e+06	3.01549e+06	36548.3	28.9372	153.582
0.1116	46319	3.26482e+06	3.33802e+06	36349	27.8371	156.024
0.11184	45722	3.12802e+06	3.1074e+06	36170.4	26.7817	157.835
0.11208	44577	3.03349e+06	2.77037e+06	35991.8	25.5993	158.906
0.11232	43625	3.04478e+06	3.02556e+06	35799.6	24.3719	160.08
0.11256	42520	3.10456e+06	3.74945e+06	35525.4	22.7012	161.793
0.1128	41593	2.93164e+06	2.79242e+06	35251.2	21.1216	163.552
0.11304	40035	2.91336e+06	2.75949e+06	34977	19.6303	165.359
0.11328	38106	2.97578e+06	3.03511e+06	34601.3	17.7248	167.912
0.11352	37010	2.85961e+06	2.92179e+06	34149.6	15.9312	173.584
0.11376	35397	2.73118e+06	2.59109e+06	33697.8	14.4216	180.962
0.114	33959	2.72383e+06	2.69399e+06	33246.1	13.0747	189.438
0.11424	32207	2.81607e+06	3.21591e+06	33048.6	12.532	193.519
0.11448	30631	2.62609e+06	2.61816e+06	32851.2	12.0154	197.845
0.11472	29084	2.56544e+06	2.50181e+06	32653.7	11.529	202.196
0.11496	27285	2.59936e+06	2.82038e+06	32530.3	11.2327	204.865
0.1152	25507	2.54696e+06	2.8917e+06	32505.5	11.1734	205.407
0.11544	24141	2.43614e+06	2.43475e+06	32480.8	11.1141	205.95
0.11568	22635	2.44667e+06	2.48276e+06	32456	11.0549	206.496
0.11592	21177	2.5335e+06	2.93858e+06	32429.2	10.9909	207.09
0.11616	19760	2.38295e+06	2.50072e+06	32402	10.926	207.695
0.1164	18512	2.34549e+06	2.26714e+06	32374.8	10.8613	208.301
0.11664	17389	2.40885e+06	2.59216e+06	32448.6	11.0371	206.661
0.11688	16712	2.37696e+06	2.88771e+06	32774.5	11.8215	199.593
0.11712	15415	2.15806e+06	2.30134e+06	33100.5	12.672	192.424
0.11736	14439	2.07878e+06	2.28871e+06	33426.5	13.5943	185.914
0.1176	13582	2.10419e+06	2.76918e+06	33604	14.1293	182.627
0.11784	13049	1.91253e+06	2.26752e+06	33722.2	14.4988	180.536
0.11808	12109	1.82803e+06	1.94042e+06	33840.4	14.8796	178.519
0.11832	11547	1.90013e+06	2.1184e+06	34154.7	15.9494	173.506
0.11856	11440	2.0445e+06	2.63016e+06	35645.6	23.4222	161.037
0.1188	11240	2.22181e+06	2.14511e+06	37136.5	32.1263	146.001
0.11904	10941	2.48804e+06	2.45356e+06	38627.3	39.3763	125.736
0.11928	11209	2.71258e+06	3.11013e+06	45882	96.5531	87.3936
0.11952	10871	2.79689e+06	3.25638e+06	57459.5	216.521	48.325
0.11976	0	2.69826e+06	1.91446e+06	69037.1	368.726	34.0366
