0	0	0	0	56371.3	203.085	50.302
0.00024	0	0	0	56374.6	203.124	50.295
0.00048	0	0	0	56377.9	203.163	50.288
0.00072	0	0	0	56381.2	203.202	50.281
0.00096	0	0	0	56384.5	203.241	50.2738
0.0012	0	0	0	56387.9	203.282	50.2665
0.00144	0	0	0	56391.4	203.323	50.2592
0.00168	0	0	0	56394.8	203.363	50.2519
0.00192	0	0	0	56398.4	203.405	50.2443
0.00216	0	0	0	56402	203.448	50.2367
0.0024	0	0	0	56405.5	203.49	50.229
0.00264	0	0	0	56409.2	203.533	50.2213
0.00288	0	0	0	56412.9	203.578	50.2133
0.00312	0	0	0	56416.7	203.622	50.2053
0.00336	0	0	0	56420.5	203.667	50.1974
0.0036	0	0	0	56424.3	203.713	50.1891
0.00384	0	0	0	56428.3	203.759	50.1808
0.00408	0	0	0	56432.2	203.806	50.1724
0.00432	0	0	0	56436.2	203.853	50.164
0.00456	0	0	0	56440.3	203.902	50.1553
0.0048	0	0	0	56444.4	203.951	50.1466
0.00504	0	0	0	56448.5	203.999	50.1378
0.00528	0	0	0	56452.8	204.05	50.1289
0.00552	0	0	0	56457.1	204.101	50.1197
0.00576	0	0	0	56461.4	204.152	50.1106
0.006	0	0	0	56465.7	204.204	50.1015
0.00624	0	0	0	56470.3	204.257	50.0919
0.00648	0	0	0	56474.8	204.311	50.0823
0.00672	0	0	0	56479.3	204.365	50.0727
0.00696	0	0	0	56484	204.42	50.0629
0.0072	0	0	0	56488.7	204.477	50.0529
0.00744	0	0	0	56493.5	204.533	50.0429
0.00768	0	0	0	56498.3	204.59	50.0328
0.00792	0	0	0	56503.2	204.649	50.0224
0.00816	0	0	0	56508.2	204.708	50.0118
0.0084	0	0	0	56513.3	204.768	50.0013
0.00864	0	0	0	56518.3	204.828	49.9906
0.00888	0	0	0	56523.6	204.891	49.9796
0.00912	0	0	0	56528.9	204.954	49.9685
0.00936	0	0	0	56534.1	205.016	49.9575
0.0096	0	0	0	56539.6	205.081	49.946
0.00984	0	1	0	56545.1	205.147	49.9344
0.01008	0	0	0	56550.7	205.213	49.9228
0.01032	0	0	0	56556.3	205.28	49.9111
0.01056	0	0	0	56562.1	205.349	49.8989
0.0108	0	0	0	56567.9	205.419	49.8867
0.01104	0	1	0	56573.8	205.489	49.8745
0.01128	0	0	0	56579.8	205.56	49.8619
0.01152	0	2	0	56585.9	205.634	49.8491
0.01176	0	0	0	56592.1	205.707	49.8362
0.012	0	0	0	56598.2	205.781	49.8234
0.01224	0	0	0	56604.7	205.858	49.8099
0.01248	0	0	0	56611.2	205.936	49.7964
0.01272	0	3	0	56617.7	206.013	49.7829
0.01296	0	0	2	56624.4	206.093	49.769
0.0132	0	0	0	56631.2	206.175	49.7548
0.01344	0	0	0	56638.1	206.257	49.7405
0.01368	0	1	1	56645	206.339	49.7263
0.01392	0	1	0	56652.2	206.425	49.7113
0.01416	0	0	0	56659.4	206.512	49.6963
0.0144	0	0	0	56666.7	206.599	49.6813
0.01464	0	0	0	56674.1	206.688	49.666
0.01488	0	3	0	56681.7	206.78	49.6502
0.01512	0	2	0	56689.4	206.872	49.6343
0.01536	0	1	0	56697.1	206.964	49.6185
0.0156	0	0	1	56705.1	207.06	49.602
0.01584	0	0	0	56713.2	207.157	49.5852
0.01608	0	1	0	56721.4	207.255	49.5685
0.01632	0	1	1	56729.6	207.354	49.5516
0.01656	0	5	1	56738.2	207.457	49.5339
0.0168	0	1	0	56746.8	207.561	49.5161
0.01704	0	3	0	56755.5	207.665	49.4985
0.01728	0	0	1	56764.4	207.772	49.4802
0.01752	0	0	1	56773.6	207.882	49.4614
0.01776	0	5	2	56782.7	207.993	49.4427
0.018	0	4	1	56791.9	208.103	49.424
0.01824	0	3	0	56801.6	208.22	49.4041
0.01848	0	4	0	56811.4	208.338	49.3842
0.01872	0	1	3	56821.1	208.455	49.3644
0.01896	0	8	1	56831.1	208.576	49.344
0.0192	0	4	2	56841.5	208.701	49.323
0.01944	0	3	1	56851.9	208.827	49.3019
0.01968	0	2	2	56862.2	208.952	49.2808
0.01992	0	4	3	56873.2	209.085	49.2586
0.02016	0	4	1	56884.3	209.219	49.2362
0.0204	0	3	4	56895.4	209.352	49.2139
0.02064	0	3	0	56906.6	209.489	49.1911
0.02088	0	4	0	56918.4	209.632	49.1673
0.02112	0	6	0	56930.2	209.775	49.1436
0.02136	0	7	0	56942	209.918	49.1199
0.0216	0	7	2	56954.4	210.068	49.095
0.02184	0	6	0	56967	210.221	49.0697
0.02208	0	8	0	56979.6	210.374	49.0445
0.02232	0	9	4	56992.3	210.529	49.019
0.02256	0	7	2	57005.8	210.693	48.9921
0.0228	0	6	3	57019.3	210.857	48.9651
0.02304	0	7	1	57032.8	211.022	48.9382
0.02328	0	8	1	57046.9	211.197	48.9135
0.02352	0	5	7	57061.4	211.383	48.8925
0.02376	0	19	2	57075.9	211.569	48.8715
0.024	0	13	3	57090.3	211.755	48.8506
0.02424	0	11	5	57105.9	211.955	48.8281
0.02448	0	13	3	57121.4	212.154	48.8057
0.02472	0	16	4	57137	212.354	48.7833
0.02496	0	17	2	57153	212.561	48.7602
0.0252	0	14	4	57169.7	212.776	48.7362
0.02544	0	15	6	57186.4	212.991	48.7122
0.02568	0	13	0	57203.1	213.206	48.6883
0.02592	0	17	4	57220.9	213.436	48.6628
0.02616	0	24	3	57238.9	213.667	48.6371
0.0264	0	24	4	57256.9	213.899	48.6115
0.02664	0	25	3	57275.3	214.136	48.5853
0.02688	0	27	4	57294.6	214.387	48.5577
0.02712	0	35	4	57314	214.637	48.5302
0.02736	0	30	5	57333.4	214.888	48.5027
0.0276	0	26	5	57354	215.154	48.4736
0.02784	0	33	4	57374.9	215.425	48.444
0.02808	0	36	4	57395.9	215.697	48.4144
0.02832	0	27	8	57417.2	215.972	48.3844
0.02856	0	37	9	57439.9	216.267	48.3525
0.0288	0	44	5	57462.7	216.562	48.3206
0.02904	0	52	9	57485.4	216.857	48.2887
0.02928	0	51	3	57509.3	217.167	48.2555
0.02952	0	42	6	57533.9	217.487	48.2211
0.02976	0	54	9	57558.5	217.807	48.1868
0.03	0	69	5	57583.2	218.128	48.1526
0.03024	0	77	8	57610	218.477	48.1155
0.03048	0	65	9	57636.8	218.826	48.0784
0.03072	0	74	9	57663.6	219.176	48.0414
0.03096	0	80	12	57691.5	219.539	48.0031
0.0312	0	75	11	57720.7	219.921	47.9629
0.03144	0	71	5	57750	220.304	47.9228
0.03168	0	102	7	57779.3	220.687	47.8828
0.03192	0	88	7	57810.9	221.1	47.8398
0.03216	0	99	8	57842.8	221.518	47.7964
0.0324	0	119	11	57874.7	221.936	47.7532
0.03264	0	131	8	57907.5	222.366	47.7089
0.03288	0	139	7	57942.3	222.823	47.6619
0.03312	0	145	7	57977.2	223.281	47.6151
0.03336	0	160	6	58012	223.739	47.5685
0.0336	0	154	11	58049.1	224.227	47.5189
0.03384	0	193	9	58087.2	224.729	47.4682
0.03408	0	207	11	58125.3	225.23	47.4177
0.03432	0	250	7	58163.9	225.74	47.3666
0.03456	0	227	6	58205.8	226.293	47.3115
0.0348	0	229	10	58247.6	226.846	47.2565
0.03504	0	233	7	58289.5	227.4	47.2017
0.03528	0	279	6	58333.8	227.987	47.144
0.03552	0	282	12	58379.9	228.598	47.0841
0.03576	0	335	4	58426	229.211	47.0244
0.036	0	349	10	58472.1	229.823	46.965
0.03624	0	355	7	58522.9	230.498	46.8999
0.03648	0	401	6	58573.6	231.174	46.835
0.03672	0	445	10	58624.4	231.851	46.7705
0.03696	0	469	6	58677.4	232.558	46.7034
0.0372	0	485	11	58733.3	233.306	46.6329
0.03744	0	519	1	58789.3	234.043	46.5559
0.03768	0	586	4	58845.2	234.744	46.4585
0.03792	0	614	5	58906.1	235.507	46.3527
0.03816	0	656	1	58967.7	236.28	46.2458
0.0384	0	759	2	59029.4	237.054	46.1392
0.03864	0	770	8	59092.8	237.85	46.0297
0.03888	0	801	4	59160.7	238.702	45.9128
0.03912	0	924	5	59228.7	239.554	45.7962
0.03936	0	1115	3	59296.6	240.406	45.6799
0.0396	0	999	7	59369.7	241.323	45.5552
0.03984	0	1139	2	59444.9	242.266	45.4273
0.04008	0	1156	13	59520.1	243.208	45.2997
0.04032	0	1438	13	59596.5	244.166	45.1705
0.04056	0	1322	3	59680.2	245.216	45.0293
0.0408	0	1439	4	59763.9	246.265	44.8886
0.04104	0	1604	8	59847.6	247.314	44.7484
0.04128	0	1683	8	59936.5	248.427	44.6
0.04152	0	1915	5	60029.3	249.588	44.4458
0.04176	0	1918	8	60122	250.748	44.2921
0.042	0	2100	8	60214.7	251.908	44.139
0.04224	0	2332	5	60317.3	253.189	43.9704
0.04248	0	2548	10	60419.8	254.47	43.8024
0.04272	0	2575	11	60522.3	255.755	43.6395
0.04296	0	2937	12	60629.5	257.139	43.5035
0.0432	0	3063	9	60742.8	258.607	43.3609
0.04344	0	3211	8	60856.1	260.079	43.2196
0.04368	0	3578	5	60969.4	261.555	43.0796
0.04392	0	3945	7	61092.9	263.169	42.9284
0.04416	0	4016	5	61218	264.809	42.7766
0.0444	0	4338	5	61343.2	266.455	42.6264
0.04464	0	4811	5	61472	268.155	42.4733
0.04488	0	4856	10	61610	269.982	42.311
0.04512	0	5403	5	61748.1	271.815	42.1504
0.04536	0	6017	2	61886.1	273.654	41.9916
0.0456	0	6148	6	62033.4	275.622	41.8242
0.04584	0	6692	4	62184.2	277.646	41.6546
0.04608	0	7341	6	62335.1	279.703	41.4632
0.04632	0	7734	6	62488	281.804	41.2548
0.04656	0	8222	7	62652.3	284.059	41.0328
0.0468	0	8766	6	62816.7	286.311	40.8129
0.04704	0	9729	2	62981	288.558	40.595
0.04728	0	10273	4	63151.7	290.886	40.3709
0.04752	0	10993	5	63327.2	293.274	40.1428
0.04776	0	11907	2	63502.7	295.655	39.917
0.048	0	12528	4	63678.2	298.029	39.6935
0.04824	0	13714	1	63864.5	300.542	39.4586
0.04848	0	14630	6	64050.8	302.984	39.2413
0.04872	0	15864	4	64237.2	305.318	39.0511
0.04896	0	16831	4	64427.6	307.695	38.8595
0.0492	0	17698	0	64623.5	310.129	38.6653
0.04944	0	18864	5	64819.3	312.553	38.4741
0.04968	0	20213	5	65015.2	314.965	38.2858
0.04992	0	22027	2	65214.8	317.41	38.0969
0.05016	0	23404	4	65415.1	319.85	37.9104
0.0504	0	24646	8	65615.3	322.275	37.7269
0.05064	0	26778	8	65815.1	324.707	37.539
0.05088	0	28279	4	66013.8	327.164	37.3438
0.05112	0	30159	3	66212.6	329.645	37.1463
0.05136	0	32355	3	66411.3	332.149	36.9466
0.0516	0	34354	2	66600.9	334.561	36.7541
0.05184	0	36456	4	66786.8	336.948	36.5633
0.05208	0	39191	3	66972.8	339.357	36.3708
0.05232	0	41219	2	67155.7	341.746	36.1797
0.05256	0	44021	5	67320.3	343.914	36.0063
0.0528	0	46541	4	67484.8	346.133	35.8251
0.05304	0	49216	2	67649.3	348.488	35.6222
0.05328	0	53047	3	67789.5	350.501	35.4519
0.05352	0	55863	0	67911.4	352.258	35.3057
0.05376	0	58695	4	68033.3	354.019	35.1613
0.054	0	62472	1	68155.1	355.786	35.0186
0.05424	0	65554	2	68225.4	356.808	34.9371
0.05448	0	69303	4	68295.7	357.831	34.8561
0.05472	0	73421	4	68366	358.856	34.7758
0.05496	0	75970	2	68408.5	359.476	34.7275
0.0552	0	80896	3	68413.8	359.554	34.7214
0.05544	0	84637	6	68419.2	359.632	34.7154
0.05568	0	88976	4	68424.6	359.71	34.7093
0.05592	0	92578	4	68356.6	358.718	34.7866
0.05616	0	96615	3	68276.4	357.549	34.8784
0.0564	0	101507	2	68196.2	356.382	34.971
0.05664	0	105052	4	68090.1	354.842	35.0946
0.05688	0	110401	4	67919.2	352.37	35.2964
0.05712	0	115073	3	67748.3	349.909	35.5017
0.05736	0	118765	5	67577.5	347.458	35.7104
0.0576	0	122404	1	67334	344.096	35.9918
0.05784	0	126748	0	67061.5	340.512	36.2784
0.05808	0	132393	4	66789	336.976	36.5611
0.05832	0	134526	4	66504.8	333.336	36.8519
0.05856	0	138883	1	66150.4	328.867	37.2083
0.0588	0	143577	5	65796.1	324.473	37.5576
0.05904	0	146907	2	65441.8	320.173	37.8858
0.05928	0	149950	0	65040.4	315.274	38.2618
0.05952	1	152518	7	64603.8	309.886	38.6846
0.05976	0	155566	2	64167.3	304.444	39.1221
0.06	4	158531	2	63730.7	298.738	39.6271
0.06024	9	161594	8	63234	292.006	40.2637
0.06048	19	164509	2	62737.2	285.223	40.9189
0.06072	33	167594	3	62240.5	278.402	41.5919
0.06096	53	169166	1	61726.7	271.531	42.1752
0.0612	74	170843	2	61190.2	264.444	42.8103
0.06144	96	173736	1	60653.6	257.451	43.473
0.06168	132	176123	1	60117	250.686	44.3003
0.06192	199	176596	0	59555.5	243.652	45.2398
0.06216	304	176048	2	58989.7	236.557	46.2077
0.0624	406	178358	2	58424	229.184	47.027
0.06264	528	178436	1	57858.3	221.72	47.7755
0.06288	765	179586	1	57292.6	214.36	48.5607
0.06312	1029	180243	0	56726.9	207.321	49.5572
0.06336	1239	181509	1	56161.2	200.615	50.7555
0.0636	1662	180518	1	55588.7	194.006	52.0425
0.06384	1967	181141	0	55013.6	187.553	53.32
0.06408	2472	183062	3	54438.4	181.154	54.5079
0.06432	3206	182839	0	53866.4	174.804	55.6635
0.06456	3747	180281	0	53313.2	168.56	56.6931
0.0648	4567	181966	1	52760	162.217	57.7027
0.06504	5492	181816	6	52206.7	155.935	58.7927
0.06528	6564	180653	0	51671.9	150.032	60.0439
0.06552	7613	179248	1	51150.8	144.518	61.5903
0.06576	8752	179722	3	50629.6	139.004	63.2054
0.066	10053	177469	1	50108.5	133.506	64.8927
0.06624	11115	176267	1	49649.2	127.933	65.8037
0.06648	12621	177733	1	49189.9	122.735	66.9121
0.06672	13999	173668	85	48730.6	117.895	68.238
0.06696	15208	173032	183	48308.8	113.979	69.8165
0.0672	16491	170891	521	47937	111.874	72.2485
0.06744	18226	171717	972	47565.2	109.725	74.8555
0.06768	19685	168740	2093	47193.5	107.536	77.6501
0.06792	21123	166767	2656	46881.8	105.672	80.1481
0.06816	22481	167298	3339	46580	103.641	82.638
0.0684	24002	167456	4023	46278.3	100.603	84.78
0.06864	25077	167841	5573	45999	97.7547	86.6469
0.06888	26401	165604	8375	45775.7	95.4582	88.0528
0.06912	27745	166569	11132	45552.4	93.1485	89.3765
0.06936	29178	167004	14283	45329	90.8292	90.6136
0.0696	30317	167530	15825	45145.8	88.9218	91.5611
0.06984	31189	167242	19213	44978.7	87.1795	92.3705
0.07008	32409	170566	21624	44811.5	85.6478	92.958
0.07032	33470	173098	25019	44652.5	84.3708	93.3322
0.07056	34222	173149	31144	44542.3	83.4813	93.5737
0.0708	35116	174512	32465	44432.2	82.588	93.8007
0.07104	36683	177580	36703	44322	81.6914	94.0129
0.07128	37467	176820	43142	44242.1	81.0385	94.1578
0.07152	38580	180120	45745	44184.8	80.5694	94.2568
0.07176	39545	182723	47556	44127.4	80.0997	94.3517
0.072	40627	184008	55503	44070.1	79.6292	94.4427
0.07224	41804	186676	59510	44045.7	79.4289	94.4801
0.07248	42749	190137	62928	44021.4	79.2285	94.5168
0.07272	43424	193859	67625	43997	79.028	94.5528
0.07296	44717	197419	73754	43978.8	78.8785	94.5791
0.0732	45624	201143	78796	43968.9	78.7971	94.5933
0.07344	46388	207406	82473	43959	78.7157	94.6073
0.07368	47504	210108	87738	43949.2	78.6343	94.6212
0.07392	48476	213544	96913	43947.5	78.6208	94.6235
0.07416	49402	217863	100169	43947.2	78.6185	94.6239
0.0744	50363	223543	107395	43947	78.6163	94.6243
0.07464	51292	229032	114666	43951.7	78.6556	94.6176
0.07488	52365	233002	120769	43969.1	78.7989	94.593
0.07512	53421	239803	127960	43986.5	78.942	94.568
0.07536	54563	244370	134516	44003.9	79.0852	94.5426
0.0756	54991	249416	140839	44014.8	79.1749	94.5265
0.07584	55562	254485	148130	44023.1	79.2432	94.5142
0.07608	56679	261322	152860	44031.5	79.3115	94.5017
0.07632	57509	268197	161332	44039.1	79.3747	94.4901
0.07656	58664	275212	170100	44043.2	79.4076	94.484
0.0768	59237	280431	175040	44047.2	79.4406	94.478
0.07704	60155	287896	183303	44051.2	79.4735	94.4718
0.07728	60534	295173	196113	44082.3	79.729	94.4237
0.07752	61815	301038	203543	44133.7	80.1512	94.3415
0.07776	62306	308694	210200	44185.2	80.5727	94.2561
0.078	63189	316109	220814	44236.6	80.9937	94.1674
0.07824	64034	324669	239316	44405.7	82.3724	93.8531
0.07848	64591	332348	244589	44574.7	83.7433	93.5042
0.07872	65993	341013	256438	44743.8	85.105	93.121
0.07896	66286	351174	273733	44965.7	87.0442	92.4311
0.0792	67425	357913	284333	45258.1	90.0907	90.988
0.07944	68307	364628	289755	45550.5	93.1289	89.3873
0.07968	69984	377415	301015	45842.9	96.1506	87.6383
0.07992	70550	387560	320535	46171.8	99.5203	85.5057
0.08016	72208	397122	323319	46506.9	102.908	83.169
0.0804	73949	411225	330705	46841.9	105.432	80.4782
0.08064	75297	424297	349339	47175.6	107.429	77.7896
0.08088	77119	440009	366944	47505.9	109.378	75.2883
0.08112	78876	449853	365630	47836.3	111.296	72.9369
0.08136	80451	463770	380279	48166.7	113.18	70.7263
0.0816	82313	484058	411901	48485.7	115.454	69.0377
0.08184	84953	491852	410919	48800.3	118.608	68.0222
0.08208	86833	507102	414447	49114.9	121.921	67.1134
0.08232	89993	529360	442836	49417.1	125.259	66.3373
0.08256	92648	551524	476996	49645	127.883	65.813
0.0828	95305	564773	455829	49872.9	130.603	65.3397
0.08304	98946	587283	470955	50100.8	133.422	64.9164
0.08328	101824	620218	521759	50240.4	134.895	64.4587
0.08352	105211	637818	529091	50313.9	135.67	64.219
0.08376	108718	659996	520561	50387.3	136.445	63.9809
0.084	112461	696667	561921	50460.7	137.22	63.7442
0.08424	115386	739465	647973	50380.5	136.373	64.0028
0.08448	119823	753317	586758	50300.3	135.527	64.2631
0.08472	125172	782217	603258	50220.1	134.681	64.5252
0.08496	128105	818417	684096	50092	133.312	64.9317
0.0852	132115	838246	709704	49900.2	130.935	65.2864
0.08544	136245	853769	651828	49708.3	128.629	65.6764
0.08568	140376	888073	698513	49516.4	126.391	66.1024
0.08592	144105	931823	857732	49204.1	122.89	66.8745
0.08616	147007	930552	714957	48871.8	119.347	67.8065
0.0864	149883	948022	706843	48539.5	115.982	68.8566
0.08664	153464	993556	824583	48183.1	113.272	70.62
0.08688	156621	1.02258e+06	899738	47766.5	110.894	73.4214
0.08712	160262	1.01964e+06	735129	47350	108.462	76.4497
0.08736	162383	1.04016e+06	793764	46933.5	105.983	79.7234
0.0876	166420	1.07732e+06	999074	46653.4	104.292	82.0733
0.08784	168539	1.06934e+06	860999	46427.8	102.114	83.7344
0.08808	169798	1.07226e+06	799412	46202.2	99.83	85.3001
0.08832	173060	1.10012e+06	929760	46018.5	97.9542	86.5206
0.08856	173993	1.12392e+06	1.09084e+06	46085.5	98.6402	86.0811
0.0888	175790	1.106e+06	844351	46152.6	99.3245	85.6348
0.08904	178101	1.1176e+06	874875	46219.7	100.007	85.1818
0.08928	179980	1.15291e+06	1.09169e+06	46339.2	101.219	84.3583
0.08952	182448	1.14658e+06	1.01739e+06	46498	102.819	83.2328
0.08976	185546	1.1456e+06	863594	46656.8	104.313	82.0435
0.09	187286	1.16878e+06	973079	46815.7	105.274	80.6968
0.09024	190300	1.21452e+06	1.22423e+06	46811.2	105.247	80.7344
0.09048	193053	1.18897e+06	895369	46806.7	105.22	80.772
0.09072	195383	1.20037e+06	908868	46802.2	105.193	80.8097
0.09096	198052	1.23952e+06	1.12925e+06	46708	104.623	81.6054
0.0912	199752	1.24342e+06	1.1181e+06	46494.2	102.782	83.2598
0.09144	199346	1.23354e+06	929809	46280.5	100.625	84.7653
0.09168	200753	1.24432e+06	1.01477e+06	46066.7	98.4478	86.2052
0.09192	201686	1.29501e+06	1.24573e+06	45728.9	94.9747	88.3374
0.09216	201639	1.2732e+06	1.03095e+06	45370.3	91.258	90.3919
0.0924	203489	1.278e+06	980823	45011.7	87.5241	92.2147
0.09264	207536	1.30733e+06	1.11811e+06	44627.7	84.1712	93.3877
0.09288	212850	1.33898e+06	1.27477e+06	44180.1	80.5314	94.2646
0.09312	221262	1.32362e+06	1.00376e+06	43732.5	76.8468	94.8954
0.09336	228905	1.33934e+06	1.04148e+06	43284.9	73.1386	95.2751
0.0936	238774	1.38642e+06	1.33535e+06	42839.5	68.73	95.6631
0.09384	248632	1.37769e+06	1.13579e+06	42395	64.2508	96.4007
0.09408	260640	1.38625e+06	1.00871e+06	41950.5	59.9864	97.4769
0.09432	274676	1.41438e+06	1.14609e+06	41551.6	56.3401	98.7398
0.09456	292950	1.46356e+06	1.42184e+06	41426.8	55.2361	99.1975
0.0948	313108	1.44606e+06	1.03867e+06	41302.1	54.3143	99.9183
0.09504	338113	1.45881e+06	1.06059e+06	41177.3	53.4169	100.679
0.09528	364589	1.5097e+06	1.36853e+06	41589.3	56.6779	98.608
0.09552	395123	1.51311e+06	1.25741e+06	42404	64.3398	96.3824
0.09576	428975	1.51562e+06	1.04335e+06	43218.7	72.5892	95.3097
0.096	470196	1.54012e+06	1.18974e+06	44033.4	79.3277	94.4988
0.09624	511908	1.60822e+06	1.44807e+06	46079.1	98.5742	86.1237
0.09648	556310	1.58094e+06	1.14111e+06	48124.8	112.943	70.9991
0.09672	595731	1.5969e+06	1.10351e+06	50170.4	134.158	64.6884
0.09696	600318	1.64076e+06	1.33746e+06	52544.5	159.762	58.1175
0.0972	640456	1.64684e+06	1.36174e+06	55356.4	191.374	52.5871
0.09744	640944	1.62616e+06	1.15332e+06	58168.3	225.798	47.3609
0.09768	601847	1.62238e+06	1.23134e+06	60980.2	261.696	43.0663
0.09792	588107	1.65999e+06	1.51598e+06	63446.7	294.896	39.9888
0.09816	553125	1.59774e+06	1.23316e+06	65855.7	325.207	37.4994
0.0984	494326	1.56675e+06	1.18202e+06	68264.7	357.378	34.8918
0.09864	428450	1.57046e+06	1.32496e+06	70300.2	386.367	33.1393
0.09888	372246	1.55545e+06	1.54429e+06	71402.1	400.816	32.1441
0.09912	298547	1.49362e+06	1.17523e+06	72504	415.441	30.9431
0.09936	222553	1.48363e+06	1.25961e+06	73605.9	433.35	30.4691
0.0996	164028	1.5137e+06	1.66708e+06	73706.7	435.053	30.4418
0.09984	118105	1.47173e+06	1.37618e+06	73407	430.004	30.5268
0.10008	81118	1.45289e+06	1.18637e+06	73107.4	424.999	30.6236
0.10032	53009	1.48047e+06	1.43013e+06	72686.9	418.05	30.7794
0.10056	33696	1.53218e+06	1.62179e+06	71541.5	402.613	31.9831
0.1008	21729	1.49514e+06	1.31234e+06	70396.1	387.671	33.0751
0.10104	13971	1.50632e+06	1.32957e+06	69250.7	371.845	33.8375
0.10128	8624	1.57469e+06	1.55955e+06	68212.6	356.62	34.952
0.10152	5076	1.56804e+06	1.54976e+06	67254.9	343.051	36.0753
0.10176	2910	1.55012e+06	1.35108e+06	66297.3	330.71	37.0614
0.102	1603	1.58135e+06	1.46624e+06	65339.6	318.932	37.9804
0.10224	949	1.65802e+06	2.05547e+06	64578.8	309.576	38.7093
0.10248	452	1.6014e+06	1.40334e+06	63818	299.916	39.517
0.10272	265	1.62034e+06	1.35161e+06	63057.2	289.598	40.4947
0.10296	142	1.69e+06	1.7089e+06	62211.7	278.015	41.624
0.1032	67	1.6891e+06	1.66911e+06	61253.2	265.272	42.7342
0.10344	36	1.67697e+06	1.42444e+06	60294.7	252.907	44.0074
0.10368	13	1.6992e+06	1.60095e+06	59336.2	240.903	45.6124
0.10392	12	1.79718e+06	1.83133e+06	58549.1	230.848	46.8663
0.10416	3	1.77293e+06	1.63682e+06	57790.6	220.835	47.8674
0.1044	0	1.78225e+06	1.50073e+06	57032.1	211.013	48.9396
0.10464	0	1.83844e+06	1.7866e+06	56289.1	202.116	50.4781
0.10488	0	1.88236e+06	2.18283e+06	55584.8	193.962	52.0515
0.10512	0	1.85649e+06	1.66119e+06	54880.5	186.073	53.5969
0.10536	0	1.88421e+06	1.72353e+06	54176.3	178.241	55.0409
0.1056	0	1.95911e+06	1.85166e+06	53363.8	169.143	56.6047
0.10584	0	1.92192e+06	1.75808e+06	52508.1	159.348	58.1888
0.10608	0	1.92302e+06	1.67063e+06	51652.3	149.826	60.1006
0.10632	0	1.9773e+06	1.80743e+06	50764.7	140.433	62.7801
0.10656	0	2.0698e+06	2.46104e+06	49685.4	128.359	65.7253
0.1068	0	2.04678e+06	1.80318e+06	48606.1	116.643	68.6362
0.10704	0	2.07133e+06	1.85974e+06	47526.8	109.501	75.1352
0.10728	0	2.15562e+06	2.04362e+06	46299.3	100.815	84.6355
0.10752	0	2.13743e+06	2.00375e+06	44960.5	86.99	92.4553
0.10776	0	2.1148e+06	1.7892e+06	43621.7	75.9298	95.013
0.108	0	2.14895e+06	1.94383e+06	42282.9	63.1552	96.6398
0.10824	0	2.27426e+06	2.6693e+06	40686.4	50.11	104.08
0.10848	0	2.21187e+06	1.98234e+06	39090	41.5447	120.045
0.10872	0	2.23826e+06	1.9996e+06	37493.6	33.9875	141.165
0.10896	0	2.29724e+06	2.10073e+06	35763.4	24.1462	160.304
0.1092	0	2.2941e+06	2.32782e+06	33855	14.9273	178.276
0.10944	0	2.25567e+06	1.94366e+06	31946.6	9.85298	218.219
0.10968	0	2.27333e+06	2.20716e+06	30038.2	5.57755	271.239
0.10992	0	2.37148e+06	2.47096e+06	27722.9	2.48478	361.569
0.11016	0	2.30009e+06	2.1574e+06	25339.9	0.898819	490.076
0.1104	0	2.29244e+06	2.02039e+06	22956.9	0.204733	678.096
0.11064	0	2.33386e+06	2.11428e+06	20242.6	0.000107805	1048.15
0.11088	0	2.35821e+06	2.79865e+06	16700.2	0	2018.6
0.11112	0	2.28478e+06	2.04858e+06	13157.8	0	7696.76
0.11136	0	2.26008e+06	2.06525e+06	9615.41	0	28030.1
0.1116	0	2.32811e+06	2.20316e+06	6077.1	0	58538.4
0.11184	0	2.24024e+06	2.13611e+06	2540.42	0	72445.5
0.11208	0	2.17445e+06	1.88999e+06	-996.265	0	72445.5
0.11232	0	2.16335e+06	2.06327e+06	-3755.46	0	72445.5
0.11256	0	2.20733e+06	2.6542e+06	-1849.73	0	72445.5
0.1128	0	2.08051e+06	1.95249e+06	55.9999	0	72445.5
0.11304	347	2.04574e+06	1.91284e+06	1961.73	0	72445.5
0.11328	70738	2.05664e+06	2.03604e+06	9299.26	0	30406.4
0.11352	1.0412e+06	1.96592e+06	1.88187e+06	20710.6	0.0504603	968.068
0.11376	2.3527e+06	1.87122e+06	627711	32122	10.263	214.074
0.114	2.94821e+06	1.84023e+06	145299	43533.4	75.1989	95.0955
0.11424	3.13468e+06	1.88943e+06	15697	56034.9	199.142	51.0327
0.11448	3.15709e+06	1.75667e+06	1	68536.4	361.347	34.5834
0.11472	2.80181e+06	1.59796e+06	75	81037.9	545.942	25.8084
0.11496	2.12304e+06	1.36879e+06	1132	90037.4	692.707	21.6211
0.1152	1.60591e+06	1.09377e+06	4286	94367.6	762.09	19.4037
0.11544	1.18446e+06	797904	7397	98697.9	831.473	17.1863
0.11568	823240	556930	12998	103028	900.856	14.969
0.11592	545797	376805	18488	101928	883.228	15.5323
0.11616	316953	250672	25082	99922.7	851.098	16.5591
0.1164	156284	178712	32105	97917.5	818.968	17.5859
0.11664	66433	144696	41449	95405.1	778.712	18.8725
0.11688	25336	130728	52511	91624.7	718.139	20.8083
0.11712	10091	127508	63724	87844.3	656.933	22.5077
0.11736	6288	127986	74661	84063.9	595.639	24.3308
0.1176	5415	127446	86571	80811.2	542.632	25.7771
0.11784	5030	129016	97900	77769.7	499.856	27.7701
0.11808	4801	130246	111142	74728.1	451.548	30.1261
0.11832	4563	132473	123723	71940.4	407.839	31.5371
0.11856	4306	134279	136226	70676.3	391.456	32.8871
0.1188	4206	137282	140964	69412.1	374.108	33.7306
0.11904	4052	142154	145146	68148	355.683	35.0269
0.11928	4069	144706	149620	69135	370.18	33.933
0.11952	3696	151707	125964	71810.2	406.12	31.6803
0.11976	0	148927	75524	74485.4	448.087	30.2465
