0	0	0	0	56340.4	202.721	50.368
0.00024	0	0	0	56343.5	202.757	50.3615
0.00048	0	0	0	56346.5	202.793	50.3549
0.00072	0	0	0	56349.6	202.829	50.3483
0.00096	0	0	0	56352.7	202.866	50.3417
0.0012	0	0	0	56355.9	202.904	50.3348
0.00144	0	0	0	56359.1	202.942	50.328
0.00168	0	0	0	56362.3	202.979	50.3211
0.00192	0	0	0	56365.7	203.019	50.314
0.00216	0	0	0	56369	203.058	50.3069
0.0024	0	0	0	56372.4	203.098	50.2997
0.00264	0	0	0	56375.8	203.138	50.2925
0.00288	0	0	0	56379.3	203.18	50.285
0.00312	0	0	0	56382.8	203.221	50.2775
0.00336	0	0	0	56386.3	203.262	50.27
0.0036	0	0	0	56389.9	203.305	50.2623
0.00384	0	0	0	56393.6	203.349	50.2545
0.00408	0	0	0	56397.3	203.392	50.2467
0.00432	0	0	0	56401	203.436	50.2388
0.00456	0	0	0	56404.8	203.482	50.2306
0.0048	0	0	0	56408.7	203.527	50.2224
0.00504	0	0	0	56412.5	203.573	50.2142
0.00528	0	0	0	56416.5	203.62	50.2058
0.00552	0	0	0	56420.5	203.668	50.1972
0.00576	0	0	0	56424.6	203.716	50.1886
0.006	0	0	0	56428.6	203.764	50.18
0.00624	0	0	0	56432.9	203.814	50.171
0.00648	0	0	0	56437.1	203.864	50.162
0.00672	0	0	0	56441.4	203.915	50.153
0.00696	0	0	0	56445.7	203.966	50.1438
0.0072	0	0	0	56450.2	204.019	50.1343
0.00744	0	0	0	56454.6	204.072	50.1249
0.00768	0	0	0	56459.1	204.125	50.1155
0.00792	0	0	0	56463.8	204.18	50.1056
0.00816	0	0	0	56468.5	204.236	50.0957
0.0084	0	0	0	56473.2	204.292	50.0858
0.00864	0	0	0	56477.9	204.348	50.0757
0.00888	0	0	0	56482.9	204.407	50.0653
0.00912	0	0	0	56487.8	204.466	50.0549
0.00936	0	0	0	56492.8	204.524	50.0444
0.0096	0	0	0	56497.9	204.585	50.0336
0.00984	0	1	0	56503.1	204.647	50.0227
0.01008	0	0	0	56508.3	204.709	50.0117
0.01032	0	0	0	56513.5	204.771	50.0007
0.01056	0	0	0	56519	204.837	49.9892
0.0108	0	0	0	56524.5	204.902	49.9776
0.01104	0	1	0	56530	204.967	49.9661
0.01128	0	0	0	56535.6	205.035	49.9543
0.01152	0	2	0	56541.4	205.103	49.9421
0.01176	0	0	0	56547.2	205.172	49.93
0.012	0	0	0	56553	205.241	49.9179
0.01224	0	0	0	56559.1	205.314	49.9051
0.01248	0	0	0	56565.2	205.387	49.8923
0.01272	0	3	0	56571.4	205.46	49.8795
0.01296	0	0	2	56577.6	205.535	49.8664
0.0132	0	0	0	56584.1	205.612	49.8529
0.01344	0	0	0	56590.6	205.689	49.8394
0.01368	0	1	1	56597	205.766	49.8259
0.01392	0	1	0	56603.8	205.847	49.8118
0.01416	0	0	0	56610.7	205.929	49.7975
0.0144	0	0	0	56617.5	206.011	49.7833
0.01464	0	0	0	56624.5	206.094	49.7688
0.01488	0	3	0	56631.7	206.181	49.7537
0.01512	0	2	0	56639	206.268	49.7387
0.01536	0	1	0	56646.2	206.354	49.7237
0.0156	0	0	1	56653.8	206.445	49.708
0.01584	0	0	0	56661.5	206.537	49.6921
0.01608	0	1	0	56669.2	206.629	49.6762
0.01632	0	1	1	56676.9	206.722	49.6601
0.01656	0	5	1	56685.1	206.82	49.6433
0.0168	0	1	0	56693.2	206.917	49.6264
0.01704	0	3	0	56701.4	207.015	49.6096
0.01728	0	0	1	56709.8	207.117	49.5922
0.01752	0	0	1	56718.5	207.221	49.5743
0.01776	0	5	2	56727.2	207.325	49.5565
0.018	0	4	1	56735.9	207.429	49.5387
0.01824	0	3	0	56745.1	207.54	49.5198
0.01848	0	4	0	56754.3	207.651	49.5008
0.01872	0	1	3	56763.5	207.762	49.4819
0.01896	0	8	1	56773	207.876	49.4625
0.0192	0	4	2	56782.9	207.994	49.4424
0.01944	0	3	1	56792.7	208.113	49.4223
0.01968	0	2	2	56802.5	208.232	49.4022
0.01992	0	4	3	56813	208.357	49.381
0.02016	0	4	1	56823.5	208.484	49.3596
0.0204	0	3	4	56834	208.611	49.3382
0.02064	0	3	0	56844.7	208.74	49.3164
0.02088	0	4	0	56855.9	208.875	49.2937
0.02112	0	6	0	56867.1	209.011	49.271
0.02136	0	7	0	56878.3	209.146	49.2483
0.0216	0	7	2	56890.1	209.289	49.2245
0.02184	0	6	0	56902.1	209.434	49.2003
0.02208	0	8	0	56914	209.579	49.1762
0.02232	0	9	4	56926.1	209.725	49.1518
0.02256	0	7	2	56939	209.881	49.1259
0.0228	0	6	3	56951.9	210.037	49.1
0.02304	0	7	1	56964.7	210.194	49.0742
0.02328	0	8	1	56978.1	210.356	49.0474
0.02352	0	5	7	56991.9	210.524	49.0198
0.02376	0	19	2	57005.7	210.692	48.9922
0.024	0	13	3	57019.6	210.86	48.9647
0.02424	0	11	5	57034.4	211.041	48.9351
0.02448	0	13	3	57049.2	211.227	48.9101
0.02472	0	16	4	57064	211.417	48.8886
0.02496	0	17	2	57079.4	211.614	48.8665
0.0252	0	14	4	57095.3	211.819	48.8434
0.02544	0	15	6	57111.3	212.024	48.8203
0.02568	0	13	0	57127.3	212.229	48.7973
0.02592	0	17	4	57144.3	212.448	48.7728
0.02616	0	24	3	57161.5	212.67	48.7481
0.0264	0	24	4	57178.7	212.891	48.7234
0.02664	0	25	3	57196.2	213.117	48.6981
0.02688	0	27	4	57214.8	213.357	48.6716
0.02712	0	35	4	57233.4	213.596	48.645
0.02736	0	30	5	57251.9	213.835	48.6185
0.0276	0	26	5	57271.6	214.089	48.5905
0.02784	0	33	4	57291.8	214.349	48.5618
0.02808	0	36	4	57311.9	214.61	48.5332
0.02832	0	27	8	57332.3	214.873	48.5043
0.02856	0	37	9	57354.1	215.156	48.4734
0.0288	0	44	5	57375.9	215.438	48.4426
0.02904	0	52	9	57397.8	215.721	48.4118
0.02928	0	51	3	57420.7	216.017	48.3796
0.02952	0	42	6	57444.4	216.324	48.3463
0.02976	0	54	9	57468	216.632	48.3131
0.03	0	69	5	57491.7	216.939	48.28
0.03024	0	77	8	57517.5	217.274	48.2439
0.03048	0	65	9	57543.3	217.61	48.208
0.03072	0	74	9	57569.1	217.945	48.1721
0.03096	0	80	12	57596	218.295	48.1348
0.0312	0	75	11	57624.2	218.662	48.0958
0.03144	0	71	5	57652.5	219.03	48.0568
0.03168	0	102	7	57680.7	219.398	48.0179
0.03192	0	88	7	57711.1	219.796	47.9761
0.03216	0	99	8	57742	220.199	47.9338
0.0324	0	119	11	57772.8	220.602	47.8917
0.03264	0	131	8	57804.4	221.016	47.8486
0.03288	0	139	7	57838.1	221.456	47.8028
0.03312	0	145	7	57871.8	221.898	47.7571
0.03336	0	160	6	57905.5	222.339	47.7116
0.0336	0	154	11	57941.4	222.811	47.6632
0.03384	0	193	9	57978.3	223.295	47.6137
0.03408	0	207	11	58015.1	223.779	47.5643
0.03432	0	250	7	58052.5	224.271	47.5144
0.03456	0	227	6	58093.1	224.806	47.4604
0.0348	0	229	10	58133.7	225.341	47.4066
0.03504	0	233	7	58174.3	225.877	47.3529
0.03528	0	279	6	58217.3	226.445	47.2963
0.03552	0	282	12	58262	227.037	47.2376
0.03576	0	335	4	58306.8	227.63	47.1791
0.036	0	349	10	58351.6	228.223	47.1208
0.03624	0	355	7	58401	228.878	47.0568
0.03648	0	401	6	58450.3	229.533	46.9931
0.03672	0	445	10	58499.7	230.19	46.9296
0.03696	0	469	6	58551.2	230.876	46.8636
0.0372	0	485	11	58605.7	231.602	46.7942
0.03744	0	519	1	58660.2	232.329	46.7251
0.03768	0	586	4	58714.7	233.057	46.6563
0.03792	0	614	5	58774.1	233.851	46.5818
0.03816	0	656	1	58834.2	234.606	46.4776
0.0384	0	759	2	58894.3	235.36	46.3731
0.03864	0	770	8	58956.3	236.137	46.2657
0.03888	0	801	4	59022.6	236.969	46.1508
0.03912	0	924	5	59089	237.802	46.0363
0.03936	0	1115	3	59155.4	238.634	45.9221
0.0396	0	999	7	59226.9	239.531	45.7994
0.03984	0	1139	2	59300.4	240.454	45.6735
0.04008	0	1156	13	59373.9	241.376	45.548
0.04032	0	1438	13	59448.7	242.314	45.4208
0.04056	0	1322	3	59530.8	243.343	45.2816
0.0408	0	1439	4	59612.8	244.372	45.1428
0.04104	0	1604	8	59694.9	245.4	45.0045
0.04128	0	1683	8	59782.1	246.493	44.8581
0.04152	0	1915	5	59873.2	247.633	44.7057
0.04176	0	1918	8	59964.2	248.773	44.5539
0.042	0	2100	8	60055.2	249.913	44.4027
0.04224	0	2332	5	60156	251.174	44.2358
0.04248	0	2548	10	60256.9	252.434	44.0696
0.04272	0	2575	11	60357.7	253.694	43.9041
0.04296	0	2937	12	60463.1	255.01	43.7317
0.0432	0	3063	9	60574.6	256.43	43.5729
0.04344	0	3211	8	60686.2	257.873	43.4319
0.04368	0	3578	5	60797.8	259.321	43.2922
0.04392	0	3945	7	60919.5	260.904	43.1411
0.04416	0	4016	5	61042.9	262.515	42.9894
0.0444	0	4338	5	61166.3	264.131	42.8391
0.04464	0	4811	5	61293.4	265.801	42.6859
0.04488	0	4856	10	61429.7	267.597	42.5233
0.04512	0	5403	5	61566.1	269.399	42.3625
0.04536	0	6017	2	61702.4	271.207	42.2034
0.0456	0	6148	6	61847.9	273.144	42.0354
0.04584	0	6692	4	61997.1	275.136	41.8653
0.04608	0	7341	6	62146.3	277.136	41.6971
0.04632	0	7734	6	62297.4	279.184	41.5149
0.04656	0	8222	7	62460.1	281.421	41.2927
0.0468	0	8766	6	62622.7	283.654	41.0726
0.04704	0	9729	2	62785.4	285.883	40.8545
0.04728	0	10273	4	62954.5	288.195	40.6301
0.04752	0	10993	5	63128.2	290.566	40.4016
0.04776	0	11907	2	63302	292.932	40.1754
0.048	0	12528	4	63475.8	295.291	39.9514
0.04824	0	13714	1	63660.4	297.789	39.716
0.04848	0	14630	6	63845	300.28	39.483
0.04872	0	15864	4	64029.7	302.718	39.2631
0.04896	0	16831	4	64218.4	305.083	39.0702
0.0492	0	17698	0	64412.5	307.507	38.8746
0.04944	0	18864	5	64606.6	309.921	38.6819
0.04968	0	20213	5	64800.8	312.323	38.4921
0.04992	0	22027	2	64998.5	314.759	38.3018
0.05016	0	23404	4	65196.8	317.19	38.1139
0.0504	0	24646	8	65395.2	319.608	37.9288
0.05064	0	26778	8	65593	322.006	37.7472
0.05088	0	28279	4	65789.5	324.392	37.564
0.05112	0	30159	3	65986.1	326.819	37.3712
0.05136	0	32355	3	66182.6	329.27	37.1762
0.0516	0	34354	2	66369.6	331.623	36.9886
0.05184	0	36456	4	66552.9	333.949	36.803
0.05208	0	39191	3	66736.2	336.296	36.6155
0.05232	0	41219	2	66916.2	338.622	36.4295
0.05256	0	44021	5	67077.3	340.719	36.2618
0.0528	0	46541	4	67238.4	342.833	36.0928
0.05304	0	49216	2	67399.4	344.963	35.9225
0.05328	0	53047	3	67535.4	346.856	35.7624
0.05352	0	55863	0	67652.5	348.533	35.6184
0.05376	0	58695	4	67769.6	350.214	35.476
0.054	0	62472	1	67886.7	351.901	35.3352
0.05424	0	65554	2	67950.6	352.824	35.259
0.05448	0	69303	4	68014.5	353.748	35.1834
0.05472	0	73421	4	68078.4	354.673	35.1082
0.05496	0	75970	2	68113.6	355.184	35.067
0.0552	0	80896	3	68110.5	355.138	35.0706
0.05544	0	84637	6	68107.4	355.093	35.0743
0.05568	0	88976	4	68104.3	355.048	35.0779
0.05592	0	92578	4	68025.4	353.905	35.1705
0.05616	0	96615	3	67933.9	352.582	35.2789
0.0564	0	101507	2	67842.3	351.262	35.3883
0.05664	0	105052	4	67723.9	349.558	35.5313
0.05688	0	110401	4	67538.3	346.897	35.7589
0.05712	0	115073	3	67352.6	344.342	35.9721
0.05736	0	118765	5	67166.9	341.893	36.1679
0.0576	0	122404	1	66905.4	338.481	36.4408
0.05784	0	126748	0	66613.6	334.723	36.7411
0.05808	0	132393	4	66321.7	331.018	37.0369
0.05832	0	134526	4	66017.4	327.209	37.3402
0.05856	1	138883	1	65638.5	322.556	37.7058
0.0588	2	143577	5	65259.6	317.957	38.055
0.05904	5	146906	2	64880.8	313.31	38.4148
0.05928	9	149948	0	64451.1	307.988	38.836
0.05952	17	152513	6	63983.4	302.137	39.3109
0.05976	29	155559	1	63515.7	295.831	39.9004
0.06	33	158526	0	63047.9	289.471	40.5069
0.06024	74	161580	7	62513.1	282.149	41.2207
0.06048	94	164469	2	61978.3	274.885	41.8866
0.06072	144	167550	3	61443.5	267.778	42.5071
0.06096	199	169107	1	60889.4	260.513	43.1783
0.0612	265	170746	2	60309.8	253.096	43.9827
0.06144	387	173629	1	59730.1	245.841	44.9454
0.06168	506	175950	1	59150.5	238.573	45.9305
0.06192	742	176378	0	58546.6	230.815	46.8695
0.06216	1076	175738	2	57938.8	222.776	47.6667
0.0624	1361	177983	2	57330.9	214.855	48.5063
0.06264	1792	177920	1	56726.1	207.312	49.5587
0.06288	2264	178952	1	56129	200.239	50.8257
0.06312	2764	179506	0	55532	193.361	52.1743
0.06336	3400	180589	1	54934.9	186.678	53.484
0.0636	4183	179424	1	54345.7	180.124	54.6971
0.06384	5040	179884	0	53759.6	173.621	55.8761
0.06408	6157	181606	3	53173.6	166.954	56.9405
0.06432	7068	181165	0	52594.5	160.33	58.0202
0.06456	8135	178436	0	52057	154.247	59.102
0.0648	9503	179858	1	51519.6	148.421	60.489
0.06504	10967	179535	6	50982.1	142.733	62.1053
0.06528	12458	178159	0	50476.9	137.39	63.6925
0.06552	13961	176560	1	49995.8	132.111	65.1052
0.06576	15636	176941	3	49514.7	126.372	66.1063
0.066	17183	174608	1	49033.7	121.05	67.338
0.06624	18405	173274	1	48624.7	116.828	68.5757
0.06648	20098	174959	1	48215.7	113.456	70.4095
0.06672	21468	170882	85	47806.7	111.126	73.1415
0.06696	22798	170691	183	47435.3	108.964	75.8105
0.0672	24785	168286	521	47113.8	107.062	78.2747
0.06744	26530	169332	972	46792.3	105.133	80.8919
0.06768	28065	166454	2093	46470.9	102.547	83.4273
0.06792	29765	164760	2656	46203.4	99.8422	85.292
0.06816	31356	165723	3339	45945	97.2007	86.9942
0.0684	32775	166071	4023	45686.6	94.5378	88.5911
0.06864	34156	166694	5573	45445.7	92.0413	89.9786
0.06888	35396	164478	8375	45248.6	89.9922	91.0372
0.06912	36526	166176	10947	45051.5	87.9393	92.0241
0.06936	37980	166686	14022	44854.5	85.9915	92.8517
0.0696	38732	167481	15537	44686.5	84.645	93.2546
0.06984	40514	167200	18463	44530.2	83.3831	93.5994
0.07008	41474	170566	20714	44373.9	82.1138	93.9149
0.07032	42610	173098	23833	44224.5	80.8948	94.1885
0.07056	43834	173149	29576	44117	80.0138	94.3687
0.0708	44867	174512	30725	44009.4	79.1303	94.5345
0.07104	46430	177580	34949	43901.9	78.2448	94.686
0.07128	47368	176813	41043	43821.6	77.5823	94.7898
0.07152	48454	180120	43459	43761.7	77.0877	94.8619
0.07176	49077	182723	45305	43701.8	76.5927	94.9295
0.072	50324	184008	52795	43641.9	76.0973	94.9927
0.07224	51090	186676	56542	43613.4	75.8615	95.0211
0.07248	52511	190137	60006	43584.9	75.6257	95.0485
0.07272	53841	193859	64896	43556.5	75.3898	95.0749
0.07296	54936	197419	70786	43534.1	75.205	95.0949
0.0732	55352	201143	75927	43520.1	75.0883	95.1072
0.07344	56922	207406	79669	43506	74.9716	95.1192
0.07368	57584	210108	84446	43491.9	74.8549	95.131
0.07392	58595	213544	93642	43482.1	74.7739	95.139
0.07416	59425	217863	96963	43473.1	74.6987	95.1463
0.0744	60271	223543	104055	43464	74.6236	95.1536
0.07464	61284	229032	111388	43457.8	74.5723	95.1584
0.07488	62349	233002	117339	43458.8	74.5806	95.1576
0.07512	62558	239803	124190	43459.8	74.5889	95.1569
0.07536	63680	244370	131055	43460.8	74.5973	95.1561
0.0756	64366	249416	137619	43450.3	74.5104	95.1642
0.07584	65666	254485	144230	43435.3	74.3855	95.1758
0.07608	66200	261322	149102	43420.2	74.2605	95.187
0.07632	67324	268197	157513	43403.1	74.1185	95.1995
0.07656	67715	275212	166401	43373.6	73.8739	95.22
0.0768	69307	280431	171028	43344.1	73.6294	95.2394
0.07704	69146	287896	179733	43314.6	73.3848	95.2577
0.07728	70431	295173	191840	43303.8	73.2953	95.2641
0.07752	70779	301038	199268	43307.1	73.3223	95.2622
0.07776	71234	308694	206248	43310.3	73.3492	95.2603
0.078	72331	316109	216912	43313.6	73.3762	95.2583
0.07824	72236	324669	235093	43420.5	74.2631	95.1868
0.07848	73002	332348	241152	43527.5	75.1495	95.1007
0.07872	74218	341013	252964	43634.4	76.0351	95.0003
0.07896	74465	351174	270769	43790.9	77.3288	94.8273
0.0792	75339	357913	281723	44013.3	79.1626	94.5287
0.07944	75385	364448	287688	44235.8	80.9873	94.1687
0.07968	76368	377175	299434	44458.3	82.8004	93.7481
0.07992	77193	387102	319713	44722.1	84.9311	93.172
0.08016	78182	396010	322801	44992.7	87.3264	92.3043
0.0804	78836	409051	330641	45263.4	90.1462	90.9602
0.08064	79903	421248	349271	45540	93.0207	89.447
0.08088	81404	435468	366944	45831.7	96.0351	87.708
0.08112	82944	443924	365630	46123.3	99.0255	85.8308
0.08136	84735	456519	380279	46414.9	101.984	83.8259
0.0816	86531	474699	411901	46723.2	104.715	81.4762
0.08184	87532	481641	410919	47038	106.61	78.8774
0.08208	90649	495460	414447	47352.9	108.479	76.4276
0.08232	92708	516552	442836	47661.1	110.283	74.166
0.08256	94606	536883	476996	47928.8	111.827	72.3043
0.0828	97101	548845	455829	48196.5	113.348	70.5335
0.08304	99662	569132	470955	48464.2	115.243	69.1114
0.08328	102985	600819	521759	48669.3	117.275	68.432
0.08352	106164	617484	529091	48827.5	118.888	67.9396
0.08376	109548	637797	520561	48985.7	120.54	67.4741
0.084	112598	673350	561921	49143.9	122.234	67.035
0.08424	116529	714497	647973	49188.7	122.721	66.9153
0.08448	120426	727397	586758	49233.5	123.212	66.7977
0.08472	124501	756322	603258	49278.3	123.706	66.6821
0.08496	129216	791704	684096	49286.6	123.798	66.661
0.0852	132343	810640	709704	49246.1	123.351	66.7649
0.08544	137124	826108	651828	49205.6	122.907	66.8705
0.08568	140609	859835	698513	49165.2	122.465	66.9778
0.08592	145532	903917	857732	48999.2	120.683	67.4355
0.08616	149567	903861	714957	48812.3	118.731	67.9857
0.0864	152473	922731	706843	48625.4	116.835	68.5735
0.08664	157684	969222	824583	48393.6	114.559	69.3559
0.08688	161042	999684	899738	48049.8	112.517	71.4928
0.08712	163503	998843	735129	47705.9	110.543	73.8476
0.08736	167084	1.02118e+06	793764	47362.1	108.533	76.3586
0.0876	169872	1.06089e+06	999074	47071.4	106.809	78.6106
0.08784	172964	1.05491e+06	860999	46802.1	105.192	80.8101
0.08808	175124	1.06022e+06	799412	46532.8	103.168	82.9817
0.08832	176497	1.09027e+06	929760	46290.8	100.729	84.6941
0.08856	179529	1.11573e+06	1.09084e+06	46212.9	99.9387	85.2276
0.0888	180728	1.09724e+06	844351	46135.1	99.1457	85.7522
0.08904	182539	1.10879e+06	874875	46057.2	98.3504	86.2677
0.08928	184776	1.14445e+06	1.09169e+06	46005.5	97.8211	86.6049
0.08952	186277	1.1367e+06	1.01739e+06	45973.4	97.4922	86.8121
0.08976	188847	1.13561e+06	863594	45941.3	97.163	87.0177
0.09	190779	1.15789e+06	973079	45909.3	96.8335	87.2216
0.09024	196074	1.20268e+06	1.22423e+06	45746.3	95.155	88.2317
0.09048	199222	1.17816e+06	895369	45583.4	93.4698	89.1977
0.09072	204583	1.1905e+06	908868	45420.4	91.7792	90.118
0.09096	210153	1.23062e+06	1.12924e+06	45253.1	90.0386	91.014
0.0912	215560	1.23605e+06	1.1179e+06	45079.8	88.2336	91.8872
0.09144	224737	1.2289e+06	928843	44906.5	86.4274	92.7032
0.09168	234809	1.24188e+06	1.01241e+06	44733.2	85.0205	93.1459
0.09192	245638	1.29347e+06	1.2424e+06	44826.9	85.7713	92.92
0.09216	257462	1.2726e+06	1.02593e+06	44965.1	87.0385	92.4337
0.0924	272065	1.278e+06	973643	45103.3	88.4789	91.7719
0.09264	288713	1.30733e+06	1.10782e+06	45414	91.7124	90.1534
0.09288	306339	1.33898e+06	1.26316e+06	46155.9	99.358	85.6128
0.09312	320933	1.32349e+06	991546	46897.8	105.769	80.016
0.09336	337248	1.33819e+06	1.02827e+06	47639.7	110.159	74.3189
0.0936	364066	1.38392e+06	1.32016e+06	48907.7	119.721	67.7
0.09384	382646	1.37118e+06	1.12032e+06	50386.3	136.434	63.9842
0.09408	395738	1.37352e+06	992993	51864.8	152.088	59.5083
0.09432	399990	1.39352e+06	1.12978e+06	53402.2	169.585	56.538
0.09456	427602	1.4335e+06	1.40495e+06	55292.2	190.654	52.7359
0.0948	452409	1.39861e+06	1.0241e+06	57182.3	212.938	48.7181
0.09504	416545	1.3906e+06	1.04716e+06	59072.4	237.594	46.0649
0.09528	389152	1.41915e+06	1.35546e+06	60776.9	259.05	43.3182
0.09552	372903	1.39807e+06	1.24758e+06	62342.3	279.801	41.4534
0.09576	332740	1.36849e+06	1.03713e+06	63907.6	301.122	39.4046
0.096	298373	1.36284e+06	1.18589e+06	65473	320.552	37.8571
0.09624	258422	1.40286e+06	1.44608e+06	66072.7	327.897	37.2855
0.09648	217129	1.34491e+06	1.14111e+06	66672.5	335.478	36.6808
0.09672	174472	1.33263e+06	1.10351e+06	67272.2	343.279	36.0571
0.09696	135022	1.35597e+06	1.33746e+06	67486.5	346.157	35.8231
0.0972	101234	1.35062e+06	1.36174e+06	67186.7	342.153	36.1472
0.09744	73233	1.32857e+06	1.15332e+06	66886.9	338.241	36.46
0.09768	52386	1.32988e+06	1.23134e+06	66587.1	334.385	36.7681
0.09792	35597	1.37879e+06	1.51598e+06	65902.5	325.785	37.4535
0.09816	24076	1.34494e+06	1.23316e+06	65153.8	316.663	38.1544
0.0984	15934	1.34785e+06	1.18202e+06	64405	307.414	38.882
0.09864	10010	1.38396e+06	1.32496e+06	63656.3	297.734	39.7212
0.09888	5988	1.40122e+06	1.54429e+06	62907.7	287.556	40.692
0.09912	3472	1.37574e+06	1.17523e+06	62159	277.307	41.6828
0.09936	2049	1.39671e+06	1.25961e+06	61410.4	267.341	42.5463
0.0996	1222	1.45102e+06	1.66708e+06	60687.2	257.886	43.4307
0.09984	672	1.42876e+06	1.37618e+06	59974.3	248.899	44.5372
0.10008	386	1.4252e+06	1.18637e+06	59261.3	239.963	45.7404
0.10032	183	1.463e+06	1.43013e+06	58527.7	230.562	46.8937
0.10056	73	1.52118e+06	1.62179e+06	57670	219.26	48.0326
0.1008	42	1.4887e+06	1.31234e+06	56812.4	208.35	49.3821
0.10104	27	1.50256e+06	1.32957e+06	55954.8	198.212	51.2107
0.10128	15	1.57231e+06	1.55955e+06	55235.7	190.026	52.8548
0.10152	5	1.56683e+06	1.54976e+06	54620.7	183.181	54.1341
0.10176	7	1.5494e+06	1.35108e+06	54005.6	176.348	55.3847
0.102	1	1.58104e+06	1.46624e+06	53390.6	169.452	56.5581
0.10224	0	1.65787e+06	2.05547e+06	52765.6	162.281	57.6919
0.10248	0	1.60131e+06	1.40334e+06	52140.7	155.189	58.9284
0.10272	0	1.62029e+06	1.35161e+06	51515.7	148.381	60.5002
0.10296	0	1.68998e+06	1.7089e+06	50691.5	139.658	63.01
0.1032	0	1.68908e+06	1.66911e+06	49601.5	127.376	65.9089
0.10344	0	1.67697e+06	1.42444e+06	48511.6	115.707	68.9501
0.10368	0	1.6992e+06	1.60095e+06	47421.6	108.884	75.9119
0.10392	0	1.79718e+06	1.83133e+06	46254.1	100.357	84.9468
0.10416	0	1.77293e+06	1.63682e+06	45073.6	88.1689	91.9175
0.1044	0	1.78225e+06	1.50073e+06	43893.1	78.1722	94.6978
0.10464	0	1.83844e+06	1.7866e+06	42614.7	66.4372	95.9945
0.10488	0	1.88236e+06	2.18283e+06	41091.5	52.8141	101.226
0.10512	0	1.85649e+06	1.66119e+06	39568.4	43.796	114.538
0.10536	0	1.88421e+06	1.72353e+06	38045.3	36.6768	133.449
0.1056	0	1.95911e+06	1.85166e+06	35964.9	25.4243	159.07
0.10584	0	1.92192e+06	1.75808e+06	33661.5	14.3075	181.602
0.10608	0	1.92302e+06	1.67063e+06	31358.1	8.51983	233.005
0.10632	0	1.9773e+06	1.80743e+06	28885.6	3.70361	311.96
0.10656	0	2.0698e+06	2.46104e+06	25398.1	0.930784	486.436
0.1068	0	2.04678e+06	1.80318e+06	21910.7	0.320419	795.519
0.10704	0	2.07133e+06	1.85974e+06	18423.3	0	1440.45
0.10728	0	2.15562e+06	2.04362e+06	14383	0	4363.86
0.10752	0	2.13743e+06	2.00375e+06	9928.18	0	25754.5
0.10776	0	2.1148e+06	1.7892e+06	5473.32	0	65940.9
0.108	0	2.14895e+06	1.94383e+06	1018.47	0	72445.5
0.10824	0	2.27426e+06	2.6693e+06	-778.77	0	72445.5
0.10848	0	2.21187e+06	1.98234e+06	-2576.01	0	72445.5
0.10872	0	2.23826e+06	1.9996e+06	-4373.25	0	72445.5
0.10896	35	2.29724e+06	2.10073e+06	-1978.68	0	72445.5
0.1092	15586	2.2941e+06	2.32778e+06	6004.97	0	59373.8
0.10944	388261	2.25567e+06	1.92808e+06	13988.6	0	5213.9
0.10968	1.72824e+06	2.27333e+06	1.81828e+06	21972.3	0.298794	787.813
0.10992	3.04204e+06	2.37148e+06	640738	35458.3	22.3066	162.219
0.11016	3.47374e+06	2.30009e+06	118082	49861.5	130.465	65.3621
0.1104	3.68033e+06	2.29244e+06	11	64264.6	305.661	39.0233
0.11064	3.693e+06	2.29859e+06	5	77145.3	489.05	28.3699
0.11088	3.17606e+06	2.15672e+06	0	86220.1	628.581	22.6756
0.11112	2.44438e+06	1.82283e+06	5	95294.8	776.946	18.9289
0.11136	1.95489e+06	1.48921e+06	5	104370	922.349	14.2821
0.1116	1.59691e+06	1.17875e+06	4	107865	978.356	12.4922
0.11184	1.21442e+06	855546	4	109129	998.603	11.8451
0.11208	845634	591553	3	110392	1018.85	11.198
0.11232	546631	401509	1	111048	1029.35	10.8624
0.11256	326051	279128	5	108055	981.396	12.395
0.1128	171278	205019	2	105062	933.437	13.9277
0.11304	76068	168562	2	102068	885.478	15.4604
0.11328	28279	153862	4	98455.5	827.59	17.3104
0.11352	8692	147898	3	94377.9	762.253	19.3985
0.11376	2447	146175	9	90300.2	696.917	21.4865
0.114	935	144151	4	86222.5	628.622	22.6742
0.11424	786	140811	4	82770.6	576.18	25.2444
0.11448	800	138723	1	79318.7	522.112	26.0045
0.11472	947	134629	75	75866.8	467.785	29.4209
0.11496	987	129811	1132	72789.8	419.744	30.7391
0.1152	1043	126113	4286	70212.7	385.174	33.1978
0.11544	1198	125035	7397	67635.6	348.29	35.639
0.11568	1292	124533	12998	65058.5	315.495	38.2447
0.11592	1448	122304	18488	63047.3	289.463	40.5077
0.11616	1553	121220	25082	61130.5	263.662	42.8825
0.1164	1691	121984	32105	59213.7	239.367	45.8218
0.11664	1788	121847	41449	57437.4	216.234	48.3561
0.11688	1758	121313	52511	56012.1	198.877	51.0831
0.11712	1996	122312	63724	54586.9	182.805	54.2037
0.11736	2094	123980	74661	53161.6	166.817	56.9619
0.1176	2113	124076	86571	52006.7	153.68	59.2075
0.11784	2246	126104	97900	50959.8	142.497	62.174
0.11808	2247	127468	111142	49912.9	131.091	65.2617
0.11832	2234	130078	123723	48999.1	120.683	67.4356
0.11856	2244	132223	136226	48884	119.474	67.7701
0.1188	2273	135253	140964	48768.9	118.286	68.1188
0.11904	2316	140172	145146	48653.7	117.119	68.4818
0.11928	2422	142959	149620	50395.3	136.529	63.955
0.11952	2176	149685	125964	53529.4	171.054	56.3197
0.11976	0	146873	75524	56663.5	206.561	49.6879
