0	0	0	0	56663.3	206.558	49.6883
0.00024	0	0	0	56668.6	206.622	49.6773
0.00048	0	0	0	56674	206.687	49.6662
0.00072	0	0	0	56679.3	206.751	49.6551
0.00096	0	0	0	56684.8	206.816	49.6439
0.0012	0	0	0	56690.3	206.883	49.6324
0.00144	0	0	0	56695.9	206.95	49.6209
0.00168	0	0	0	56701.5	207.016	49.6094
0.00192	0	0	0	56707.3	207.086	49.5975
0.00216	0	0	0	56713.1	207.155	49.5855
0.0024	0	0	0	56718.9	207.225	49.5736
0.00264	0	0	0	56724.8	207.296	49.5615
0.00288	0	0	0	56730.8	207.368	49.5491
0.00312	0	0	0	56736.9	207.441	49.5366
0.00336	0	0	0	56742.9	207.514	49.5242
0.0036	0	0	0	56749.1	207.589	49.5114
0.00384	0	0	0	56755.4	207.665	49.4985
0.00408	0	0	0	56761.8	207.74	49.4856
0.00432	0	0	0	56768.1	207.817	49.4726
0.00456	0	0	0	56774.7	207.896	49.4591
0.0048	0	0	0	56781.3	207.975	49.4456
0.00504	0	0	0	56787.9	208.055	49.4322
0.00528	0	0	0	56794.6	208.136	49.4184
0.00552	0	0	0	56801.5	208.219	49.4044
0.00576	0	0	0	56808.4	208.302	49.3903
0.006	0	0	0	56815.2	208.385	49.3763
0.00624	0	0	0	56822.4	208.471	49.3617
0.00648	0	0	0	56829.6	208.558	49.3471
0.00672	0	0	0	56836.8	208.645	49.3325
0.00696	0	0	0	56844.1	208.733	49.3176
0.0072	0	0	0	56851.6	208.824	49.3024
0.00744	0	0	0	56859.1	208.914	49.2871
0.00768	0	0	0	56866.6	209.005	49.2719
0.00792	0	0	0	56874.5	209.1	49.2561
0.00816	0	0	0	56882.3	209.195	49.2402
0.0084	0	0	0	56890.2	209.29	49.2243
0.00864	0	0	0	56898.1	209.386	49.2083
0.00888	0	0	0	56906.3	209.486	49.1917
0.00912	0	0	0	56914.6	209.585	49.1751
0.00936	0	0	0	56922.8	209.685	49.1585
0.0096	0	0	0	56931.3	209.788	49.1414
0.00984	0	1	0	56939.9	209.892	49.1241
0.01008	0	0	0	56948.5	209.997	49.1068
0.01032	0	0	0	56957.2	210.102	49.0894
0.01056	0	0	0	56966.2	210.212	49.0713
0.0108	0	0	0	56975.2	210.321	49.0532
0.01104	0	1	0	56984.3	210.431	49.0351
0.01128	0	0	0	56993.6	210.544	49.0166
0.01152	0	2	0	57003	210.659	48.9976
0.01176	0	0	0	57012.5	210.774	48.9787
0.012	0	0	0	57022	210.889	48.9599
0.01224	0	0	0	57031.9	211.011	48.94
0.01248	0	0	0	57041.9	211.132	48.9208
0.01272	0	3	0	57051.8	211.26	48.9064
0.01296	0	0	2	57062	211.39	48.8917
0.0132	0	0	0	57072.4	211.525	48.8765
0.01344	0	0	0	57082.9	211.659	48.8614
0.01368	0	1	1	57093.3	211.793	48.8463
0.01392	0	1	0	57104.2	211.933	48.8305
0.01416	0	0	0	57115.2	212.075	48.8147
0.0144	0	0	0	57126.2	212.216	48.7988
0.01464	0	0	0	57137.4	212.359	48.7827
0.01488	0	3	0	57148.9	212.508	48.7661
0.01512	0	2	0	57160.5	212.657	48.7495
0.01536	0	1	0	57172	212.806	48.7329
0.0156	0	0	1	57184	212.96	48.7156
0.01584	0	0	0	57196.2	213.117	48.6982
0.01608	0	1	0	57208.4	213.274	48.6807
0.01632	0	1	1	57220.7	213.432	48.6632
0.01656	0	5	1	57233.5	213.598	48.6448
0.0168	0	1	0	57246.4	213.764	48.6265
0.01704	0	3	0	57259.2	213.929	48.6082
0.01728	0	0	1	57272.5	214.1	48.5893
0.01752	0	0	1	57286	214.275	48.57
0.01776	0	5	2	57299.6	214.45	48.5507
0.018	0	4	1	57313.1	214.625	48.5315
0.01824	0	3	0	57327.4	214.81	48.5112
0.01848	0	4	0	57341.7	214.995	48.4909
0.01872	0	1	3	57356	215.181	48.4707
0.01896	0	8	1	57370.7	215.37	48.45
0.0192	0	4	2	57385.9	215.567	48.4286
0.01944	0	3	1	57401	215.763	48.4072
0.01968	0	2	2	57416.2	215.959	48.3859
0.01992	0	4	3	57432.1	216.165	48.3635
0.02016	0	4	1	57448.1	216.373	48.341
0.0204	0	3	4	57464.1	216.581	48.3185
0.02064	0	3	0	57480.4	216.793	48.2957
0.02088	0	4	0	57497.4	217.013	48.272
0.02112	0	6	0	57514.4	217.234	48.2483
0.02136	0	7	0	57531.4	217.455	48.2246
0.0216	0	7	2	57549.1	217.685	48.1999
0.02184	0	6	0	57567.1	217.919	48.1749
0.02208	0	8	0	57585.2	218.154	48.1499
0.02232	0	9	4	57603.3	218.39	48.1247
0.02256	0	7	2	57622.5	218.64	48.0982
0.0228	0	6	3	57641.6	218.889	48.0717
0.02304	0	7	1	57660.8	219.139	48.0453
0.02328	0	8	1	57680.6	219.398	48.018
0.02352	0	5	7	57701	219.664	47.99
0.02376	0	19	2	57721.4	219.93	47.962
0.024	0	13	3	57741.8	220.196	47.9341
0.02424	0	11	5	57763.4	220.479	47.9045
0.02448	0	13	3	57785.1	220.763	47.8749
0.02472	0	16	4	57806.8	221.047	47.8453
0.02496	0	17	2	57829.1	221.339	47.815
0.0252	0	14	4	57852.3	221.642	47.7836
0.02544	0	15	6	57875.4	221.945	47.7523
0.02568	0	13	0	57898.5	222.248	47.721
0.02592	0	17	4	57923	222.569	47.688
0.02616	0	24	3	57947.7	222.893	47.6548
0.0264	0	24	4	57972.3	223.217	47.6216
0.02664	0	25	3	57997.5	223.548	47.5879
0.02688	0	27	4	58023.9	223.895	47.5526
0.02712	0	35	4	58050.3	224.242	47.5174
0.02736	0	30	5	58076.7	224.59	47.4822
0.0276	0	26	5	58104.4	224.955	47.4454
0.02784	0	33	4	58132.7	225.328	47.4079
0.02808	0	36	4	58161	225.701	47.3705
0.02832	0	27	8	58189.5	226.079	47.3328
0.02856	0	37	9	58219.9	226.479	47.2929
0.0288	0	44	5	58250.2	226.88	47.2531
0.02904	0	52	9	58280.5	227.282	47.2134
0.02928	0	51	3	58312.1	227.7	47.1721
0.02952	0	42	6	58344.7	228.131	47.1298
0.02976	0	54	9	58377.2	228.563	47.0875
0.03	0	69	5	58409.8	228.995	47.0454
0.03024	0	77	8	58444.8	229.46	47.0002
0.03048	0	65	9	58479.8	229.926	46.9551
0.03072	0	74	9	58514.9	230.392	46.9102
0.03096	0	80	12	58551.1	230.874	46.8638
0.0312	0	75	11	58588.8	231.377	46.8157
0.03144	0	71	5	58626.6	231.881	46.7676
0.03168	0	102	7	58664.4	232.385	46.7198
0.03192	0	88	7	58704.7	232.924	46.6689
0.03216	0	99	8	58745.5	233.468	46.6176
0.0324	0	119	11	58786.2	234.005	46.5612
0.03264	0	131	8	58827.9	234.527	46.4886
0.03288	0	139	7	58871.9	235.079	46.4121
0.03312	0	145	7	58915.9	235.63	46.3357
0.03336	0	160	6	58959.8	236.182	46.2595
0.0336	0	154	11	59006.3	236.765	46.179
0.03384	0	193	9	59053.8	237.361	46.0969
0.03408	0	207	11	59101.3	237.957	46.015
0.03432	0	250	7	59149.4	238.56	45.9323
0.03456	0	227	6	59201	239.206	45.8438
0.0348	0	229	10	59252.5	239.853	45.7555
0.03504	0	233	7	59304	240.499	45.6673
0.03528	0	279	6	59358.1	241.177	45.575
0.03552	0	282	12	59414	241.879	45.4797
0.03576	0	335	4	59470	242.581	45.3846
0.036	0	349	10	59526	243.282	45.2897
0.03624	0	355	7	59586.7	244.044	45.187
0.03648	0	401	6	59647.5	244.806	45.0844
0.03672	0	445	10	59708.2	245.567	44.9822
0.03696	0	469	6	59771.2	246.357	44.8763
0.0372	0	485	11	59837.3	247.184	44.7657
0.03744	0	519	1	59903.3	248.011	44.6554
0.03768	0	586	4	59969.4	248.838	44.5453
0.03792	0	614	5	60040.3	249.726	44.4274
0.03816	0	656	1	60112.1	250.624	44.3085
0.0384	0	759	2	60183.8	251.522	44.1899
0.03864	0	770	8	60257.4	252.441	44.0688
0.03888	0	801	4	60335.4	253.416	43.9407
0.03912	0	924	5	60413.4	254.39	43.8129
0.03936	0	1115	3	60491.4	255.363	43.6856
0.0396	0	999	7	60574.3	256.426	43.5733
0.03984	0	1139	2	60659.3	257.524	43.4659
0.04008	0	1156	13	60744.2	258.625	43.3591
0.04032	0	1438	13	60830.3	259.743	43.2517
0.04056	0	1322	3	60923.2	260.952	43.1365
0.0408	0	1439	4	61016.1	262.164	43.0223
0.04104	0	1604	8	61108.9	263.379	42.9088
0.04128	0	1683	8	61206.6	264.659	42.7905
0.04152	0	1915	5	61307.7	265.989	42.6688
0.04176	0	1918	8	61408.9	267.322	42.548
0.042	0	2100	8	61510.1	268.659	42.4283
0.04224	0	2332	5	61620.1	270.116	42.2991
0.04248	0	2548	10	61730.2	271.577	42.1711
0.04272	0	2575	11	61840.2	273.042	42.0442
0.04296	0	2937	12	61954.3	274.565	41.9138
0.0432	0	3063	9	62073.9	276.165	41.7784
0.04344	0	3211	8	62193.5	277.769	41.6444
0.04368	0	3578	5	62313	279.399	41.4935
0.04392	0	3945	7	62441.3	281.163	41.3182
0.04416	0	4016	5	62571.1	282.945	41.1423
0.0444	0	4338	5	62700.8	284.724	40.9677
0.04464	0	4811	5	62833.7	286.543	40.7903
0.04488	0	4856	10	62974.2	288.465	40.604
0.04512	0	5403	5	63114.8	290.382	40.4193
0.04536	0	6017	2	63255.3	292.296	40.236
0.0456	0	6148	6	63403.4	294.309	40.0445
0.04584	0	6692	4	63554.6	296.358	39.8507
0.04608	0	7341	6	63705.7	298.401	39.6586
0.04632	0	7734	6	63858.4	300.46	39.4663
0.04656	0	8222	7	64020.3	302.601	39.2727
0.0468	0	8766	6	64182.3	304.631	39.1069
0.04704	0	9729	2	64344.2	306.655	38.943
0.04728	0	10273	4	64511.2	308.735	38.7763
0.04752	0	10993	5	64681.9	310.854	38.6079
0.04776	0	11907	2	64852.7	312.965	38.4418
0.048	0	12528	4	65023.5	315.066	38.278
0.04824	0	13714	1	65202.5	317.259	38.1085
0.04848	0	14630	6	65381.6	319.442	37.9415
0.04872	0	15864	4	65560.6	321.614	37.7768
0.04896	0	16831	4	65742.6	323.816	37.6097
0.0492	0	17698	0	65928.5	326.106	37.4279
0.04944	0	18864	5	66114.5	328.418	37.2441
0.04968	0	20213	5	66300.4	330.749	37.0583
0.04992	0	22027	2	66488.8	333.133	36.8681
0.05016	0	23404	4	66677.5	335.543	36.6756
0.0504	0	24646	8	66866.3	337.975	36.4813
0.05064	0	26778	8	67054.6	340.422	36.2856
0.05088	0	28279	4	67241.6	342.875	36.0894
0.05112	0	30159	3	67428.5	345.35	35.8915
0.05136	0	32355	3	67615.5	348.003	35.6636
0.0516	0	34354	2	67795.4	350.586	35.4448
0.05184	0	36456	4	67972.4	353.138	35.2332
0.05208	0	39191	3	68149.4	355.702	35.0253
0.05232	0	41219	2	68324	358.242	34.8238
0.05256	0	44021	5	68484.5	360.587	34.6416
0.0528	0	46541	4	68645	362.94	34.4624
0.05304	0	49216	2	68805.5	365.303	34.286
0.05328	0	53047	3	68948.1	367.408	34.1318
0.05352	0	55863	0	69077.2	369.322	33.994
0.05376	0	58695	4	69206.3	371.222	33.8668
0.054	0	62472	1	69335.4	373.034	33.7815
0.05424	0	65554	2	69426.8	374.312	33.721
0.05448	0	69303	4	69518.1	375.587	33.6604
0.05472	0	73421	4	69609.5	376.859	33.5998
0.05496	0	75970	2	69680.7	377.85	33.5525
0.0552	0	80896	3	69725.2	378.466	33.5229
0.05544	0	84637	6	69769.7	379.083	33.4933
0.05568	0	88976	4	69814.2	379.698	33.4637
0.05592	0	92578	4	69806.7	379.595	33.4687
0.05616	0	96615	3	69790.6	379.371	33.4794
0.0564	0	101507	2	69774.4	379.148	33.4902
0.05664	0	105052	4	69740.2	378.674	33.5129
0.05688	0	110401	4	69660.7	377.571	33.5658
0.05712	0	115073	3	69581.2	376.466	33.6185
0.05736	0	118765	5	69501.7	375.359	33.6713
0.0576	0	122404	1	69372.6	373.554	33.7569
0.05784	0	126748	0	69223.5	371.464	33.8554
0.05808	0	132393	4	69074.5	369.282	33.9969
0.05832	0	134526	4	68917.7	366.96	34.1644
0.05856	0	138883	1	68714.7	363.964	34.3855
0.0588	0	143577	5	68511.6	360.983	34.6112
0.05904	0	146907	2	68308.5	358.017	34.8415
0.05928	0	149950	0	68075.9	354.637	35.1111
0.05952	0	152521	7	67821.2	350.958	35.4137
0.05976	0	155570	3	67566.5	347.301	35.724
0.06	0	158538	2	67311.8	343.802	36.0153
0.06024	0	161595	8	67024	340.023	36.3175
0.06048	0	164518	3	66736.2	336.296	36.6155
0.06072	0	167606	4	66448.4	332.62	36.9091
0.06096	0	169185	3	66154	328.911	37.2048
0.0612	0	170865	3	65850.7	325.145	37.5042
0.06144	0	173779	3	65547.5	321.455	37.7887
0.06168	0	176172	2	65244.2	317.769	38.0694
0.06192	0	176680	1	64936.4	313.996	38.3612
0.06216	0	176155	2	64627.9	310.184	38.661
0.0624	0	178524	2	64319.4	306.345	38.968
0.06264	0	178618	5	64015	302.534	39.2782
0.06288	0	179836	5	63721.3	298.612	39.6389
0.06312	0	180605	2	63427.6	294.637	40.0134
0.06336	0	181994	2	63133.9	290.643	40.3942
0.0636	0	181188	2	62843.2	286.674	40.7775
0.06384	0	181899	7	62553.8	282.708	41.1656
0.06408	0	184010	4	62264.4	278.729	41.5603
0.06432	0	183959	3	61977.5	274.874	41.8875
0.06456	0	181706	2	61705.5	271.249	42.1997
0.0648	0	183703	2	61433.6	267.647	42.5188
0.06504	0	183780	13	61161.6	264.07	42.8448
0.06528	0	182811	8	60897.1	260.613	43.1688
0.06552	0	181806	7	60638.1	257.251	43.4926
0.06576	0	182620	4	60379.1	253.962	43.8689
0.066	0	180791	6	60120.2	250.725	44.2951
0.06624	0	179899	4	59889.8	247.842	44.678
0.06648	0	181755	7	59659.4	244.955	45.0643
0.06672	0	178140	88	59429	242.067	45.4542
0.06696	0	177975	186	59219.6	239.441	45.8117
0.0672	0	175673	523	59038.2	237.165	46.1238
0.06744	0	176949	973	58856.8	234.89	46.4382
0.06768	0	174121	2099	58675.5	232.532	46.7058
0.06792	0	172036	2665	58534	230.646	46.8857
0.06816	0	172486	3348	58399.1	228.854	47.0592
0.0684	0	172936	4028	58264.3	227.067	47.2347
0.06864	0	173352	5587	58148.9	225.542	47.3864
0.06888	0	170757	8378	58082.2	224.663	47.4748
0.06912	0	172408	11134	58015.5	223.785	47.5638
0.06936	0	172107	14302	57948.8	222.909	47.6532
0.0696	0	172283	15830	57930.8	222.672	47.6774
0.06984	0	171935	19357	57932.2	222.691	47.6755
0.07008	0	175567	21734	57933.7	222.71	47.6736
0.07032	0	177676	25468	57946.8	222.882	47.6559
0.07056	0	177889	32089	58030	223.976	47.5444
0.0708	0	179288	33344	58113.3	225.072	47.4336
0.07104	0	182617	37751	58196.5	226.17	47.3237
0.07128	0	182016	44579	58323.5	227.85	47.1574
0.07152	0	186028	47171	58483.3	229.972	46.9507
0.07176	0	188803	48819	58643.1	232.101	46.7468
0.072	0	190600	57296	58802.9	234.214	46.5321
0.07224	0	194271	61210	59028.5	237.043	46.1407
0.07248	0	197905	64837	59254.1	239.872	45.7527
0.07272	0	203238	69755	59479.6	242.702	45.3683
0.07296	0	207299	76043	59730.1	245.841	44.9454
0.0732	0	212484	80847	60013.8	249.394	44.4715
0.07344	0	219946	84802	60297.4	252.941	44.003
0.07368	0	224070	90154	60581.1	256.513	43.5648
0.07392	0	228990	99319	60911.2	260.797	43.1513
0.07416	0	235874	102647	61249.2	265.219	42.7391
0.0744	0	243168	109737	61587.1	269.678	42.3378
0.07464	0	251101	116551	61941.6	274.394	41.9284
0.07488	0	258363	123159	62337.2	279.731	41.4604
0.07512	0	267982	130696	62732.8	285.163	40.9248
0.07536	0	277006	137168	63128.5	290.569	40.4013
0.0756	0	286846	143071	63528.8	296.009	39.8836
0.07584	0	296204	150326	63931.1	301.438	39.3752
0.07608	0	309175	155254	64333.4	306.521	38.9538
0.07632	0	322974	163757	64725.7	311.396	38.5652
0.07656	0	337300	172074	65057.7	315.486	38.2454
0.0768	0	350955	177476	65389.7	319.541	37.9339
0.07704	0	368675	185533	65721.7	323.559	37.6301
0.07728	0	387692	198206	65906.9	325.839	37.4491
0.07752	0	407076	205437	65982.1	326.771	37.3751
0.07776	0	432289	211510	66057.3	327.705	37.3008
0.078	0	455465	222212	66132.5	328.643	37.2261
0.07824	0	484397	240860	65652.6	322.726	37.693
0.07848	0	517212	245848	65172.8	316.896	38.1365
0.07872	0	551571	257211	64692.9	310.99	38.5972
0.07896	0	591892	274265	63818.4	299.92	39.5165
0.0792	0	627176	284517	62417.7	280.838	41.3505
0.07944	0	665499	289755	61016.9	262.176	43.0212
0.07968	2	712185	301016	59616.2	244.414	45.1372
0.07992	1	761241	320536	57407.2	215.842	48.3986
0.08016	1	789812	323319	55063.4	188.108	53.2159
0.0804	7	815545	330707	52719.7	161.757	57.7793
0.08064	9	840846	349341	50307.8	135.606	64.2387
0.08088	11	860578	366950	47725.6	110.657	73.7084
0.08112	8	853700	365657	45143.5	88.8972	91.5729
0.08136	13	848946	382926	42561.3	65.9011	96.0856
0.0816	27	858217	426463	40491.7	48.8909	105.617
0.08184	31	850962	444397	38627.3	39.376	125.737
0.08208	54	853197	475254	36762.8	30.1127	150.879
0.08232	55	863207	536638	35075.8	20.1578	164.702
0.08256	73	876377	605347	34454.1	17.0515	169.177
0.0828	75	873240	608804	33832.4	14.8534	178.654
0.08304	94	882472	652302	33210.7	12.9754	190.152
0.08328	87	900900	732923	33198.1	12.9403	190.409
0.08352	99	905585	757768	33642.3	14.2477	181.942
0.08376	125	909355	757024	34086.5	15.71	174.552
0.084	131	929696	808534	34530.7	17.3839	168.403
0.08424	121	956458	907298	35501.4	22.5593	161.946
0.08448	151	951486	835507	36472	28.5166	154.525
0.08472	158	964127	848537	37442.6	33.7269	141.864
0.08496	189	982822	931325	38411.7	38.3718	128.518
0.0852	203	988837	951505	39378.7	42.9029	116.677
0.08544	209	990277	875115	40345.7	48.0088	106.845
0.08568	265	1.0107e+06	904517	41312.7	54.392	99.8552
0.08592	329	1.04041e+06	1.04904e+06	41923.7	59.7367	97.5527
0.08616	346	1.02779e+06	885317	42475.4	65.045	96.2425
0.0864	444	1.03307e+06	858765	43027.1	70.6852	95.4514
0.08664	445	1.06784e+06	960541	43435.9	74.3907	95.1753
0.08688	491	1.08561e+06	1.02097e+06	43487.5	74.8186	95.1346
0.08712	523	1.0742e+06	842918	43539.1	75.2463	95.0905
0.08736	669	1.08687e+06	887914	43590.8	75.6738	95.043
0.0876	735	1.113e+06	1.08074e+06	43374.8	73.8842	95.2191
0.08784	751	1.10141e+06	930000	43051.9	70.9464	95.4278
0.08808	876	1.10451e+06	857608	42728.9	67.5952	95.8155
0.08832	964	1.13321e+06	976886	42358.8	63.8956	96.4756
0.08856	1049	1.16606e+06	1.13048e+06	41705.7	57.7289	98.2179
0.0888	1053	1.16839e+06	891371	41052.6	52.544	101.481
0.08904	1200	1.20306e+06	929435	40399.5	48.3307	106.385
0.08928	1310	1.25878e+06	1.15551e+06	39700.1	44.4185	113.088
0.08952	1357	1.26243e+06	1.09623e+06	38965.9	40.9616	121.535
0.08976	1518	1.26807e+06	963828	38231.6	37.5366	130.909
0.09	1449	1.2959e+06	1.09843e+06	37497.4	34.0072	141.112
0.09024	1545	1.34908e+06	1.37723e+06	37256.4	32.7598	144.394
0.09048	1559	1.31402e+06	1.0731e+06	37015.5	31.4804	147.603
0.09072	1588	1.31894e+06	1.1155e+06	36774.5	30.1766	150.729
0.09096	1637	1.35558e+06	1.36445e+06	36842.8	30.5486	149.851
0.0912	1709	1.35099e+06	1.37114e+06	37323.7	33.1114	143.485
0.09144	1793	1.3334e+06	1.18928e+06	37804.5	35.5388	136.835
0.09168	1836	1.3381e+06	1.28195e+06	38285.4	37.7854	130.19
0.09192	1958	1.38197e+06	1.5205e+06	38968.6	40.9747	121.501
0.09216	1978	1.3543e+06	1.29455e+06	39685.6	44.3476	113.244
0.0924	2052	1.35473e+06	1.23133e+06	40402.7	48.3495	106.358
0.09264	2136	1.37984e+06	1.3581e+06	41027.4	52.3701	101.648
0.09288	2263	1.40749e+06	1.50431e+06	41421.4	55.1954	99.2281
0.09312	2451	1.38967e+06	1.22157e+06	41815.4	58.7328	97.8726
0.09336	2561	1.40264e+06	1.25102e+06	42209.4	62.4446	96.8083
0.0936	2728	1.44832e+06	1.53523e+06	42323.8	63.5532	96.5501
0.09384	2829	1.43568e+06	1.33789e+06	42326.3	63.5776	96.5447
0.09408	3008	1.44068e+06	1.21564e+06	42328.8	63.602	96.5394
0.09432	3089	1.46513e+06	1.35925e+06	42318.3	63.4994	96.5621
0.09456	3202	1.51116e+06	1.64268e+06	42229.6	62.6395	96.761
0.0948	3448	1.48782e+06	1.27164e+06	42141	61.788	96.9736
0.09504	3595	1.49885e+06	1.30726e+06	42052.3	60.945	97.1999
0.09528	3819	1.5458e+06	1.63354e+06	42024.2	60.6791	97.2746
0.09552	3880	1.54624e+06	1.53474e+06	42041.4	60.8419	97.2286
0.09576	4037	1.54698e+06	1.33357e+06	42058.7	61.005	97.1832
0.096	4256	1.56975e+06	1.49299e+06	42075.9	61.1684	97.1383
0.09624	4516	1.63683e+06	1.77084e+06	42135.4	61.7343	96.9875
0.09648	4691	1.60745e+06	1.46877e+06	42194.8	62.3041	96.8429
0.09672	4902	1.62588e+06	1.44209e+06	42254.3	62.8777	96.7044
0.09696	5040	1.6753e+06	1.69224e+06	42309.6	63.4146	96.581
0.0972	5264	1.69204e+06	1.72303e+06	42359.3	63.9005	96.4745
0.09744	5428	1.69079e+06	1.52204e+06	42409	64.389	96.3723
0.09768	5734	1.71373e+06	1.61114e+06	42458.8	64.8803	96.2743
0.09792	5786	1.78306e+06	1.91023e+06	42494.8	65.2381	96.2059
0.09816	5857	1.75726e+06	1.63466e+06	42528.6	65.5745	96.1438
0.0984	6137	1.77552e+06	1.59715e+06	42562.4	65.9122	96.0837
0.09864	6535	1.82683e+06	1.76387e+06	42619.6	66.4871	95.9863
0.09888	6725	1.85782e+06	2.00246e+06	42735.4	67.6617	95.8059
0.09912	6962	1.84484e+06	1.63895e+06	42851.3	68.8511	95.6481
0.09936	7299	1.88553e+06	1.74407e+06	42967.1	70.0553	95.5128
0.0996	7478	1.96451e+06	2.1818e+06	43106.7	71.5267	95.3793
0.09984	7752	1.9547e+06	1.9036e+06	43255.8	72.8972	95.291
0.10008	8211	1.96864e+06	1.72652e+06	43405	74.1344	95.1981
0.10032	8353	2.02976e+06	2.00408e+06	43531.6	75.1836	95.0972
0.10056	8460	2.11104e+06	2.23651e+06	43522.7	75.1104	95.1049
0.1008	9053	2.08325e+06	1.91703e+06	43513.9	75.0371	95.1125
0.10104	9087	2.11568e+06	1.95753e+06	43505	74.9638	95.12
0.10128	9521	2.21114e+06	2.24247e+06	43342.5	73.6157	95.2405
0.10152	9708	2.21827e+06	2.22544e+06	43064.6	71.0804	95.4161
0.10176	10168	2.22547e+06	1.99559e+06	42786.7	68.186	95.7333
0.102	10633	2.29921e+06	2.12855e+06	42508.8	65.3766	96.1801
0.10224	10975	2.4268e+06	2.78182e+06	41726.6	57.9191	98.1504
0.10248	11077	2.37978e+06	2.07324e+06	40944.4	51.805	102.21
0.10272	11125	2.43973e+06	2.0505e+06	40162.3	46.9386	108.48
0.10296	11309	2.56418e+06	2.50538e+06	39409.1	43.046	116.331
0.1032	11372	2.5887e+06	2.52911e+06	38694.6	39.6909	124.884
0.10344	11632	2.57732e+06	2.27512e+06	37980.2	36.3774	134.353
0.10368	11459	2.6178e+06	2.54916e+06	37265.7	32.8084	144.269
0.10392	11295	2.74866e+06	3.03265e+06	37030.2	31.5594	147.409
0.10416	11179	2.72212e+06	2.63034e+06	36874.5	30.7201	149.443
0.1044	10960	2.76089e+06	2.46756e+06	36718.8	29.8724	151.44
0.10464	10831	2.87221e+06	2.88007e+06	36565.5	29.0316	153.368
0.10488	10497	2.95013e+06	3.36164e+06	36418.3	28.22	155.183
0.10512	10439	2.91707e+06	2.65209e+06	36271.1	27.4058	156.96
0.10536	10317	2.97356e+06	2.79016e+06	36123.9	26.4696	158.112
0.1056	10389	3.09891e+06	3.16282e+06	36167.8	26.7641	157.851
0.10584	9860	3.04723e+06	2.94117e+06	36288.2	27.5006	156.756
0.10608	9846	3.04387e+06	2.8077e+06	36408.6	28.1665	155.301
0.10632	9589	3.12283e+06	3.10863e+06	36581.3	29.1188	153.171
0.10656	9513	3.23916e+06	4.00887e+06	37068	31.7616	146.91
0.1068	9214	3.17033e+06	2.99031e+06	37554.6	34.2979	140.322
0.10704	9283	3.18661e+06	3.06176e+06	38041.3	36.6583	133.504
0.10728	9322	3.29384e+06	3.47249e+06	38364.4	38.152	129.141
0.10752	9101	3.24336e+06	3.31273e+06	38564.8	39.0847	126.534
0.10776	9145	3.18908e+06	2.875e+06	38765.3	40.0213	124
0.108	9249	3.22464e+06	3.10095e+06	38965.7	40.9609	121.537
0.10824	9083	3.39017e+06	4.081e+06	38664.1	39.5484	125.269
0.10848	9319	3.25804e+06	3.02418e+06	38362.6	38.1435	129.165
0.10872	9125	3.26906e+06	3.03389e+06	38061	36.7491	133.232
0.10896	9120	3.35068e+06	3.30393e+06	37728	35.164	137.91
0.1092	9085	3.32702e+06	3.55238e+06	37353	33.2641	143.087
0.10944	9067	3.23853e+06	2.95411e+06	36978.1	31.2797	148.093
0.10968	9016	3.26118e+06	3.27118e+06	36603.1	29.2386	152.898
0.10992	8729	3.39495e+06	3.777e+06	36431	28.2901	155.028
0.11016	8576	3.25805e+06	3.19635e+06	36292.6	27.525	156.703
0.1104	8197	3.23338e+06	2.99611e+06	36154.3	26.6729	157.931
0.11064	8117	3.30131e+06	3.21256e+06	36015.4	25.7533	158.764
0.11088	7819	3.32473e+06	3.99332e+06	35875.5	24.8511	159.614
0.11112	7670	3.183e+06	3.03326e+06	35735.6	23.9736	160.476
0.11136	7413	3.16203e+06	3.07676e+06	35595.6	23.1204	161.35
0.1116	7456	3.26482e+06	3.39906e+06	35508.7	22.6025	161.899
0.11184	7162	3.12802e+06	3.1684e+06	35443	22.2169	162.317
0.11208	6940	3.03349e+06	2.83029e+06	35377.2	21.8365	162.738
0.11232	6652	3.04478e+06	3.08497e+06	35299.3	21.3922	163.241
0.11256	6607	3.10456e+06	3.80779e+06	35148.1	20.5509	164.226
0.1128	6508	2.93164e+06	2.84996e+06	34996.9	19.7359	165.226
0.11304	6196	2.91336e+06	2.81756e+06	34845.8	18.947	166.24
0.11328	6044	2.97578e+06	3.0914e+06	34614.3	17.7881	167.822
0.11352	5820	2.85961e+06	2.97793e+06	34322.7	16.5573	171.025
0.11376	5693	2.73118e+06	2.64716e+06	34031	15.5182	175.42
0.114	5381	2.72383e+06	2.75097e+06	33739.4	14.5534	180.239
0.11424	5200	2.81607e+06	3.27315e+06	33695.4	14.414	181.004
0.11448	5086	2.62609e+06	2.67405e+06	33651.4	14.2762	181.78
0.11472	4897	2.56544e+06	2.55572e+06	33607.5	14.1399	182.565
0.11496	4661	2.59936e+06	2.87294e+06	33619.9	14.1783	182.342
0.1152	4625	2.54696e+06	2.94195e+06	33707.5	14.4523	180.792
0.11544	4368	2.43614e+06	2.48251e+06	33795.2	14.7325	179.283
0.11568	4114	2.44667e+06	2.52823e+06	33882.8	15.0189	177.814
0.11592	4012	2.5335e+06	2.9815e+06	33906.7	15.0983	177.42
0.11616	3882	2.38295e+06	2.54096e+06	33920.1	15.1427	177.202
0.1164	3677	2.34549e+06	2.30542e+06	33933.4	15.1872	176.984
0.11664	3564	2.40885e+06	2.62847e+06	34005.8	15.4318	175.82
0.11688	3496	2.37696e+06	2.92169e+06	34225.9	16.2037	172.439
0.11712	3298	2.15806e+06	2.3329e+06	34445.9	17.0202	169.289
0.11736	3174	2.07878e+06	2.31764e+06	34666	18.0417	167.466
0.1176	3099	2.10419e+06	2.79579e+06	34666.8	18.0459	167.46
0.11784	2907	1.91253e+06	2.29248e+06	34580	17.6212	168.06
0.11808	2755	1.82803e+06	1.96437e+06	34493.2	17.2046	168.665
0.11832	2708	1.90013e+06	2.14106e+06	34608.9	17.7618	167.86
0.11856	2774	2.0445e+06	2.65168e+06	35940.3	25.2659	159.219
0.1188	2709	2.22181e+06	2.16384e+06	37271.7	32.8399	144.188
0.11904	2615	2.48804e+06	2.46855e+06	38603.1	39.2633	126.044
0.11928	2781	2.71258e+06	3.12076e+06	45814.4	95.857	87.815
0.11952	2584	2.79922e+06	3.25646e+06	57435.6	216.211	48.3586
0.11976	0	2.72165e+06	1.91446e+06	69056.7	369.018	34.0157
