0	0	0	0	56000.1	198.737	51.1099
0.00024	0	0	0	56000.1	198.737	51.1099
0.00048	0	0	0	56000.1	198.737	51.1099
0.00072	0	0	0	56000.1	198.737	51.1099
0.00096	0	0	0	56000.1	198.737	51.1099
0.0012	0	0	0	56000.1	198.737	51.1099
0.00144	0	0	0	56000.1	198.737	51.1099
0.00168	0	0	0	56000.1	198.737	51.1098
0.00192	0	0	0	56000.1	198.737	51.1098
0.00216	0	0	0	56000.1	198.737	51.1098
0.0024	0	0	0	56000.1	198.737	51.1098
0.00264	0	0	0	56000.1	198.737	51.1098
0.00288	0	0	0	56000.1	198.738	51.1098
0.00312	0	0	0	56000.1	198.738	51.1098
0.00336	0	0	0	56000.1	198.738	51.1098
0.0036	0	0	0	56000.1	198.738	51.1098
0.00384	0	0	0	56000.1	198.738	51.1098
0.00408	0	0	0	56000.1	198.738	51.1098
0.00432	0	0	0	56000.1	198.738	51.1098
0.00456	0	0	0	56000.1	198.738	51.1098
0.0048	0	0	0	56000.1	198.738	51.1097
0.00504	0	0	0	56000.1	198.738	51.1097
0.00528	0	0	0	56000.1	198.738	51.1097
0.00552	0	0	0	56000.1	198.738	51.1097
0.00576	0	0	0	56000.2	198.738	51.1097
0.006	0	0	0	56000.2	198.738	51.1097
0.00624	0	0	0	56000.2	198.738	51.1097
0.00648	0	0	0	56000.2	198.738	51.1097
0.00672	0	0	0	56000.2	198.738	51.1096
0.00696	0	0	0	56000.2	198.739	51.1096
0.0072	0	0	0	56000.2	198.739	51.1096
0.00744	0	0	0	56000.2	198.739	51.1096
0.00768	0	0	0	56000.2	198.739	51.1096
0.00792	0	0	0	56000.2	198.739	51.1095
0.00816	0	0	0	56000.2	198.739	51.1095
0.0084	0	0	0	56000.3	198.739	51.1095
0.00864	0	0	0	56000.3	198.739	51.1095
0.00888	0	0	0	56000.3	198.74	51.1094
0.00912	0	0	0	56000.3	198.74	51.1094
0.00936	0	0	0	56000.3	198.74	51.1094
0.0096	0	0	0	56000.3	198.74	51.1094
0.00984	0	1	0	56000.3	198.74	51.1093
0.01008	0	0	0	56000.3	198.74	51.1093
0.01032	0	0	0	56000.3	198.74	51.1093
0.01056	0	0	0	56000.3	198.74	51.1093
0.0108	0	0	0	56000.3	198.74	51.1093
0.01104	0	1	0	56000.3	198.74	51.1093
0.01128	0	0	0	56000.4	198.74	51.1092
0.01152	0	2	0	56000.4	198.741	51.1092
0.01176	0	0	0	56000.4	198.741	51.1092
0.012	0	0	0	56000.4	198.741	51.1092
0.01224	0	0	0	56000.4	198.741	51.1092
0.01248	0	0	0	56000.4	198.741	51.1091
0.01272	0	3	0	56000.4	198.741	51.1091
0.01296	0	0	2	56000.5	198.742	51.109
0.0132	0	0	0	56000.5	198.742	51.109
0.01344	0	0	0	56000.5	198.742	51.1089
0.01368	0	1	1	56000.5	198.743	51.1088
0.01392	0	1	0	56000.6	198.743	51.1088
0.01416	0	0	0	56000.6	198.743	51.1087
0.0144	0	0	0	56000.6	198.744	51.1086
0.01464	0	0	0	56000.7	198.744	51.1086
0.01488	0	3	0	56000.7	198.744	51.1085
0.01512	0	2	0	56000.7	198.745	51.1085
0.01536	0	1	0	56000.7	198.745	51.1084
0.0156	0	0	1	56000.8	198.745	51.1083
0.01584	0	0	0	56000.8	198.746	51.1083
0.01608	0	1	0	56000.8	198.746	51.1082
0.01632	0	1	1	56000.9	198.746	51.1081
0.01656	0	5	1	56000.9	198.747	51.1081
0.0168	0	1	0	56000.9	198.747	51.108
0.01704	0	3	0	56001	198.748	51.1079
0.01728	0	0	1	56001	198.748	51.1078
0.01752	0	0	1	56001	198.748	51.1078
0.01776	0	5	2	56001.1	198.749	51.1077
0.018	0	4	1	56001.1	198.749	51.1076
0.01824	0	3	0	56001.1	198.749	51.1076
0.01848	0	4	0	56001.1	198.749	51.1075
0.01872	0	1	3	56001.2	198.75	51.1075
0.01896	0	8	1	56001.2	198.75	51.1074
0.0192	0	4	2	56001.3	198.751	51.1072
0.01944	0	3	1	56001.3	198.752	51.1071
0.01968	0	2	2	56001.4	198.753	51.1069
0.01992	0	4	3	56001.5	198.754	51.1067
0.02016	0	4	1	56001.6	198.755	51.1065
0.0204	0	3	4	56001.7	198.756	51.1063
0.02064	0	3	0	56001.8	198.757	51.1061
0.02088	0	4	0	56001.8	198.758	51.106
0.02112	0	6	0	56001.9	198.758	51.1059
0.02136	0	7	0	56001.9	198.759	51.1058
0.0216	0	7	2	56002	198.759	51.1057
0.02184	0	6	0	56002	198.759	51.1056
0.02208	0	8	0	56002	198.76	51.1056
0.02232	0	9	4	56002.1	198.76	51.1055
0.02256	0	7	2	56002.1	198.761	51.1053
0.0228	0	6	3	56002.2	198.762	51.1051
0.02304	0	7	1	56002.3	198.763	51.1049
0.02328	0	8	1	56002.4	198.764	51.1047
0.02352	0	5	7	56002.5	198.765	51.1045
0.02376	0	19	2	56002.6	198.766	51.1044
0.024	0	13	3	56002.6	198.767	51.1042
0.02424	0	11	5	56002.7	198.767	51.1042
0.02448	0	13	3	56002.7	198.767	51.1041
0.02472	0	16	4	56002.7	198.768	51.1041
0.02496	0	17	2	56002.7	198.767	51.1041
0.0252	0	14	4	56002.6	198.767	51.1042
0.02544	0	15	6	56002.6	198.766	51.1044
0.02568	0	13	0	56002.5	198.765	51.1045
0.02592	0	17	4	56002.3	198.763	51.105
0.02616	0	24	3	56002	198.759	51.1056
0.0264	0	24	4	56001.7	198.756	51.1062
0.02664	0	25	3	56001.4	198.752	51.107
0.02688	0	27	4	56000.8	198.746	51.1082
0.02712	0	35	4	56000.3	198.74	51.1094
0.02736	0	30	5	55999.7	198.733	51.1106
0.0276	0	26	5	55999.1	198.726	51.1121
0.02784	0	33	4	55998.4	198.717	51.1136
0.02808	2	36	4	55997.7	198.709	51.1152
0.02832	4	27	8	55996.9	198.701	51.1168
0.02856	2	37	9	55996.1	198.691	51.1188
0.0288	7	43	5	55995.2	198.68	51.1207
0.02904	4	52	8	55994.3	198.67	51.1227
0.02928	10	50	3	55993.4	198.66	51.1247
0.02952	15	39	6	55992.5	198.649	51.1268
0.02976	24	47	9	55991.5	198.638	51.1288
0.03	21	62	5	55990.6	198.627	51.1309
0.03024	23	72	6	55990.1	198.621	51.132
0.03048	34	48	8	55989.6	198.616	51.1331
0.03072	44	48	6	55989.1	198.61	51.1342
0.03096	47	65	7	55988.9	198.607	51.1347
0.0312	48	52	6	55989	198.609	51.1344
0.03144	55	54	2	55989.2	198.611	51.134
0.03168	62	66	4	55989.3	198.613	51.1337
0.03192	68	46	2	55989.8	198.618	51.1327
0.03216	56	42	7	55990.2	198.623	51.1317
0.0324	66	41	8	55990.7	198.628	51.1307
0.03264	55	60	3	55991.2	198.634	51.1296
0.03288	61	49	3	55991.6	198.639	51.1286
0.03312	57	58	3	55992.1	198.645	51.1275
0.03336	66	51	4	55992.6	198.65	51.1265
0.0336	58	54	6	55993.2	198.657	51.1251
0.03384	66	47	6	55993.9	198.665	51.1236
0.03408	87	45	6	55994.6	198.674	51.1221
0.03432	75	57	4	55995.3	198.682	51.1204
0.03456	67	49	4	55996.3	198.693	51.1182
0.0348	75	34	8	55997.3	198.705	51.116
0.03504	72	32	3	55998.3	198.716	51.1138
0.03528	81	42	1	55999.1	198.726	51.112
0.03552	55	22	5	55999.9	198.735	51.1103
0.03576	59	32	2	56000.6	198.744	51.1086
0.036	45	27	0	56001.4	198.753	51.1069
0.03624	36	22	2	56001.8	198.757	51.1061
0.03648	46	18	3	56002.1	198.761	51.1054
0.03672	38	29	5	56002.5	198.765	51.1046
0.03696	35	17	1	56002.8	198.769	51.1038
0.0372	31	11	1	56003.1	198.772	51.1032
0.03744	33	19	0	56003.4	198.775	51.1026
0.03768	42	9	0	56003.6	198.779	51.1019
0.03792	27	12	1	56003.9	198.781	51.1015
0.03816	28	11	0	56004	198.783	51.1011
0.0384	24	6	1	56004.2	198.786	51.1006
0.03864	11	6	1	56004.4	198.787	51.1003
0.03888	14	1	1	56004.3	198.787	51.1004
0.03912	10	3	0	56004.3	198.786	51.1005
0.03936	7	2	0	56004.2	198.786	51.1006
0.0396	8	1	1	56004.1	198.784	51.1009
0.03984	4	1	0	56003.9	198.782	51.1013
0.04008	4	1	0	56003.7	198.78	51.1017
0.04032	5	1	1	56003.6	198.778	51.1022
0.04056	4	2	0	56003.3	198.775	51.1026
0.0408	1	1	0	56003.1	198.773	51.1031
0.04104	2	0	0	56002.9	198.77	51.1035
0.04128	1	0	0	56002.7	198.768	51.104
0.04152	0	0	0	56002.5	198.766	51.1044
0.04176	0	0	0	56002.3	198.763	51.1049
0.042	0	0	0	56002.1	198.761	51.1053
0.04224	0	0	0	56002	198.759	51.1056
0.04248	0	0	0	56001.8	198.758	51.106
0.04272	0	0	0	56001.7	198.756	51.1063
0.04296	0	0	0	56001.5	198.754	51.1066
0.0432	0	0	0	56001.4	198.753	51.1069
0.04344	0	0	0	56001.3	198.752	51.1071
0.04368	0	0	0	56001.2	198.75	51.1074
0.04392	0	0	0	56001.1	198.749	51.1075
0.04416	0	0	0	56001	198.749	51.1077
0.0444	0	0	0	56001	198.748	51.1079
0.04464	0	0	0	56000.9	198.747	51.108
0.04488	0	0	0	56000.9	198.746	51.1081
0.04512	0	0	0	56000.8	198.746	51.1082
0.04536	0	0	0	56000.8	198.745	51.1084
0.0456	0	0	1	56000.7	198.745	51.1084
0.04584	0	0	0	56000.7	198.744	51.1085
0.04608	0	0	0	56000.7	198.744	51.1086
0.04632	0	0	0	56000.6	198.744	51.1087
0.04656	0	0	0	56000.6	198.743	51.1087
0.0468	0	0	0	56000.6	198.743	51.1088
0.04704	0	0	0	56000.5	198.743	51.1088
0.04728	0	0	0	56000.5	198.742	51.1089
0.04752	0	0	0	56000.5	198.742	51.1089
0.04776	0	0	0	56000.5	198.742	51.109
0.048	0	0	0	56000.4	198.742	51.109
0.04824	0	0	0	56000.4	198.741	51.1091
0.04848	0	0	0	56000.4	198.741	51.1091
0.04872	0	0	0	56000.4	198.741	51.1092
0.04896	0	0	0	56000.4	198.741	51.1092
0.0492	0	0	0	56000.4	198.741	51.1092
0.04944	0	0	0	56000.3	198.74	51.1093
0.04968	0	0	0	56000.3	198.74	51.1093
0.04992	0	0	0	56000.3	198.74	51.1093
0.05016	0	0	0	56000.3	198.74	51.1093
0.0504	0	0	0	56000.3	198.74	51.1094
0.05064	0	0	0	56000.3	198.74	51.1094
0.05088	0	0	0	56000.3	198.74	51.1094
0.05112	0	0	0	56000.3	198.74	51.1094
0.05136	0	0	0	56000.3	198.739	51.1094
0.0516	0	0	0	56000.3	198.739	51.1095
0.05184	0	0	0	56000.3	198.739	51.1095
0.05208	0	0	0	56000.2	198.739	51.1095
0.05232	0	0	0	56000.2	198.739	51.1095
0.05256	0	0	0	56000.2	198.739	51.1095
0.0528	0	0	0	56000.2	198.739	51.1095
0.05304	0	0	0	56000.2	198.739	51.1095
0.05328	0	0	0	56000.2	198.739	51.1096
0.05352	0	0	0	56000.2	198.739	51.1096
0.05376	0	0	0	56000.2	198.739	51.1096
0.054	0	0	0	56000.2	198.739	51.1096
0.05424	0	0	0	56000.2	198.739	51.1096
0.05448	0	0	0	56000.2	198.739	51.1096
0.05472	0	0	0	56000.2	198.739	51.1096
0.05496	0	0	0	56000.2	198.739	51.1096
0.0552	0	0	0	56000.2	198.739	51.1096
0.05544	0	0	0	56000.2	198.739	51.1096
0.05568	0	0	0	56000.2	198.739	51.1096
0.05592	0	0	0	56000.2	198.738	51.1096
0.05616	0	0	0	56000.2	198.738	51.1096
0.0564	0	0	0	56000.2	198.738	51.1096
0.05664	0	0	0	56000.2	198.738	51.1096
0.05688	0	0	0	56000.2	198.738	51.1096
0.05712	0	0	0	56000.2	198.738	51.1096
0.05736	0	0	0	56000.2	198.738	51.1096
0.0576	0	0	0	56000.2	198.738	51.1096
0.05784	0	0	0	56000.2	198.738	51.1097
0.05808	0	0	0	56000.2	198.738	51.1097
0.05832	0	0	0	56000.2	198.738	51.1097
0.05856	0	0	0	56000.2	198.738	51.1097
0.0588	0	0	0	56000.2	198.738	51.1096
0.05904	0	0	0	56000.2	198.738	51.1096
0.05928	0	0	0	56000.2	198.738	51.1096
0.05952	0	0	0	56000.2	198.738	51.1096
0.05976	0	0	0	56000.2	198.738	51.1096
0.06	0	0	0	56000.2	198.738	51.1096
0.06024	0	0	0	56000.2	198.738	51.1096
0.06048	0	0	0	56000.2	198.738	51.1096
0.06072	0	0	0	56000.2	198.739	51.1096
0.06096	0	0	0	56000.2	198.739	51.1096
0.0612	0	0	0	56000.2	198.739	51.1096
0.06144	0	0	0	56000.2	198.739	51.1096
0.06168	0	0	0	56000.2	198.739	51.1096
0.06192	0	0	0	56000.2	198.739	51.1096
0.06216	0	0	0	56000.2	198.739	51.1096
0.0624	0	0	0	56000.2	198.739	51.1096
0.06264	0	0	0	56000.2	198.739	51.1096
0.06288	0	0	0	56000.2	198.739	51.1096
0.06312	0	0	0	56000.2	198.739	51.1096
0.06336	0	0	0	56000.2	198.739	51.1095
0.0636	0	0	0	56000.2	198.739	51.1095
0.06384	0	0	0	56000.2	198.739	51.1095
0.06408	0	0	0	56000.2	198.739	51.1095
0.06432	0	0	0	56000.2	198.739	51.1095
0.06456	0	0	0	56000.3	198.739	51.1095
0.0648	0	0	0	56000.3	198.739	51.1094
0.06504	0	0	0	56000.3	198.74	51.1094
0.06528	0	0	0	56000.3	198.74	51.1094
0.06552	0	0	0	56000.3	198.74	51.1094
0.06576	0	0	0	56000.3	198.74	51.1094
0.066	0	0	0	56000.3	198.74	51.1093
0.06624	0	0	0	56000.3	198.74	51.1093
0.06648	0	0	0	56000.3	198.74	51.1093
0.06672	0	0	0	56000.4	198.741	51.1092
0.06696	0	0	0	56000.4	198.741	51.1092
0.0672	0	0	0	56000.4	198.741	51.1091
0.06744	0	0	0	56000.4	198.741	51.1091
0.06768	0	0	0	56000.4	198.741	51.1091
0.06792	0	0	0	56000.5	198.742	51.109
0.06816	0	0	0	56000.5	198.742	51.109
0.0684	0	0	0	56000.5	198.742	51.1089
0.06864	0	0	0	56000.5	198.742	51.1089
0.06888	0	0	0	56000.5	198.743	51.1088
0.06912	0	0	0	56000.5	198.743	51.1088
0.06936	0	3	0	56000.6	198.743	51.1088
0.0696	0	0	0	56000.6	198.743	51.1087
0.06984	0	0	0	56000.6	198.743	51.1087
0.07008	0	0	0	56000.6	198.744	51.1086
0.07032	0	0	0	56000.7	198.744	51.1085
0.07056	0	0	0	56000.7	198.745	51.1084
0.0708	0	0	0	56000.8	198.745	51.1083
0.07104	0	0	0	56000.8	198.746	51.1082
0.07128	0	0	0	56000.9	198.747	51.108
0.07152	0	0	0	56001	198.747	51.1079
0.07176	0	0	0	56001	198.748	51.1078
0.072	0	1	0	56001.1	198.749	51.1077
0.07224	0	1	0	56001.1	198.749	51.1076
0.07248	0	1	0	56001.1	198.75	51.1075
0.07272	0	2	1	56001.2	198.75	51.1074
0.07296	0	3	0	56001.2	198.75	51.1073
0.0732	0	1	0	56001.2	198.751	51.1073
0.07344	0	2	0	56001.3	198.751	51.1072
0.07368	0	4	0	56001.3	198.751	51.1072
0.07392	0	2	0	56001.3	198.752	51.1071
0.07416	0	4	0	56001.4	198.753	51.1069
0.0744	0	0	1	56001.5	198.753	51.1068
0.07464	0	1	0	56001.5	198.754	51.1066
0.07488	0	2	1	56001.6	198.755	51.1064
0.07512	0	4	1	56001.7	198.756	51.1062
0.07536	0	1	0	56001.8	198.758	51.106
0.0756	0	3	1	56001.9	198.758	51.1058
0.07584	0	4	0	56002	198.759	51.1057
0.07608	0	7	2	56002	198.76	51.1055
0.07632	0	10	0	56002.1	198.761	51.1054
0.07656	0	1	0	56002.1	198.761	51.1053
0.0768	0	7	1	56002.2	198.762	51.1052
0.07704	0	4	1	56002.2	198.762	51.1051
0.07728	0	3	1	56002.2	198.762	51.1051
0.07752	0	7	0	56002.2	198.762	51.1051
0.07776	0	14	1	56002.2	198.762	51.1051
0.078	0	6	1	56002.2	198.762	51.1051
0.07824	0	10	3	56002.2	198.762	51.1052
0.07848	0	17	1	56002.1	198.761	51.1053
0.07872	0	13	2	56002.1	198.761	51.1054
0.07896	0	14	2	56002.1	198.76	51.1055
0.0792	0	10	3	56002.1	198.76	51.1054
0.07944	0	14	3	56002.1	198.761	51.1054
0.07968	0	13	6	56002.1	198.761	51.1054
0.07992	0	8	7	56002.1	198.761	51.1054
0.08016	0	13	1	56002.1	198.761	51.1054
0.0804	0	11	4	56002.1	198.76	51.1054
0.08064	0	23	4	56002	198.759	51.1056
0.08088	0	25	3	56001.7	198.757	51.1062
0.08112	0	23	6	56001.5	198.754	51.1067
0.08136	1	18	5	56001.3	198.751	51.1072
0.0816	1	32	3	56000.9	198.746	51.1081
0.08184	0	22	4	56000.4	198.741	51.1092
0.08208	5	34	6	55999.9	198.735	51.1103
0.08232	3	30	2	55999.4	198.729	51.1114
0.08256	6	33	6	55998.6	198.72	51.1131
0.0828	4	26	5	55997.9	198.711	51.1148
0.08304	8	44	6	55997.1	198.703	51.1165
0.08328	8	49	5	55996.2	198.692	51.1184
0.08352	9	51	4	55995.2	198.681	51.1206
0.08376	8	34	6	55994.3	198.67	51.1228
0.084	18	51	4	55993.3	198.659	51.1249
0.08424	14	33	2	55992.3	198.647	51.127
0.08448	10	41	4	55991.4	198.636	51.1292
0.08472	21	42	8	55990.4	198.625	51.1313
0.08496	16	68	5	55989.6	198.616	51.133
0.0852	26	51	4	55989.1	198.61	51.1342
0.08544	37	57	8	55988.6	198.604	51.1354
0.08568	48	56	5	55988.1	198.598	51.1366
0.08592	50	43	6	55988.1	198.598	51.1364
0.08616	61	56	8	55988.3	198.6	51.1361
0.0864	49	60	4	55988.4	198.602	51.1357
0.08664	59	64	7	55988.8	198.607	51.1349
0.08688	71	59	6	55989.7	198.617	51.1329
0.08712	69	38	6	55990.6	198.627	51.1309
0.08736	73	39	5	55991.5	198.637	51.1289
0.0876	77	47	2	55992.7	198.651	51.1263
0.08784	84	45	3	55994	198.667	51.1233
0.08808	75	41	2	55995.4	198.682	51.1203
0.08832	74	40	3	55996.7	198.698	51.1174
0.08856	75	36	1	55997.9	198.712	51.1146
0.0888	65	23	1	55999.2	198.727	51.1119
0.08904	61	26	4	56000.4	198.741	51.1091
0.08928	49	18	2	56001.5	198.754	51.1067
0.08952	44	25	4	56002.4	198.765	51.1046
0.08976	43	18	4	56003.4	198.776	51.1025
0.09	49	18	3	56004.3	198.786	51.1005
0.09024	42	4	5	56004.7	198.791	51.0996
0.09048	31	9	0	56005.1	198.796	51.0987
0.09072	23	18	2	56005.5	198.8	51.0978
0.09096	13	7	0	56005.7	198.803	51.0974
0.0912	17	7	2	56005.6	198.802	51.0975
0.09144	13	8	3	56005.6	198.801	51.0977
0.09168	12	8	0	56005.5	198.8	51.0978
0.09192	15	8	1	56005.3	198.798	51.0983
0.09216	3	3	1	56005.1	198.796	51.0987
0.0924	7	5	2	56004.9	198.793	51.0992
0.09264	5	6	1	56004.7	198.791	51.0996
0.09288	7	6	1	56004.5	198.789	51.1
0.09312	5	8	0	56004.3	198.787	51.1004
0.09336	6	9	2	56004.2	198.785	51.1008
0.0936	2	4	2	56004	198.783	51.1011
0.09384	2	1	4	56003.9	198.781	51.1014
0.09408	2	0	1	56003.7	198.78	51.1017
0.09432	3	9	2	56003.6	198.778	51.102
0.09456	1	10	1	56003.5	198.776	51.1024
0.0948	3	6	1	56003.3	198.775	51.1027
0.09504	3	11	0	56003.1	198.773	51.1031
0.09528	1	7	3	56003	198.771	51.1035
0.09552	0	12	3	56002.7	198.768	51.1039
0.09576	0	3	3	56002.5	198.766	51.1044
0.096	0	5	1	56002.3	198.763	51.1049
0.09624	0	12	1	56002.1	198.76	51.1055
0.09648	0	17	1	56001.8	198.757	51.1061
0.09672	0	7	2	56001.5	198.754	51.1067
0.09696	0	14	1	56001.2	198.75	51.1073
0.0972	0	18	4	56000.9	198.747	51.108
0.09744	1	10	3	56000.6	198.743	51.1087
0.09768	4	12	5	56000.3	198.739	51.1095
0.09792	4	23	4	55999.9	198.735	51.1103
0.09816	3	14	2	55999.5	198.731	51.1112
0.0984	5	21	1	55999.1	198.726	51.112
0.09864	3	22	5	55998.7	198.721	51.1129
0.09888	8	25	1	55998.3	198.717	51.1138
0.09912	7	22	0	55997.9	198.712	51.1147
0.09936	6	19	6	55997.5	198.708	51.1155
0.0996	7	14	5	55997.2	198.704	51.1162
0.09984	4	23	9	55997	198.701	51.1167
0.10008	11	22	5	55996.7	198.698	51.1173
0.10032	13	23	5	55996.5	198.696	51.1178
0.10056	14	22	2	55996.4	198.694	51.1181
0.1008	19	19	7	55996.2	198.693	51.1184
0.10104	18	28	0	55996.1	198.691	51.1187
0.10128	19	24	2	55996	198.69	51.1188
0.10152	22	20	2	55996	198.69	51.1189
0.10176	22	32	2	55996	198.69	51.1189
0.102	17	17	1	55996	198.69	51.1189
0.10224	26	19	9	55996.2	198.692	51.1185
0.10248	19	28	3	55996.4	198.694	51.118
0.10272	26	13	4	55996.6	198.697	51.1176
0.10296	28	23	3	55996.9	198.7	51.117
0.1032	23	16	5	55997.3	198.705	51.1161
0.10344	34	14	4	55997.6	198.709	51.1153
0.10368	27	20	4	55998	198.714	51.1144
0.10392	29	16	6	55998.4	198.718	51.1135
0.10416	19	16	2	55998.8	198.723	51.1127
0.1044	26	15	2	55999.2	198.727	51.1118
0.10464	21	9	5	55999.6	198.732	51.111
0.10488	17	13	1	55999.9	198.735	51.1102
0.10512	19	8	1	56000.3	198.739	51.1095
0.10536	29	9	2	56000.6	198.743	51.1087
0.1056	25	12	1	56000.9	198.746	51.1081
0.10584	17	13	1	56001.1	198.749	51.1075
0.10608	20	6	2	56001.4	198.752	51.107
0.10632	7	5	1	56001.6	198.755	51.1064
0.10656	16	12	0	56001.8	198.757	51.106
0.1068	13	8	0	56002	198.759	51.1057
0.10704	16	4	2	56002.1	198.761	51.1053
0.10728	10	3	0	56002.3	198.763	51.105
0.10752	13	0	1	56002.4	198.764	51.1047
0.10776	10	3	1	56002.5	198.766	51.1044
0.108	8	2	0	56002.7	198.767	51.1042
0.10824	5	2	0	56002.7	198.767	51.1041
0.10848	5	0	0	56002.7	198.767	51.1041
0.10872	1	1	0	56002.7	198.767	51.1041
0.10896	1	0	0	56002.6	198.767	51.1042
0.1092	0	2	0	56002.5	198.766	51.1044
0.10944	0	0	0	56002.5	198.765	51.1046
0.10968	0	0	0	56002.4	198.764	51.1048
0.10992	0	0	0	56002.3	198.763	51.1049
0.11016	0	1	0	56002.2	198.762	51.1051
0.1104	0	0	0	56002.2	198.761	51.1052
0.11064	0	2	0	56002.1	198.761	51.1054
0.11088	0	2	0	56002.1	198.761	51.1054
0.11112	0	1	0	56002.1	198.76	51.1055
0.11136	0	1	0	56002	198.76	51.1055
0.1116	0	0	0	56002	198.76	51.1055
0.11184	0	1	0	56002	198.76	51.1055
0.11208	0	1	0	56002	198.76	51.1055
0.11232	0	6	0	56002	198.76	51.1056
0.11256	0	5	1	56002	198.76	51.1056
0.1128	0	2	0	56002	198.759	51.1056
0.11304	0	2	1	56002	198.759	51.1057
0.11328	0	2	1	56001.9	198.759	51.1058
0.11352	0	14	1	56001.8	198.758	51.1059
0.11376	0	2	1	56001.8	198.757	51.1061
0.114	0	8	0	56001.7	198.756	51.1063
0.11424	0	10	2	56001.6	198.755	51.1065
0.11448	0	12	0	56001.5	198.754	51.1068
0.11472	0	6	0	56001.4	198.752	51.107
0.11496	0	7	2	56001.2	198.751	51.1073
0.1152	0	8	4	56001.1	198.749	51.1076
0.11544	0	8	0	56000.9	198.747	51.108
0.11568	0	15	1	56000.8	198.746	51.1083
0.11592	0	7	3	56000.5	198.742	51.1089
0.11616	0	13	1	56000.2	198.739	51.1096
0.1164	0	16	1	55999.9	198.735	51.1103
0.11664	0	10	1	55999.5	198.731	51.1111
0.11688	0	15	1	55999	198.724	51.1124
0.11712	0	17	4	55998.4	198.718	51.1136
0.11736	0	25	2	55997.8	198.711	51.1149
0.1176	0	24	3	55997.1	198.702	51.1165
0.11784	0	17	3	55996.3	198.693	51.1183
0.11808	0	25	8	55995.5	198.684	51.12
0.11832	0	16	5	55994.7	198.675	51.1218
0.11856	0	13	1	55993.9	198.666	51.1235
0.1188	0	18	6	55993.2	198.657	51.1252
0.11904	0	39	2	55992.4	198.648	51.1269
0.11928	0	18	4	55992.3	198.647	51.1271
0.11952	0	35	9	55992.7	198.651	51.1263
0.11976	0	35	4	55993	198.656	51.1255
