0	0	0	0	56662.1	206.545	49.6907
0.00024	0	0	0	56667.5	206.609	49.6796
0.00048	0	0	0	56672.8	206.673	49.6686
0.00072	0	0	0	56678.2	206.737	49.6575
0.00096	0	0	0	56683.6	206.802	49.6463
0.0012	0	0	0	56689.2	206.869	49.6348
0.00144	0	0	0	56694.7	206.935	49.6233
0.00168	0	0	0	56700.3	207.002	49.6118
0.00192	0	0	0	56706.1	207.071	49.6
0.00216	0	0	0	56711.9	207.141	49.588
0.0024	0	0	0	56717.7	207.211	49.5761
0.00264	0	0	0	56723.5	207.281	49.564
0.00288	0	0	0	56729.6	207.354	49.5516
0.00312	0	0	0	56735.6	207.426	49.5391
0.00336	0	0	0	56741.7	207.499	49.5267
0.0036	0	0	0	56747.9	207.574	49.5139
0.00384	0	0	0	56754.2	207.65	49.501
0.00408	0	0	0	56760.5	207.726	49.4881
0.00432	0	0	0	56766.9	207.802	49.4751
0.00456	0	0	0	56773.4	207.881	49.4616
0.0048	0	0	0	56780	207.96	49.4482
0.00504	0	0	0	56786.6	208.04	49.4347
0.00528	0	0	0	56793.4	208.121	49.421
0.00552	0	0	0	56800.2	208.204	49.4069
0.00576	0	0	0	56807.1	208.286	49.3929
0.006	0	0	0	56814	208.369	49.3789
0.00624	0	0	0	56821.1	208.456	49.3643
0.00648	0	0	0	56828.3	208.542	49.3497
0.00672	0	0	0	56835.5	208.629	49.3351
0.00696	0	0	0	56842.8	208.717	49.3202
0.0072	0	0	0	56850.3	208.808	49.305
0.00744	0	0	0	56857.8	208.899	49.2898
0.00768	0	0	0	56865.3	208.989	49.2746
0.00792	0	0	0	56873.1	209.084	49.2588
0.00816	0	0	0	56881	209.179	49.2429
0.0084	0	0	0	56888.8	209.274	49.227
0.00864	0	0	0	56896.8	209.37	49.2109
0.00888	0	0	0	56905	209.469	49.1943
0.00912	0	0	0	56913.2	209.569	49.1778
0.00936	0	0	0	56921.5	209.669	49.1612
0.0096	0	0	0	56930	209.772	49.1441
0.00984	0	1	0	56938.6	209.876	49.1268
0.01008	0	0	0	56947.2	209.98	49.1095
0.01032	0	0	0	56955.8	210.086	49.0921
0.01056	0	0	0	56964.9	210.195	49.074
0.0108	0	0	0	56973.9	210.305	49.0559
0.01104	0	1	0	56982.9	210.414	49.0378
0.01128	0	0	0	56992.2	210.527	49.0193
0.01152	0	2	0	57001.7	210.642	49.0004
0.01176	0	0	0	57011.1	210.757	48.9815
0.012	0	0	0	57020.6	210.873	48.9626
0.01224	0	0	0	57030.5	210.994	48.9428
0.01248	0	0	0	57040.5	211.115	48.923
0.01272	0	3	0	57050.4	211.242	48.9084
0.01296	0	0	2	57060.6	211.373	48.8937
0.0132	0	0	0	57071	211.507	48.8785
0.01344	0	0	0	57081.5	211.641	48.8634
0.01368	0	1	1	57091.9	211.775	48.8483
0.01392	0	1	0	57102.8	211.915	48.8325
0.01416	0	0	0	57113.8	212.057	48.8167
0.0144	0	0	0	57124.8	212.198	48.8008
0.01464	0	0	0	57135.9	212.341	48.7848
0.01488	0	3	0	57147.5	212.49	48.7681
0.01512	0	2	0	57159.1	212.639	48.7515
0.01536	0	1	0	57170.6	212.788	48.7349
0.0156	0	0	1	57182.6	212.942	48.7177
0.01584	0	0	0	57194.8	213.099	48.7002
0.01608	0	1	0	57207	213.256	48.6827
0.01632	0	1	1	57219.3	213.414	48.6652
0.01656	0	5	1	57232.1	213.58	48.6468
0.0168	0	1	0	57245	213.745	48.6285
0.01704	0	3	0	57257.8	213.911	48.6102
0.01728	0	0	1	57271.1	214.082	48.5913
0.01752	0	0	1	57284.6	214.257	48.572
0.01776	0	5	2	57298.2	214.432	48.5527
0.018	0	4	1	57311.7	214.607	48.5335
0.01824	0	3	0	57326	214.792	48.5132
0.01848	0	4	0	57340.3	214.977	48.4929
0.01872	0	1	3	57354.7	215.163	48.4726
0.01896	0	8	1	57369.3	215.353	48.4519
0.0192	0	4	2	57384.5	215.549	48.4305
0.01944	0	3	1	57399.6	215.745	48.4092
0.01968	0	2	2	57414.8	215.941	48.3878
0.01992	0	4	3	57430.7	216.147	48.3655
0.02016	0	4	1	57446.7	216.355	48.3429
0.0204	0	3	4	57462.8	216.564	48.3204
0.02064	0	3	0	57479.1	216.775	48.2976
0.02088	0	4	0	57496.1	216.996	48.2738
0.02112	0	6	0	57513.1	217.217	48.2501
0.02136	0	7	0	57530.1	217.437	48.2264
0.0216	0	7	2	57547.8	217.668	48.2017
0.02184	0	6	0	57565.8	217.902	48.1767
0.02208	0	8	0	57583.9	218.137	48.1516
0.02232	0	9	4	57602.1	218.374	48.1264
0.02256	0	7	2	57621.2	218.623	48.0999
0.0228	0	6	3	57640.4	218.873	48.0734
0.02304	0	7	1	57659.6	219.123	48.047
0.02328	0	8	1	57679.4	219.382	48.0196
0.02352	0	5	7	57699.8	219.648	47.9916
0.02376	0	19	2	57720.2	219.914	47.9636
0.024	0	13	3	57740.6	220.181	47.9357
0.02424	0	11	5	57762.3	220.465	47.906
0.02448	0	13	3	57784	220.749	47.8764
0.02472	0	16	4	57805.7	221.033	47.8468
0.02496	0	17	2	57828.1	221.325	47.8164
0.0252	0	14	4	57851.2	221.628	47.785
0.02544	0	15	6	57874.4	221.932	47.7536
0.02568	0	13	0	57897.6	222.235	47.7223
0.02592	0	17	4	57922	222.557	47.6893
0.02616	0	24	3	57946.8	222.881	47.656
0.0264	0	24	4	57971.5	223.206	47.6228
0.02664	0	25	3	57996.7	223.537	47.589
0.02688	0	27	4	58023.1	223.885	47.5536
0.02712	0	35	4	58049.5	224.232	47.5184
0.02736	0	30	5	58076	224.58	47.4832
0.0276	0	26	5	58103.7	224.947	47.4463
0.02784	0	33	4	58132.1	225.32	47.4087
0.02808	0	36	4	58160.4	225.694	47.3712
0.02832	0	27	8	58189	226.072	47.3335
0.02856	0	37	9	58219.4	226.473	47.2935
0.0288	0	44	5	58249.8	226.875	47.2536
0.02904	0	52	9	58280.2	227.277	47.2138
0.02928	0	51	3	58311.9	227.697	47.1725
0.02952	0	42	6	58344.5	228.129	47.13
0.02976	0	54	9	58377.1	228.561	47.0877
0.03	0	69	5	58409.7	228.994	47.0455
0.03024	0	77	8	58444.8	229.46	47.0001
0.03048	0	65	9	58479.9	229.927	46.955
0.03072	0	74	9	58515.1	230.394	46.9099
0.03096	0	80	12	58551.4	230.878	46.8635
0.0312	0	75	11	58589.3	231.382	46.8152
0.03144	0	71	5	58627.1	231.888	46.767
0.03168	0	102	7	58665	232.393	46.719
0.03192	0	88	7	58705.5	232.934	46.6679
0.03216	0	99	8	58746.4	233.48	46.6165
0.0324	0	119	11	58787.2	234.017	46.5595
0.03264	0	131	8	58829	234.541	46.4867
0.03288	0	139	7	58873.1	235.094	46.4099
0.03312	0	145	7	58917.3	235.648	46.3333
0.03336	0	160	6	58961.4	236.201	46.2568
0.0336	0	154	11	59008	236.786	46.176
0.03384	0	193	9	59055.7	237.385	46.0937
0.03408	0	207	11	59103.4	237.983	46.0114
0.03432	0	250	7	59151.7	238.588	45.9284
0.03456	0	227	6	59203.4	239.237	45.8395
0.0348	0	229	10	59255.2	239.886	45.7508
0.03504	0	233	7	59306.9	240.535	45.6623
0.03528	0	279	6	59361.2	241.216	45.5697
0.03552	0	282	12	59417.4	241.921	45.4739
0.03576	0	335	4	59473.7	242.626	45.3784
0.036	0	349	10	59529.9	243.331	45.2831
0.03624	0	355	7	59590.9	244.097	45.1798
0.03648	0	401	6	59652	244.862	45.0768
0.03672	0	445	10	59713.1	245.628	44.974
0.03696	0	469	6	59776.4	246.422	44.8676
0.0372	0	485	11	59842.8	247.254	44.7564
0.03744	0	519	1	59909.2	248.085	44.6455
0.03768	0	586	4	59975.7	248.917	44.5349
0.03792	0	614	5	60047	249.81	44.4163
0.03816	0	656	1	60119.2	250.714	44.2967
0.0384	0	759	2	60191.4	251.617	44.1774
0.03864	0	770	8	60265.4	252.542	44.0555
0.03888	0	801	4	60344	253.523	43.9266
0.03912	0	924	5	60422.5	254.503	43.7981
0.03936	0	1115	3	60501	255.483	43.6699
0.0396	0	999	7	60584.5	256.558	43.5604
0.03984	0	1139	2	60670.1	257.665	43.4522
0.04008	0	1156	13	60755.7	258.774	43.3448
0.04032	0	1438	13	60842.4	259.901	43.2366
0.04056	0	1322	3	60936	261.12	43.1206
0.0408	0	1439	4	61029.7	262.343	43.0056
0.04104	0	1604	8	61123.3	263.568	42.8913
0.04128	0	1683	8	61221.8	264.859	42.7721
0.04152	0	1915	5	61323.9	266.201	42.6494
0.04176	0	1918	8	61426	267.547	42.5278
0.042	0	2100	8	61528.1	268.896	42.4071
0.04224	0	2332	5	61639.2	270.368	42.2769
0.04248	0	2548	10	61750.3	271.844	42.1478
0.04272	0	2575	11	61861.4	273.324	42.0199
0.04296	0	2937	12	61976.7	274.864	41.8884
0.0432	0	3063	9	62097.5	276.482	41.7518
0.04344	0	3211	8	62218.4	278.104	41.6166
0.04368	0	3578	5	62339.2	279.759	41.4576
0.04392	0	3945	7	62469	281.543	41.2806
0.04416	0	4016	5	62600.3	283.345	41.1029
0.0444	0	4338	5	62731.5	285.145	40.9265
0.04464	0	4811	5	62866	286.985	40.7473
0.04488	0	4856	10	63008.3	288.93	40.5591
0.04512	0	5403	5	63150.6	290.871	40.3723
0.04536	0	6017	2	63293	292.809	40.1871
0.0456	0	6148	6	63443.1	294.847	39.9934
0.04584	0	6692	4	63596.3	296.923	39.7975
0.04608	0	7341	6	63749.6	298.993	39.6032
0.04632	0	7734	6	63904.4	301.078	39.4086
0.04656	0	8222	7	64068.8	303.209	39.2229
0.0468	0	8766	6	64233.1	305.268	39.0552
0.04704	0	9729	2	64397.4	307.32	38.8896
0.04728	0	10273	4	64567	309.429	38.721
0.04752	0	10993	5	64740.6	311.579	38.5507
0.04776	0	11907	2	64914.1	313.721	38.3827
0.048	0	12528	4	65087.6	315.852	38.217
0.04824	0	13714	1	65269.7	318.08	38.0456
0.04848	0	14630	6	65451.8	320.296	37.8765
0.04872	0	15864	4	65633.9	322.5	37.71
0.04896	0	16831	4	65819.2	324.757	37.5351
0.0492	0	17698	0	66008.6	327.099	37.349
0.04944	0	18864	5	66198	329.462	37.1609
0.04968	0	20213	5	66387.3	331.847	36.9708
0.04992	0	22027	2	66579.4	334.287	36.776
0.05016	0	23404	4	66771.9	336.756	36.5787
0.0504	0	24646	8	66964.4	339.247	36.3795
0.05064	0	26778	8	67156.5	341.756	36.1789
0.05088	0	28279	4	67347.4	344.273	35.9776
0.05112	0	30159	3	67538.4	346.899	35.7587
0.05136	0	32355	3	67729.3	349.636	35.5247
0.0516	0	34354	2	67913.1	352.283	35.3036
0.05184	0	36456	4	68094.1	354.9	35.0899
0.05208	0	39191	3	68275	357.529	34.8799
0.05232	0	41219	2	68453.6	360.135	34.6765
0.05256	0	44021	5	68618	362.543	34.4924
0.0528	0	46541	4	68782.3	364.961	34.3113
0.05304	0	49216	2	68946.7	367.387	34.1333
0.05328	0	53047	3	69092.8	369.553	33.9775
0.05352	0	55863	0	69225.2	371.487	33.8544
0.05376	0	58695	4	69357.5	373.344	33.7668
0.054	0	62472	1	69489.9	375.194	33.6791
0.05424	0	65554	2	69583.9	376.503	33.6168
0.05448	0	69303	4	69677.8	377.809	33.5544
0.05472	0	73421	4	69771.8	379.111	33.4919
0.05496	0	75970	2	69845.2	380.126	33.4431
0.0552	0	80896	3	69891.3	380.763	33.4124
0.05544	0	84637	6	69937.4	381.398	33.3816
0.05568	0	88976	4	69983.5	382.033	33.3509
0.05592	0	92578	4	69976.4	381.935	33.3556
0.05616	0	96615	3	69960.5	381.716	33.3662
0.0564	0	101507	2	69944.6	381.497	33.3769
0.05664	0	105052	4	69910.1	381.022	33.3998
0.05688	0	110401	4	69829.4	379.908	33.4536
0.05712	0	115073	3	69748.6	378.79	33.5073
0.05736	0	118765	5	69667.8	377.67	33.561
0.0576	0	122404	1	69536.2	375.839	33.6484
0.05784	0	126748	0	69384.1	373.716	33.7492
0.05808	0	132393	4	69232.1	371.584	33.8498
0.05832	0	134526	4	69072.1	369.247	33.9994
0.05856	0	138883	1	68864.8	366.178	34.2216
0.0588	0	143577	5	68657.5	363.123	34.4486
0.05904	0	146907	2	68450.1	360.084	34.6804
0.05928	0	149950	0	68212.6	356.621	34.9519
0.05952	0	152521	7	67952.4	352.85	35.2569
0.05976	0	155570	3	67692.2	349.103	35.5699
0.06	0	158538	2	67432	345.396	35.8878
0.06024	0	161595	8	67138	341.514	36.1983
0.06048	0	164518	3	66844	337.686	36.5044
0.06072	0	167606	4	66550	333.911	36.806
0.06096	0	169185	3	66249.2	330.105	37.1096
0.0612	0	170865	3	65939.5	326.242	37.4171
0.06144	0	173779	3	65629.8	322.45	37.7137
0.06168	0	176172	2	65320.1	318.694	37.9985
0.06192	0	176680	1	65005.9	314.85	38.2948
0.06216	0	176155	2	64690.9	310.965	38.5992
0.0624	0	178524	2	64375.9	307.05	38.9112
0.06264	0	178618	5	64065.3	303.165	39.2265
0.06288	0	179836	5	63765.6	299.209	39.583
0.06312	0	180605	2	63466	295.157	39.9641
0.06336	0	181994	2	63166.3	291.085	40.3519
0.0636	0	181188	2	62869.8	287.037	40.7422
0.06384	0	181899	7	62574.5	282.992	41.1377
0.06408	0	184010	4	62279.2	278.933	41.5399
0.06432	0	183959	3	61986.5	274.994	41.8773
0.06456	0	181706	2	61709	271.296	42.1956
0.0648	0	183703	2	61431.6	267.621	42.5211
0.06504	0	183780	13	61154.2	263.972	42.8538
0.06528	0	182811	8	60884.2	260.445	43.1847
0.06552	0	181806	7	60619.9	257.015	43.5156
0.06576	0	182620	4	60355.6	253.668	43.9075
0.066	0	180791	6	60091.2	250.363	44.343
0.06624	0	179899	4	59856.1	247.419	44.7343
0.06648	0	181755	7	59620.9	244.472	45.1293
0.06672	0	178140	88	59385.7	241.524	45.5279
0.06696	0	177975	186	59172	238.843	45.8934
0.0672	0	175673	523	58987	236.522	46.2124
0.06744	0	176949	973	58802	234.202	46.5338
0.06768	0	174121	2099	58617	231.752	46.7799
0.06792	0	172036	2665	58472.7	229.831	46.9642
0.06816	0	172486	3348	58335.3	228.008	47.1419
0.0684	0	172936	4028	58197.9	226.189	47.3218
0.06864	0	173352	5587	58080.5	224.64	47.4771
0.06888	0	170757	8378	58013	223.752	47.5671
0.06912	0	172408	11134	57945.5	222.865	47.6576
0.06936	0	172107	14302	57878.1	221.98	47.7486
0.0696	0	172283	15830	57860.6	221.75	47.7723
0.06984	0	171935	19357	57863	221.783	47.769
0.07008	0	175567	21734	57865.5	221.815	47.7656
0.07032	0	177676	25468	57880	222.006	47.746
0.07056	0	177889	32089	57966.7	223.143	47.6292
0.0708	0	179288	33344	58053.3	224.283	47.5133
0.07104	0	182617	37751	58140	225.425	47.3982
0.07128	0	182016	44579	58271.8	227.166	47.2249
0.07152	0	186028	47171	58437.4	229.362	47.0097
0.07176	0	188803	48819	58603	231.566	46.7977
0.072	0	190600	57296	58768.6	233.778	46.5886
0.07224	0	194271	61210	59002.2	236.713	46.1861
0.07248	0	197905	64837	59235.8	239.643	45.7841
0.07272	0	203238	69755	59469.4	242.573	45.3857
0.07296	0	207299	76043	59728.8	245.825	44.9476
0.0732	0	212484	80847	60022.7	249.505	44.4567
0.07344	0	219946	84802	60316.5	253.18	43.9716
0.07368	0	224070	90154	60610.4	256.892	43.5276
0.07392	0	228990	99319	60952.9	261.339	43.0999
0.07416	0	235874	102647	61303.4	265.932	42.674
0.0744	0	243168	109737	61653.9	270.564	42.2597
0.07464	0	251101	116551	62021.8	275.467	41.8373
0.07488	0	258363	123159	62432.8	281.045	41.3299
0.07512	0	267982	130696	62843.8	286.682	40.7768
0.07536	0	277006	137168	63254.8	292.289	40.2367
0.0756	0	286846	143071	63671.4	297.938	39.7021
0.07584	0	296204	150326	64090.4	303.48	39.2007
0.07608	0	309175	155254	64509.3	308.712	38.7781
0.07632	0	322974	163757	64918	313.769	38.3789
0.07656	0	337300	172074	65265.5	318.028	38.0495
0.0768	0	350955	177476	65612.9	322.246	37.7291
0.07704	0	368675	185533	65960.3	326.5	37.3966
0.07728	0	387692	198206	66156.7	328.945	37.2021
0.07752	0	407076	205437	66239.8	329.987	37.1191
0.07776	1	432289	211510	66322.9	331.033	37.0357
0.078	2	455465	222212	66406	332.082	36.952
0.07824	2	484397	240859	65916.4	325.957	37.4398
0.07848	4	517212	245848	65426.9	319.993	37.8995
0.07872	13	551567	257211	64937.4	314.008	38.3603
0.07896	33	591888	274265	64040.5	302.855	39.2519
0.0792	43	627161	284517	62600.6	283.35	41.1025
0.07944	82	665484	289755	61160.6	264.057	42.846
0.07968	115	712160	301015	59720.7	245.723	44.9612
0.07992	144	761204	320535	57446.7	216.355	48.343
0.08016	177	789733	323319	55033.7	187.778	53.2779
0.0804	224	815481	330705	52620.8	160.63	57.9692
0.08064	316	840769	349339	50137.7	133.813	64.7963
0.08088	353	860503	366944	47479.4	109.223	75.4838
0.08112	398	853641	365654	44821	85.7242	92.9346
0.08136	485	848922	382904	42162.7	61.9958	96.9203
0.0816	596	858205	426398	40033.6	46.2123	109.691
0.08184	659	850957	444297	38116.2	37.0033	132.475
0.08208	764	853196	475075	36198.8	26.9734	157.667
0.08232	797	863206	536388	34464.5	17.0912	169.034
0.08256	840	876377	605011	33828.7	14.8413	178.717
0.0828	892	873240	608437	33192.9	12.9258	190.515
0.08304	956	882472	651838	32557.1	11.2969	204.281
0.08328	974	900900	732430	32549	11.2776	204.456
0.08352	1002	905585	757217	33011.8	12.4338	194.307
0.08376	1070	909355	756450	33474.6	13.7369	185.006
0.084	1085	929696	808003	33937.4	15.2005	176.92
0.08424	1174	956458	906759	34942.9	19.4507	165.587
0.08448	1210	951486	834993	35948.4	25.3177	159.17
0.08472	1357	964127	848024	36953.9	31.1493	148.41
0.08496	1442	982822	930784	37958.2	36.2765	134.66
0.0852	1458	988836	951042	38961.1	40.9391	121.593
0.08544	1554	990277	874726	39963.9	45.827	110.37
0.08568	1692	1.0107e+06	904120	40966.7	51.9558	102.057
0.08592	1868	1.04041e+06	1.04873e+06	41604.3	56.8118	98.5566
0.08616	2074	1.02779e+06	885037	42180.9	62.1706	96.8761
0.0864	2152	1.03305e+06	858511	42757.6	67.8881	95.774
0.08664	2337	1.06782e+06	960361	43187.6	72.3311	95.324
0.08688	2533	1.08558e+06	1.02074e+06	43251	72.8572	95.2935
0.08712	2735	1.07419e+06	842721	43314.4	73.3834	95.2578
0.08736	2839	1.08684e+06	887639	43377.9	73.9094	95.2171
0.0876	2970	1.11299e+06	1.08043e+06	43166.7	72.1574	95.333
0.08784	3347	1.1014e+06	929700	42845.7	68.7933	95.6552
0.08808	3602	1.1045e+06	857299	42524.6	65.5348	96.151
0.08832	3788	1.13321e+06	976420	42154.6	61.9185	96.94
0.08856	4024	1.16605e+06	1.12997e+06	41490.6	55.7968	98.9585
0.0888	4348	1.16839e+06	890624	40826.5	51.0186	103.041
0.08904	4323	1.20306e+06	928476	40162.4	46.9397	108.478
0.08928	4488	1.25878e+06	1.15434e+06	39445.9	43.2191	115.913
0.08952	4659	1.26243e+06	1.09475e+06	38690	39.669	124.943
0.08976	4810	1.26807e+06	962045	37934	36.1618	135.003
0.09	4932	1.2959e+06	1.09646e+06	37178.1	32.3471	145.446
0.09024	5060	1.34908e+06	1.37476e+06	36922.7	30.9808	148.817
0.09048	5033	1.31402e+06	1.07043e+06	36667.2	29.5902	152.093
0.09072	5073	1.31894e+06	1.1128e+06	36411.7	28.1838	155.263
0.09096	5275	1.35558e+06	1.36162e+06	36474.6	28.5307	154.494
0.0912	5358	1.35099e+06	1.36822e+06	36961.8	31.1919	148.306
0.09144	5457	1.3334e+06	1.1867e+06	37449	33.7595	141.777
0.09168	5467	1.3381e+06	1.27927e+06	37936.2	36.1722	134.972
0.09192	5653	1.38197e+06	1.51798e+06	38636.9	39.4213	125.614
0.09216	5614	1.3543e+06	1.29236e+06	39373.2	42.8772	116.74
0.0924	5781	1.35473e+06	1.22944e+06	40109.5	46.6387	108.97
0.09264	5906	1.37984e+06	1.35639e+06	40752.7	50.5366	103.581
0.09288	6202	1.40749e+06	1.50295e+06	41163.1	53.3162	100.769
0.09312	6348	1.38967e+06	1.22013e+06	41573.4	56.5351	98.6633
0.09336	6593	1.40264e+06	1.2497e+06	41983.8	60.2985	97.3844
0.0936	6819	1.44832e+06	1.53408e+06	42108.8	61.4806	97.0543
0.09384	7161	1.43568e+06	1.33668e+06	42119.6	61.584	97.0269
0.09408	7424	1.44068e+06	1.21429e+06	42130.5	61.6876	96.9997
0.09432	7647	1.46511e+06	1.35796e+06	42128	61.6643	97.0058
0.09456	7715	1.51116e+06	1.64136e+06	42045.8	60.8828	97.2172
0.0948	8132	1.48782e+06	1.27025e+06	41963.5	60.1086	97.4404
0.09504	8375	1.49885e+06	1.30581e+06	41881.3	59.3417	97.6756
0.09528	8787	1.5458e+06	1.63203e+06	41861.1	59.1547	97.7351
0.09552	9057	1.54624e+06	1.53304e+06	41887.5	59.3995	97.6573
0.09576	9244	1.54698e+06	1.33176e+06	41913.9	59.6451	97.5808
0.096	9302	1.56975e+06	1.49133e+06	41940.3	59.8914	97.5056
0.09624	9828	1.63683e+06	1.76903e+06	42010.4	60.5493	97.3116
0.09648	10151	1.60745e+06	1.46702e+06	42080.6	61.2125	97.1263
0.09672	10466	1.62588e+06	1.44022e+06	42150.7	61.8809	96.9496
0.09696	10738	1.6753e+06	1.69044e+06	42217.4	62.5214	96.7896
0.0972	11124	1.69204e+06	1.72114e+06	42279.5	63.1221	96.6475
0.09744	11460	1.69079e+06	1.52016e+06	42341.6	63.7269	96.512
0.09768	11383	1.71373e+06	1.60919e+06	42403.6	64.3358	96.3832
0.09792	12177	1.78306e+06	1.90823e+06	42454.9	64.8423	96.2817
0.09816	12322	1.75726e+06	1.63266e+06	42504.5	65.3337	96.188
0.0984	12849	1.77552e+06	1.59505e+06	42554	65.8279	96.0985
0.09864	13324	1.82683e+06	1.76143e+06	42629.9	66.5905	95.9694
0.09888	13917	1.85782e+06	2.00031e+06	42771.7	68.033	95.754
0.09912	14087	1.84484e+06	1.63675e+06	42913.6	69.4977	95.5725
0.09936	14510	1.88553e+06	1.74193e+06	43055.5	70.9846	95.4245
0.0996	15023	1.96451e+06	2.17973e+06	43231.6	72.6958	95.3034
0.09984	15706	1.95469e+06	1.90164e+06	43421.3	74.27	95.1862
0.10008	15924	1.96864e+06	1.7248e+06	43611.1	75.8424	95.0234
0.10032	16739	2.02976e+06	2.00252e+06	43779.7	77.2368	94.8407
0.10056	16906	2.11104e+06	2.23488e+06	43821.3	77.5805	94.7901
0.1008	17498	2.08325e+06	1.91525e+06	43863	77.9239	94.7373
0.10104	18202	2.11568e+06	1.95582e+06	43904.6	78.267	94.6824
0.10128	18628	2.21114e+06	2.24055e+06	43792	77.3379	94.826
0.10152	19245	2.21827e+06	2.22335e+06	43563.7	75.4497	95.0683
0.10176	19580	2.22547e+06	1.99319e+06	43335.4	73.5573	95.2449
0.102	20214	2.29921e+06	2.12601e+06	43107.1	71.5315	95.3789
0.10224	21242	2.4268e+06	2.77867e+06	42343.5	63.7455	96.508
0.10248	21173	2.37978e+06	2.06892e+06	41579.8	56.5921	98.6411
0.10272	21510	2.43973e+06	2.04493e+06	40816.1	50.9502	103.117
0.10296	21329	2.56418e+06	2.49875e+06	40065.7	46.3916	109.384
0.1032	21530	2.5887e+06	2.52087e+06	39332.9	42.6873	117.202
0.10344	21336	2.57732e+06	2.26556e+06	38600.2	39.2496	126.082
0.10368	21555	2.6178e+06	2.53818e+06	37867.4	35.8431	135.948
0.10392	21713	2.74866e+06	3.01959e+06	37598.1	34.5169	139.721
0.10416	21065	2.72212e+06	2.61726e+06	37406	33.538	142.366
0.1044	21121	2.76089e+06	2.45427e+06	37213.8	32.5358	144.967
0.10464	20670	2.87221e+06	2.86638e+06	37019.8	31.504	147.545
0.10488	20194	2.95013e+06	3.34785e+06	36821.1	30.4306	150.131
0.10512	19989	2.91707e+06	2.63832e+06	36622.4	29.3445	152.656
0.10536	19640	2.97356e+06	2.7764e+06	36423.7	28.2498	155.117
0.1056	19537	3.09891e+06	3.14915e+06	36426.2	28.2636	155.087
0.10584	18825	3.04723e+06	2.92752e+06	36509.2	28.7214	154.067
0.10608	18455	3.04387e+06	2.79483e+06	36592.1	29.1782	153.036
0.10632	18229	3.12283e+06	3.09599e+06	36732.4	29.947	151.266
0.10656	17907	3.23916e+06	3.99655e+06	37216.5	32.5495	144.932
0.1068	17953	3.17033e+06	2.97902e+06	37700.5	35.0282	138.294
0.10704	17679	3.18661e+06	3.05161e+06	38184.6	37.319	131.544
0.10728	17119	3.29384e+06	3.4631e+06	38514.6	38.8506	127.18
0.10752	17511	3.24336e+06	3.30391e+06	38729.1	39.8523	124.451
0.10776	17385	3.18908e+06	2.86644e+06	38943.7	40.8575	121.804
0.108	17114	3.22464e+06	3.09307e+06	39158.2	41.8654	119.237
0.10824	17050	3.39017e+06	4.07362e+06	38861.7	40.4733	122.806
0.10848	17357	3.25804e+06	3.01617e+06	38565.3	39.0869	126.528
0.10872	17127	3.26906e+06	3.02561e+06	38268.8	37.7088	130.41
0.10896	17025	3.35068e+06	3.29502e+06	37933.6	36.1597	135.01
0.1092	16946	3.32702e+06	3.5429e+06	37546.6	34.2573	140.433
0.10944	16670	3.23853e+06	2.944e+06	37159.7	32.2495	145.692
0.10968	16451	3.26118e+06	3.26032e+06	36772.7	30.167	150.752
0.10992	16172	3.39495e+06	3.76603e+06	36581.1	29.1176	153.173
0.11016	15880	3.25805e+06	3.18493e+06	36422.1	28.2409	155.137
0.1104	15571	3.23338e+06	2.98494e+06	36263	27.3611	157.057
0.11064	15100	3.30131e+06	3.20129e+06	36102.1	26.3242	158.243
0.11088	14930	3.32473e+06	3.98235e+06	35936.3	25.2402	159.243
0.11112	14517	3.183e+06	3.02226e+06	35770.6	24.1911	160.259
0.11136	14309	3.16203e+06	3.06596e+06	35604.9	23.1763	161.292
0.1116	13986	3.26482e+06	3.38823e+06	35494.7	22.52	161.988
0.11184	13486	3.12802e+06	3.1578e+06	35406.7	22.0066	162.549
0.11208	13417	3.03349e+06	2.82e+06	35318.7	21.5024	163.115
0.11232	12605	3.04478e+06	3.07481e+06	35218.3	20.9384	163.766
0.11256	12288	3.10456e+06	3.79779e+06	35043.7	19.9853	164.915
0.1128	12081	2.93164e+06	2.84031e+06	34869.1	19.067	166.083
0.11304	11543	2.91336e+06	2.80788e+06	34694.5	18.1828	167.27
0.11328	11102	2.97578e+06	3.08192e+06	34436.9	16.986	169.414
0.11352	10893	2.85961e+06	2.96874e+06	34117.2	15.8172	174.078
0.11376	10572	2.73118e+06	2.63785e+06	33797.5	14.7399	179.244
0.114	9985	2.72383e+06	2.7418e+06	33477.7	13.7463	184.947
0.11424	9581	2.81607e+06	3.2639e+06	33416.5	13.5649	186.104
0.11448	9300	2.62609e+06	2.66506e+06	33355.2	13.3863	187.283
0.11472	9003	2.56544e+06	2.54686e+06	33294	13.2104	188.484
0.11496	8506	2.59936e+06	2.86468e+06	33295.8	13.2156	188.447
0.1152	8261	2.54696e+06	2.93383e+06	33381.8	13.4635	186.769
0.11544	7910	2.43614e+06	2.47483e+06	33467.8	13.7167	185.133
0.11568	7593	2.44667e+06	2.52089e+06	33553.8	13.9755	183.54
0.11592	7235	2.5335e+06	2.97472e+06	33592.8	14.0946	182.831
0.11616	6886	2.38295e+06	2.53437e+06	33623.9	14.1907	182.27
0.1164	6850	2.34549e+06	2.29925e+06	33655.1	14.2875	181.715
0.11664	6534	2.40885e+06	2.62245e+06	33756.7	14.6086	179.941
0.11688	6219	2.37696e+06	2.91595e+06	34034.4	15.5299	175.366
0.11712	6165	2.15806e+06	2.32741e+06	34312.2	16.5186	171.176
0.11736	5810	2.07878e+06	2.31246e+06	34590	17.6696	167.991
0.1176	5637	2.10419e+06	2.79098e+06	34665.8	18.0409	167.467
0.11784	5389	1.91253e+06	2.28777e+06	34660.9	18.0165	167.501
0.11808	5275	1.82803e+06	1.95991e+06	34656	17.9922	167.535
0.11832	5289	1.90013e+06	2.13668e+06	34850.4	18.9708	166.209
0.11856	5142	2.0445e+06	2.64734e+06	36241.1	27.2401	157.317
0.1188	5186	2.22181e+06	2.16011e+06	37631.9	34.6866	139.251
0.11904	4779	2.48804e+06	2.46554e+06	39022.6	41.2282	120.85
0.11928	5261	2.71258e+06	3.11853e+06	46257.4	100.39	84.9242
0.11952	4948	2.79871e+06	3.25639e+06	57875.1	221.941	47.7526
0.11976	0	2.71666e+06	1.91446e+06	69492.8	375.235	33.6772
