0	0	0	0	56648.4	206.381	49.7191
0.00024	0	0	0	56653.7	206.444	49.7082
0.00048	0	0	0	56658.9	206.506	49.6973
0.00072	0	0	0	56664.2	206.569	49.6864
0.00096	0	0	0	56669.5	206.633	49.6754
0.0012	0	0	0	56675	206.699	49.6641
0.00144	0	0	0	56680.5	206.765	49.6527
0.00168	0	0	0	56686	206.83	49.6414
0.00192	0	0	0	56691.6	206.898	49.6297
0.00216	0	0	0	56697.3	206.967	49.618
0.0024	0	0	0	56703	207.035	49.6062
0.00264	0	0	0	56708.8	207.104	49.5943
0.00288	0	0	0	56714.8	207.176	49.5821
0.00312	0	0	0	56720.7	207.247	49.5698
0.00336	0	0	0	56726.7	207.319	49.5576
0.0036	0	0	0	56732.8	207.392	49.545
0.00384	0	0	0	56739	207.467	49.5323
0.00408	0	0	0	56745.2	207.541	49.5195
0.00432	0	0	0	56751.4	207.616	49.5067
0.00456	0	0	0	56757.9	207.694	49.4935
0.0048	0	0	0	56764.4	207.772	49.4802
0.00504	0	0	0	56770.9	207.85	49.4669
0.00528	0	0	0	56777.5	207.93	49.4534
0.00552	0	0	0	56784.3	208.011	49.4395
0.00576	0	0	0	56791	208.093	49.4257
0.006	0	0	0	56797.8	208.174	49.4119
0.00624	0	0	0	56804.9	208.259	49.3975
0.00648	0	0	0	56811.9	208.345	49.3831
0.00672	0	0	0	56819	208.43	49.3687
0.00696	0	0	0	56826.2	208.517	49.354
0.0072	0	0	0	56833.6	208.606	49.339
0.00744	0	0	0	56841	208.695	49.324
0.00768	0	0	0	56848.4	208.784	49.309
0.00792	0	0	0	56856	208.877	49.2934
0.00816	0	0	0	56863.8	208.971	49.2777
0.0084	0	0	0	56871.5	209.064	49.2621
0.00864	0	0	0	56879.3	209.159	49.2462
0.00888	0	0	0	56887.4	209.257	49.2298
0.00912	0	0	0	56895.5	209.355	49.2135
0.00936	0	0	0	56903.6	209.453	49.1971
0.0096	0	0	0	56912	209.554	49.1803
0.00984	0	1	0	56920.5	209.657	49.1632
0.01008	0	0	0	56929	209.76	49.1461
0.01032	0	0	0	56937.5	209.863	49.1289
0.01056	0	0	0	56946.4	209.971	49.111
0.0108	0	0	0	56955.3	210.079	49.0932
0.01104	0	1	0	56964.2	210.187	49.0753
0.01128	0	0	0	56973.3	210.298	49.057
0.01152	0	2	0	56982.7	210.411	49.0383
0.01176	0	0	0	56992	210.525	49.0197
0.012	0	0	0	57001.3	210.638	49.001
0.01224	0	0	0	57011.1	210.758	48.9815
0.01248	0	0	0	57020.9	210.877	48.9619
0.01272	0	3	0	57030.7	210.996	48.9424
0.01296	0	0	2	57040.8	211.118	48.9225
0.0132	0	0	0	57051.1	211.251	48.9075
0.01344	0	0	0	57061.4	211.383	48.8925
0.01368	0	1	1	57071.7	211.515	48.8776
0.01392	0	1	0	57082.4	211.653	48.862
0.01416	0	0	0	57093.3	211.793	48.8463
0.0144	0	0	0	57104.1	211.932	48.8307
0.01464	0	0	0	57115.1	212.073	48.8148
0.01488	0	3	0	57126.5	212.22	48.7983
0.01512	0	2	0	57137.9	212.367	48.7819
0.01536	0	1	0	57149.3	212.513	48.7655
0.0156	0	0	1	57161.2	212.666	48.7485
0.01584	0	0	0	57173.2	212.821	48.7312
0.01608	0	1	0	57185.2	212.976	48.7139
0.01632	0	1	1	57197.4	213.132	48.6966
0.01656	0	5	1	57210	213.295	48.6784
0.0168	0	1	0	57222.7	213.459	48.6602
0.01704	0	3	0	57235.4	213.622	48.6421
0.01728	0	0	1	57248.5	213.791	48.6234
0.01752	0	0	1	57261.9	213.964	48.6044
0.01776	0	5	2	57275.3	214.137	48.5853
0.018	0	4	1	57288.6	214.309	48.5662
0.01824	0	3	0	57302.8	214.492	48.5461
0.01848	0	4	0	57316.9	214.675	48.5261
0.01872	0	1	3	57331.1	214.858	48.506
0.01896	0	8	1	57345.6	215.045	48.4855
0.0192	0	4	2	57360.6	215.239	48.4643
0.01944	0	3	1	57375.5	215.433	48.4431
0.01968	0	2	2	57390.5	215.627	48.422
0.01992	0	4	3	57406.3	215.831	48.3998
0.02016	0	4	1	57422.1	216.036	48.3775
0.0204	0	3	4	57438	216.242	48.3552
0.02064	0	3	0	57454.1	216.451	48.3326
0.02088	0	4	0	57470.9	216.669	48.309
0.02112	0	6	0	57487.8	216.888	48.2855
0.02136	0	7	0	57504.6	217.106	48.262
0.0216	0	7	2	57522.1	217.334	48.2375
0.02184	0	6	0	57540	217.566	48.2127
0.02208	0	8	0	57557.8	217.798	48.1878
0.02232	0	9	4	57575.8	218.032	48.1628
0.02256	0	7	2	57594.8	218.279	48.1365
0.0228	0	6	3	57613.8	218.526	48.1102
0.02304	0	7	1	57632.7	218.773	48.084
0.02328	0	8	1	57652.4	219.03	48.0568
0.02352	0	5	7	57672.6	219.293	48.029
0.02376	0	19	2	57692.8	219.557	48.0012
0.024	0	13	3	57713	219.821	47.9735
0.02424	0	11	5	57734.5	220.102	47.944
0.02448	0	13	3	57756.1	220.383	47.9145
0.02472	0	16	4	57777.6	220.664	47.8852
0.02496	0	17	2	57799.7	220.954	47.855
0.0252	0	14	4	57822.7	221.254	47.8237
0.02544	0	15	6	57845.7	221.555	47.7925
0.02568	0	13	0	57868.6	221.856	47.7614
0.02592	0	17	4	57892.9	222.175	47.7285
0.02616	0	24	3	57917.5	222.496	47.6954
0.0264	0	24	4	57942	222.818	47.6624
0.02664	0	25	3	57967	223.147	47.6288
0.02688	0	27	4	57993.2	223.492	47.5936
0.02712	0	35	4	58019.5	223.837	47.5585
0.02736	0	30	5	58045.7	224.182	47.5235
0.0276	0	26	5	58073.3	224.545	47.4867
0.02784	0	33	4	58101.4	224.916	47.4493
0.02808	0	36	4	58129.6	225.287	47.412
0.02832	0	27	8	58158	225.663	47.3744
0.02856	0	37	9	58188.3	226.062	47.3345
0.0288	0	44	5	58218.5	226.461	47.2947
0.02904	0	52	9	58248.7	226.861	47.2551
0.02928	0	51	3	58280.2	227.277	47.2138
0.02952	0	42	6	58312.6	227.707	47.1715
0.02976	0	54	9	58345.1	228.137	47.1292
0.03	0	69	5	58377.6	228.567	47.0871
0.03024	0	77	8	58412.5	229.032	47.0418
0.03048	0	65	9	58447.5	229.496	46.9967
0.03072	0	74	9	58482.5	229.961	46.9517
0.03096	0	80	12	58518.6	230.442	46.9053
0.0312	0	75	11	58556.4	230.945	46.857
0.03144	0	71	5	58594.2	231.448	46.8089
0.03168	0	102	7	58632	231.952	46.7609
0.03192	0	88	7	58672.3	232.491	46.7098
0.03216	0	99	8	58713.1	233.036	46.6583
0.0324	0	119	11	58753.9	233.581	46.607
0.03264	0	131	8	58795.6	234.122	46.5449
0.03288	0	139	7	58839.7	234.675	46.4681
0.03312	0	145	7	58883.8	235.228	46.3914
0.03336	0	160	6	58927.8	235.78	46.3149
0.0336	0	154	11	58974.5	236.365	46.2341
0.03384	0	193	9	59022.2	236.963	46.1516
0.03408	0	207	11	59069.8	237.562	46.0693
0.03432	0	250	7	59118.1	238.167	45.9862
0.03456	0	227	6	59169.9	238.817	45.8971
0.0348	0	229	10	59221.7	239.467	45.8082
0.03504	0	233	7	59273.5	240.117	45.7194
0.03528	0	279	6	59327.9	240.799	45.6264
0.03552	0	282	12	59384.3	241.506	45.5303
0.03576	0	335	4	59440.7	242.213	45.4344
0.036	0	349	10	59497	242.92	45.3388
0.03624	0	355	7	59558.3	243.688	45.2349
0.03648	0	401	6	59619.7	244.457	45.1313
0.03672	0	445	10	59681	245.225	45.028
0.03696	0	469	6	59744.6	246.023	44.921
0.0372	0	485	11	59811.4	246.86	44.809
0.03744	0	519	1	59878.2	247.696	44.6973
0.03768	0	586	4	59945	248.533	44.586
0.03792	0	614	5	60016.8	249.432	44.4664
0.03816	0	656	1	60089.5	250.342	44.3458
0.0384	0	759	2	60162.3	251.252	44.2256
0.03864	0	770	8	60236.8	252.184	44.1026
0.03888	0	801	4	60316	253.174	43.9724
0.03912	0	924	5	60395.2	254.163	43.8426
0.03936	0	1115	3	60474.4	255.152	43.7132
0.0396	0	999	7	60558.8	256.226	43.593
0.03984	0	1139	2	60645.3	257.344	43.4835
0.04008	0	1156	13	60731.8	258.464	43.3747
0.04032	0	1438	13	60819.5	259.603	43.2651
0.04056	0	1322	3	60914.3	260.837	43.1474
0.0408	0	1439	4	61009.2	262.075	43.0307
0.04104	0	1604	8	61104.1	263.315	42.9147
0.04128	0	1683	8	61203.9	264.625	42.7936
0.04152	0	1915	5	61307.6	265.987	42.669
0.04176	0	1918	8	61411.2	267.352	42.5453
0.042	0	2100	8	61514.9	268.722	42.4227
0.04224	0	2332	5	61627.9	270.219	42.29
0.04248	0	2548	10	61741	271.721	42.1586
0.04272	0	2575	11	61854.1	273.226	42.0283
0.04296	0	2937	12	61971.5	274.794	41.8943
0.0432	0	3063	9	62094.8	276.445	41.755
0.04344	0	3211	8	62218	278.1	41.617
0.04368	0	3578	5	62341.3	279.788	41.4548
0.04392	0	3945	7	62474	281.612	41.2738
0.04416	0	4016	5	62608.2	283.455	41.0922
0.0444	0	4338	5	62742.5	285.295	40.9119
0.04464	0	4811	5	62880.1	287.178	40.7286
0.04488	0	4856	10	63026.1	289.173	40.5357
0.04512	0	5403	5	63172.1	291.163	40.3444
0.04536	0	6017	2	63318.1	293.15	40.1547
0.0456	0	6148	6	63472.4	295.244	39.9559
0.04584	0	6692	4	63630	297.377	39.7547
0.04608	0	7341	6	63787.6	299.505	39.5553
0.04632	0	7734	6	63946.9	301.65	39.3556
0.04656	0	8222	7	64116.4	303.807	39.174
0.0468	0	8766	6	64286	305.928	39.0017
0.04704	0	9729	2	64455.5	308.043	38.8316
0.04728	0	10273	4	64630.7	310.219	38.6582
0.04752	0	10993	5	64810.2	312.44	38.483
0.04776	0	11907	2	64989.7	314.65	38.3103
0.048	0	12528	4	65169.1	316.851	38.1399
0.04824	0	13714	1	65358.1	319.156	37.9633
0.04848	0	14630	6	65547	321.449	37.7892
0.04872	0	15864	4	65735.9	323.734	37.6162
0.04896	0	16831	4	65928.3	326.104	37.4281
0.0492	0	17698	0	66125.4	328.555	37.2332
0.04944	0	18864	5	66322.5	331.028	37.0361
0.04968	0	20213	5	66519.6	333.525	36.8368
0.04992	0	22027	2	66720	336.088	36.6321
0.05016	0	23404	4	66920.9	338.682	36.4247
0.0504	0	24646	8	67121.8	341.302	36.2152
0.05064	0	26778	8	67322.5	343.943	36.004
0.05088	0	28279	4	67522.3	346.669	35.7786
0.05112	0	30159	3	67722.2	349.534	35.5333
0.05136	0	32355	3	67922.1	352.412	35.2929
0.0516	0	34354	2	68114.8	355.201	35.0656
0.05184	0	36456	4	68304.7	357.961	34.8459
0.05208	0	39191	3	68494.6	360.734	34.6303
0.05232	0	41219	2	68682	363.484	34.4214
0.05256	0	44021	5	68854.9	366.032	34.2323
0.0528	0	46541	4	69027.8	368.59	34.0465
0.05304	0	49216	2	69200.8	371.144	33.8705
0.05328	0	53047	3	69354.6	373.302	33.7688
0.05352	0	55863	0	69494	375.251	33.6764
0.05376	0	58695	4	69633.5	377.193	33.5839
0.054	0	62472	1	69772.9	379.127	33.4912
0.05424	0	65554	2	69872.1	380.497	33.4252
0.05448	0	69303	4	69971.2	381.863	33.3591
0.05472	0	73421	4	70070.3	383.225	33.293
0.05496	0	75970	2	70147.8	384.287	33.2412
0.0552	0	80896	3	70196.5	384.953	33.2087
0.05544	0	84637	6	70245.2	385.618	33.1761
0.05568	0	88976	4	70293.9	386.282	33.1435
0.05592	0	92578	4	70286.3	386.178	33.1486
0.05616	0	96615	3	70269.3	385.945	33.16
0.0564	0	101507	2	70252.2	385.713	33.1714
0.05664	0	105052	4	70215.5	385.213	33.1959
0.05688	0	110401	4	70129.7	384.039	33.2533
0.05712	0	115073	3	70043.9	382.862	33.3106
0.05736	0	118765	5	69958	381.682	33.3679
0.0576	0	122404	1	69818	379.75	33.4612
0.05784	0	126748	0	69656.3	377.51	33.5687
0.05808	0	132393	4	69494.6	375.259	33.676
0.05832	0	134526	4	69324.5	372.881	33.7887
0.05856	0	138883	1	69104.1	369.721	33.9656
0.0588	0	143577	5	68883.7	366.456	34.2012
0.05904	0	146907	2	68663.3	363.209	34.4422
0.05928	0	149950	0	68410.7	359.508	34.725
0.05952	0	152521	7	68134.1	355.48	35.0432
0.05976	0	155570	3	67857.4	351.479	35.3703
0.06	0	158538	2	67580.7	347.504	35.7065
0.06024	0	161595	8	67268.1	343.225	36.0614
0.06048	0	164518	3	66955.6	339.132	36.3887
0.06072	0	167606	4	66643	335.1	36.711
0.06096	0	169185	3	66323.4	331.039	37.0352
0.0612	0	170865	3	65994.2	326.921	37.3631
0.06144	0	173779	3	65665.1	322.877	37.6817
0.06168	0	176172	2	65336	318.888	37.9837
0.06192	0	176680	1	65002.1	314.803	38.2984
0.06216	0	176155	2	64667.3	310.673	38.6222
0.0624	0	178524	2	64332.6	306.511	38.9547
0.06264	0	178618	5	64002.5	302.377	39.2911
0.06288	0	179836	5	63684.2	298.11	39.6859
0.06312	0	180605	2	63365.8	293.798	40.093
0.06336	0	181994	2	63047.4	289.464	40.5076
0.0636	0	181188	2	62732	285.151	40.9259
0.06384	0	181899	7	62417.7	280.838	41.3504
0.06408	0	184010	4	62103.4	276.561	41.7452
0.06432	0	183959	3	61791.8	272.396	42.1
0.06456	0	181706	2	61495.8	268.47	42.4451
0.0648	0	183703	2	61199.9	264.572	42.7985
0.06504	0	183780	13	60904	260.702	43.1603
0.06528	0	182811	8	60615.4	256.956	43.5213
0.06552	0	181806	7	60332.3	253.377	43.9458
0.06576	0	182620	4	60049.1	249.837	44.4128
0.066	0	180791	6	59766	246.292	44.885
0.06624	0	179899	4	59512.9	243.118	45.3119
0.06648	0	181755	7	59259.7	239.943	45.7431
0.06672	0	178140	88	59006.5	236.767	46.1787
0.06696	0	177975	186	58775.8	233.873	46.5795
0.0672	0	175673	523	58575	231.193	46.8333
0.06744	0	176949	973	58374.3	228.524	47.0914
0.06768	0	174121	2099	58173.5	225.867	47.354
0.06792	0	172036	2665	58015.1	223.78	47.5643
0.06816	0	172486	3348	57863.8	221.793	47.7679
0.0684	0	172936	4028	57712.5	219.814	47.9742
0.06864	0	173352	5587	57582.2	218.115	48.154
0.06888	0	170757	8378	57504.4	217.103	48.2623
0.06912	0	172408	11134	57426.6	216.094	48.3713
0.06936	0	172107	14302	57348.7	215.086	48.481
0.0696	0	172283	15830	57323.4	214.758	48.5169
0.06984	0	171935	19357	57319	214.702	48.5231
0.07008	0	175567	21734	57314.6	214.645	48.5294
0.07032	0	177676	25468	57322.9	214.752	48.5176
0.07056	0	177889	32089	57407.3	215.845	48.3983
0.0708	0	179288	33344	57491.8	216.94	48.2799
0.07104	0	182617	37751	57576.2	218.037	48.1623
0.07128	0	182016	44579	57708.1	219.756	47.9803
0.07152	0	186028	47171	57875.6	221.947	47.752
0.07176	0	188803	48819	58043.1	224.148	47.527
0.072	1	190600	57296	58210.6	226.357	47.3051
0.07224	0	194270	61210	58449	229.516	46.9948
0.07248	0	197905	64837	58687.4	232.692	46.6907
0.07272	0	203238	69755	58925.8	235.755	46.3184
0.07296	1	207299	76043	59190.8	239.079	45.8612
0.0732	4	212484	80847	59491.2	242.846	45.3487
0.07344	1	219946	84802	59791.5	246.611	44.8423
0.07368	2	224070	90154	60091.9	250.372	44.3419
0.07392	6	228988	99319	60441	254.735	43.7678
0.07416	13	235874	102646	60798.2	259.326	43.2916
0.0744	18	243162	109736	61155.4	263.988	42.8524
0.07464	23	251095	116549	61529.5	268.915	42.4055
0.07488	42	258351	123159	61945.7	274.449	41.9236
0.07512	57	267966	130696	62362	280.072	41.4265
0.07536	85	276970	137166	62778.2	285.784	40.8642
0.0756	94	286793	143070	63194.7	291.472	40.3148
0.07584	159	296108	150325	63611.4	297.126	39.7783
0.07608	199	309063	155252	64028.1	302.698	39.2648
0.07632	283	322776	163756	64433	307.762	38.8541
0.07656	349	337083	172070	64767.3	311.911	38.5246
0.0768	516	350667	177476	65101.7	316.026	38.2036
0.07704	710	368226	185532	65436.1	320.104	37.8911
0.07728	984	386994	198206	65615.1	322.273	37.727
0.07752	1334	406085	205437	65677.7	323.028	37.6703
0.07776	1740	430831	211509	65740.3	323.787	37.612
0.078	2370	453542	222211	65802.9	324.556	37.551
0.07824	3057	481681	240857	65303.5	318.492	38.014
0.07848	3828	513697	245848	64804.2	312.365	38.4889
0.07872	4962	546947	257208	64304.8	306.164	38.9827
0.07896	6439	585964	274265	63412.9	294.437	40.0323
0.0792	7859	619743	284517	61997.5	275.142	41.8648
0.07944	9607	656775	289755	60582.1	256.527	43.5634
0.07968	12235	702191	301015	59166.7	238.777	45.9025
0.07992	14175	749502	320535	56943.2	209.932	49.1175
0.08016	16402	777931	323319	54584.9	182.783	54.2078
0.0804	19464	804889	330705	52226.6	156.159	58.7522
0.08064	21768	831094	349339	49791.8	129.625	65.5022
0.08088	23595	853449	366944	47165.8	107.371	77.866
0.08112	25011	850047	365630	44539.8	83.4608	93.5791
0.08136	26251	848869	380943	41913.8	59.6439	97.5812
0.0816	27467	858202	420810	39756.9	44.7156	112.481
0.08184	29086	850957	433583	37787.8	35.4573	137.07
0.08208	29322	853196	458124	35818.7	24.4917	159.963
0.08232	28867	863206	513982	34021.2	15.4844	175.575
0.08256	28770	876377	578450	33253.6	13.0959	189.288
0.0828	28275	873240	579227	32486	11.1267	205.835
0.08304	27399	882472	620124	31718.4	9.32773	223.786
0.08328	26279	900900	698635	31579	9.01184	227.289
0.08352	25336	905585	724105	31910.8	9.77003	219.079
0.08376	24709	909355	725589	32242.6	10.5473	211.292
0.084	24130	929696	779276	32574.3	11.3383	203.906
0.08424	23124	956458	879703	33533.4	13.9135	183.914
0.08448	22832	951486	811846	34492.4	17.2009	168.67
0.08472	22997	964127	826691	35451.4	22.2662	162.263
0.08496	23279	982822	911111	36452.5	28.409	154.765
0.0852	23798	988836	933625	37509.7	34.0698	140.942
0.08544	23574	990277	859424	38566.9	39.0944	126.507
0.08568	23667	1.0107e+06	891667	39624.1	44.0581	113.921
0.08592	24093	1.04041e+06	1.03884e+06	40371.2	48.161	106.625
0.08616	24574	1.02779e+06	875918	41066.7	52.6413	101.388
0.0864	25534	1.03305e+06	850698	41762.1	58.2438	98.0375
0.08664	26611	1.06782e+06	953920	42319.4	63.5105	96.5596
0.08688	27447	1.08558e+06	1.01508e+06	42531.2	65.5998	96.1393
0.08712	28280	1.07419e+06	836770	42742.9	67.738	95.795
0.08736	29615	1.08684e+06	882275	42954.7	69.9256	95.5262
0.0876	30504	1.11299e+06	1.07495e+06	42889.6	69.2482	95.6008
0.08784	32043	1.10139e+06	923562	42713.8	67.4413	95.8379
0.08808	32532	1.1045e+06	850235	42538	65.6683	96.1269
0.08832	33594	1.13321e+06	968301	42303.2	63.3531	96.5948
0.08856	34894	1.16605e+06	1.12073e+06	41714.6	57.8096	98.1892
0.0888	35635	1.16839e+06	879117	41125.9	53.0544	101.004
0.08904	35794	1.20306e+06	914487	40537.3	49.1713	105.248
0.08928	36581	1.25878e+06	1.13709e+06	39820.9	45.0541	111.813
0.08952	36978	1.26243e+06	1.07395e+06	39008.9	41.1636	121.016
0.08976	37041	1.26807e+06	937349	38196.8	37.3755	131.379
0.09	37296	1.2959e+06	1.06698e+06	37384.7	33.4283	142.655
0.09024	36910	1.34908e+06	1.34109e+06	36974.2	31.2587	148.144
0.09048	36348	1.31402e+06	1.03491e+06	36563.6	29.0215	153.391
0.09072	35773	1.31894e+06	1.07587e+06	36153.1	26.6652	157.938
0.09096	34839	1.35558e+06	1.32368e+06	36067.4	26.0943	158.451
0.0912	34198	1.35099e+06	1.3309e+06	36414.7	28.2	155.227
0.09144	34015	1.3334e+06	1.15127e+06	36762	30.1085	150.889
0.09168	34313	1.3381e+06	1.24559e+06	37109.3	31.982	146.362
0.09192	33551	1.38197e+06	1.48707e+06	37751.3	35.2787	137.583
0.09216	33760	1.3543e+06	1.26474e+06	38442.5	38.5147	128.117
0.0924	33551	1.35473e+06	1.20594e+06	39133.6	41.7496	119.527
0.09264	33828	1.37984e+06	1.33565e+06	39754.7	44.7039	112.505
0.09288	33763	1.40749e+06	1.4851e+06	40200.8	47.16	108.128
0.09312	34046	1.38967e+06	1.20406e+06	40646.9	49.8582	104.383
0.09336	34746	1.40264e+06	1.2353e+06	41093	52.824	101.217
0.0936	35074	1.44832e+06	1.52052e+06	41271.7	54.0941	100.099
0.09384	35861	1.43568e+06	1.32352e+06	41343.6	54.6183	99.6741
0.09408	36497	1.44068e+06	1.20106e+06	41415.4	55.1507	99.2619
0.09432	37170	1.46511e+06	1.34513e+06	41472.9	55.6404	99.0231
0.09456	37244	1.51116e+06	1.62768e+06	41444.3	55.3878	99.1289
0.0948	37945	1.48782e+06	1.25628e+06	41415.7	55.153	99.2601
0.09504	38572	1.49885e+06	1.29142e+06	41387.1	54.9401	99.4226
0.09528	38703	1.5458e+06	1.61684e+06	41416.4	55.1585	99.256
0.09552	39318	1.54624e+06	1.51769e+06	41489.2	55.7849	98.9634
0.09576	40161	1.54698e+06	1.31613e+06	41562	56.4329	98.7033
0.096	40514	1.56975e+06	1.47656e+06	41634.8	57.0864	98.4528
0.09624	41017	1.63683e+06	1.75372e+06	41746.9	58.1044	98.0857
0.09648	41817	1.60745e+06	1.45174e+06	41859	59.1358	97.7412
0.09672	41762	1.62588e+06	1.42532e+06	41971.2	60.1805	97.4191
0.09696	42603	1.6753e+06	1.67508e+06	42079.9	61.2057	97.1282
0.0972	43250	1.69204e+06	1.70646e+06	42183.9	62.1991	96.869
0.09744	43422	1.69079e+06	1.50609e+06	42287.9	63.2042	96.6286
0.09768	44450	1.71373e+06	1.59473e+06	42392	64.2211	96.4069
0.09792	44884	1.78306e+06	1.89378e+06	42491.9	65.2088	96.2114
0.09816	45359	1.75726e+06	1.61853e+06	42591.1	66.2005	96.0341
0.0984	45503	1.77552e+06	1.58102e+06	42690.4	67.203	95.8734
0.09864	46709	1.82683e+06	1.74734e+06	42825.9	68.59	95.6807
0.09888	47251	1.85782e+06	1.98723e+06	43052.3	70.9514	95.4274
0.09912	48456	1.84484e+06	1.62411e+06	43278.7	73.0872	95.2785
0.09936	49220	1.88553e+06	1.7302e+06	43505.1	74.9647	95.1199
0.0996	49705	1.96451e+06	2.16852e+06	43812.4	77.507	94.8011
0.09984	50794	1.95469e+06	1.89154e+06	44152.1	80.3017	94.3114
0.10008	51257	1.96864e+06	1.716e+06	44491.7	83.0715	93.6798
0.10032	51814	2.02976e+06	1.99468e+06	44821.4	85.727	92.9337
0.10056	53384	2.11104e+06	2.22838e+06	45091.1	88.351	91.8322
0.1008	54831	2.08316e+06	1.90963e+06	45360.7	91.1586	90.4436
0.10104	56701	2.11555e+06	1.95087e+06	45630.4	93.9566	88.9237
0.10128	57215	2.21031e+06	2.2364e+06	45780.2	95.5044	88.0253
0.10152	59334	2.21752e+06	2.21953e+06	45840.1	96.1217	87.6557
0.10176	60831	2.22434e+06	1.9885e+06	45900	96.738	87.2803
0.102	63224	2.29826e+06	2.12111e+06	45959.9	97.3532	86.8991
0.10224	63872	2.42566e+06	2.7726e+06	45411.6	91.6879	90.1664
0.10248	64669	2.37967e+06	2.05866e+06	44863.4	86.0628	92.8293
0.10272	65983	2.43973e+06	2.0286e+06	44315.2	81.6355	94.0256
0.10296	66508	2.56418e+06	2.47709e+06	43709.5	76.6566	94.9211
0.1032	67779	2.5887e+06	2.49303e+06	43027.3	70.687	95.4512
0.10344	68542	2.57732e+06	2.23086e+06	42345	63.7606	96.5047
0.10368	68855	2.6178e+06	2.496e+06	41662.8	57.3393	98.359
0.10392	68928	2.74866e+06	2.96984e+06	41317.2	54.4252	99.8285
0.10416	69056	2.72212e+06	2.56313e+06	41027.8	52.3732	101.645
0.1044	69317	2.76089e+06	2.39806e+06	40738.4	50.4441	103.688
0.10464	68881	2.87221e+06	2.80695e+06	40408.8	48.3863	106.307
0.10488	68589	2.95013e+06	3.28644e+06	39978.4	45.907	110.227
0.10512	68423	2.91707e+06	2.57313e+06	39548.1	43.7004	114.764
0.10536	67100	2.97356e+06	2.70807e+06	39117.8	41.6754	119.715
0.1056	66668	3.09891e+06	3.07793e+06	38881.1	40.5642	122.567
0.10584	66426	3.04723e+06	2.85616e+06	38722	39.8187	124.541
0.10608	66563	3.04387e+06	2.72436e+06	38562.8	39.0753	126.56
0.10632	65845	3.12283e+06	3.02527e+06	38481.4	38.6958	127.61
0.10656	65501	3.23916e+06	3.92611e+06	38866.3	40.4946	122.75
0.1068	65041	3.17033e+06	2.91538e+06	39251.2	42.303	118.147
0.10704	64506	3.18661e+06	2.9937e+06	39636.2	44.1148	113.788
0.10728	64833	3.29384e+06	3.41057e+06	39959.9	45.805	110.409
0.10752	64302	3.24336e+06	3.25492e+06	40237.7	47.3736	107.795
0.10776	64817	3.18908e+06	2.82017e+06	40515.5	49.0367	105.424
0.108	65471	3.22464e+06	3.0488e+06	40793.3	50.8005	103.283
0.10824	65887	3.39017e+06	4.03234e+06	40608.9	49.6182	104.679
0.10848	66190	3.25804e+06	2.97215e+06	40424.5	48.4813	106.174
0.10872	66875	3.26906e+06	2.97896e+06	40240.1	47.3878	107.773
0.10896	66345	3.35068e+06	3.246e+06	39990.2	45.9719	110.111
0.1092	66395	3.32702e+06	3.49071e+06	39653	44.1939	113.603
0.10944	66308	3.23853e+06	2.88809e+06	39315.7	42.6065	117.4
0.10968	66350	3.26118e+06	3.20066e+06	38978.5	41.021	121.382
0.10992	66354	3.39495e+06	3.70174e+06	38765.3	40.0215	123.999
0.11016	66077	3.25805e+06	3.11901e+06	38572.8	39.1219	126.431
0.1104	65428	3.23338e+06	2.91871e+06	38380.3	38.2257	128.931
0.11064	64409	3.30131e+06	3.13308e+06	38165.3	37.2301	131.805
0.11088	63811	3.32473e+06	3.91339e+06	37894.3	35.9722	135.567
0.11112	62657	3.183e+06	2.95226e+06	37623.3	34.6434	139.371
0.11136	61580	3.16203e+06	2.99438e+06	37352.2	33.2599	143.098
0.1116	60340	3.26482e+06	3.31646e+06	37115.2	32.0133	146.284
0.11184	59118	3.12802e+06	3.08572e+06	36891.7	30.8137	149.219
0.11208	57476	3.03349e+06	2.74818e+06	36668.3	29.5962	152.079
0.11232	56128	3.04478e+06	3.00353e+06	36428.2	28.2749	155.062
0.11256	54741	3.10456e+06	3.72774e+06	36088.4	26.2334	158.325
0.1128	52860	2.93164e+06	2.77045e+06	35748.5	24.0538	160.396
0.11304	51204	2.91336e+06	2.73755e+06	35408.7	22.0179	162.536
0.11328	48838	2.97578e+06	3.0135e+06	34954.9	19.5141	165.506
0.11352	46100	2.85961e+06	2.90008e+06	34415.8	16.9055	169.708
0.11376	44702	2.73118e+06	2.56959e+06	33876.6	14.9984	177.917
0.114	42009	2.72383e+06	2.67213e+06	33337.4	13.3348	187.63
0.11424	39977	2.81607e+06	3.19358e+06	33045	12.5223	193.596
0.11448	38138	2.62609e+06	2.59686e+06	32752.6	11.767	200.095
0.11472	35970	2.56544e+06	2.48078e+06	32460.2	11.0649	206.404
0.11496	34135	2.59936e+06	2.79999e+06	32246	10.5554	211.214
0.1152	31682	2.54696e+06	2.87208e+06	32136.2	10.2962	213.745
0.11544	29615	2.43614e+06	2.41583e+06	32026.3	10.0387	216.322
0.11568	27624	2.44667e+06	2.46504e+06	31916.4	9.78305	218.943
0.11592	25671	2.5335e+06	2.92196e+06	31824.8	9.57134	221.167
0.11616	24150	2.38295e+06	2.48499e+06	31736.1	9.3681	223.348
0.1164	22560	2.34549e+06	2.25241e+06	31647.5	9.1664	225.56
0.11664	20998	2.40885e+06	2.57838e+06	31673.4	9.22528	224.909
0.11688	19780	2.37696e+06	2.87481e+06	31985.9	9.94436	217.281
0.11712	18495	2.15806e+06	2.28989e+06	32298.3	10.6793	210.025
0.11736	17751	2.07878e+06	2.27809e+06	32610.7	11.4257	203.119
0.1176	16970	2.10419e+06	2.7598e+06	32813.1	11.9187	198.708
0.11784	16260	1.91253e+06	2.25855e+06	32971.5	12.3272	195.179
0.11808	15753	1.82803e+06	1.93213e+06	33129.9	12.7521	191.811
0.11832	15591	1.90013e+06	2.11053e+06	33488.8	13.7794	184.74
0.11856	16136	2.0445e+06	2.62303e+06	35051.3	20.0257	164.865
0.1188	18004	2.22181e+06	2.13896e+06	36613.7	29.2966	152.766
0.11904	18735	2.48804e+06	2.44821e+06	38176.1	37.2799	131.659
0.11928	20502	2.71258e+06	3.10583e+06	45465	92.2418	89.8711
0.11952	21422	2.79652e+06	3.25636e+06	57048.7	211.22	48.911
0.11976	0	2.68972e+06	1.91446e+06	68632.3	362.754	34.4764
