0	0	0	0	56420.1	203.663	50.1981
0.00024	0	0	0	56423.7	203.706	50.1904
0.00048	0	0	0	56427.4	203.749	50.1827
0.00072	0	0	0	56431	203.792	50.175
0.00096	0	0	0	56434.7	203.835	50.1672
0.0012	0	0	0	56438.5	203.88	50.1591
0.00144	0	0	0	56442.3	203.925	50.1511
0.00168	0	0	0	56446.1	203.97	50.143
0.00192	0	0	0	56450	204.017	50.1347
0.00216	0	0	0	56454	204.064	50.1263
0.0024	0	0	0	56457.9	204.111	50.1179
0.00264	0	0	0	56461.9	204.159	50.1095
0.00288	0	0	0	56466.1	204.208	50.1007
0.00312	0	0	0	56470.2	204.257	50.0919
0.00336	0	0	0	56474.4	204.306	50.0832
0.0036	0	0	0	56478.7	204.357	50.0742
0.00384	0	0	0	56483	204.408	50.065
0.00408	0	0	0	56487.3	204.46	50.0559
0.00432	0	0	0	56491.7	204.512	50.0467
0.00456	0	0	0	56496.2	204.566	50.0371
0.0048	0	0	0	56500.8	204.62	50.0276
0.00504	0	0	0	56505.3	204.674	50.018
0.00528	0	0	0	56510	204.729	50.0082
0.00552	0	0	0	56514.7	204.785	49.9982
0.00576	0	0	0	56519.5	204.842	49.9882
0.006	0	0	0	56524.2	204.899	49.9782
0.00624	0	0	0	56529.2	204.958	49.9678
0.00648	0	0	0	56534.2	205.017	49.9573
0.00672	0	0	0	56539.2	205.077	49.9469
0.00696	0	0	0	56544.3	205.137	49.9362
0.0072	0	0	0	56549.5	205.199	49.9252
0.00744	0	0	0	56554.7	205.262	49.9143
0.00768	0	0	0	56559.9	205.324	49.9034
0.00792	0	0	0	56565.4	205.389	49.892
0.00816	0	0	0	56570.9	205.454	49.8805
0.0084	0	0	0	56576.4	205.52	49.869
0.00864	0	0	0	56581.9	205.586	49.8574
0.00888	0	0	0	56587.7	205.655	49.8454
0.00912	0	0	0	56593.5	205.724	49.8333
0.00936	0	0	0	56599.2	205.793	49.8213
0.0096	0	0	0	56605.2	205.864	49.8089
0.00984	0	1	0	56611.3	205.936	49.7962
0.01008	0	0	0	56617.3	206.009	49.7836
0.01032	0	0	0	56623.4	206.082	49.7709
0.01056	0	0	0	56629.8	206.158	49.7577
0.0108	0	0	0	56636.2	206.234	49.7445
0.01104	0	1	0	56642.6	206.311	49.7312
0.01128	0	0	0	56649.1	206.389	49.7176
0.01152	0	2	0	56655.9	206.47	49.7037
0.01176	0	0	0	56662.6	206.55	49.6898
0.012	0	0	0	56669.3	206.63	49.6759
0.01224	0	0	0	56676.4	206.715	49.6612
0.01248	0	0	0	56683.5	206.8	49.6466
0.01272	0	3	0	56690.5	206.885	49.632
0.01296	0	0	2	56697.8	206.972	49.617
0.0132	0	0	0	56705.3	207.062	49.6016
0.01344	0	0	0	56712.7	207.151	49.5862
0.01368	0	1	1	56720.2	207.241	49.5708
0.01392	0	1	0	56728.1	207.335	49.5547
0.01416	0	0	0	56735.9	207.43	49.5385
0.0144	0	0	0	56743.8	207.525	49.5223
0.01464	0	0	0	56751.9	207.621	49.5059
0.01488	0	3	0	56760.2	207.722	49.4888
0.01512	0	2	0	56768.5	207.822	49.4717
0.01536	0	1	0	56776.9	207.922	49.4546
0.0156	0	0	1	56785.6	208.027	49.4368
0.01584	0	0	0	56794.4	208.133	49.4188
0.01608	0	1	0	56803.2	208.24	49.4008
0.01632	0	1	1	56812.1	208.347	49.3827
0.01656	0	5	1	56821.5	208.46	49.3636
0.0168	0	1	0	56830.8	208.573	49.3446
0.01704	0	3	0	56840.2	208.686	49.3256
0.01728	0	0	1	56849.9	208.802	49.3059
0.01752	0	0	1	56859.8	208.922	49.2858
0.01776	0	5	2	56869.7	209.042	49.2658
0.018	0	4	1	56879.6	209.162	49.2457
0.01824	0	3	0	56890.1	209.289	49.2244
0.01848	0	4	0	56900.6	209.417	49.2032
0.01872	0	1	3	56911.2	209.544	49.1819
0.01896	0	8	1	56922	209.675	49.1601
0.0192	0	4	2	56933.2	209.811	49.1376
0.01944	0	3	1	56944.4	209.947	49.1151
0.01968	0	2	2	56955.6	210.083	49.0926
0.01992	0	4	3	56967.4	210.226	49.0689
0.02016	0	4	1	56979.3	210.371	49.045
0.0204	0	3	4	56991.3	210.516	49.0211
0.02064	0	3	0	57003.4	210.664	48.9969
0.02088	0	4	0	57016.1	210.818	48.9715
0.02112	0	6	0	57028.8	210.973	48.9462
0.02136	0	7	0	57041.5	211.128	48.9214
0.0216	0	7	2	57054.8	211.298	48.9021
0.02184	0	6	0	57068.3	211.472	48.8824
0.02208	0	8	0	57081.9	211.646	48.8628
0.02232	0	9	4	57095.5	211.822	48.8431
0.02256	0	7	2	57110	212.008	48.8221
0.0228	0	6	3	57124.5	212.194	48.8012
0.02304	0	7	1	57139	212.381	48.7803
0.02328	0	8	1	57154.1	212.575	48.7587
0.02352	0	5	7	57169.6	212.774	48.7364
0.02376	0	19	2	57185.1	212.974	48.7141
0.024	0	13	3	57200.6	213.174	48.6919
0.02424	0	11	5	57217.2	213.388	48.6681
0.02448	0	13	3	57233.9	213.602	48.6443
0.02472	0	16	4	57250.5	213.817	48.6206
0.02496	0	17	2	57267.6	214.038	48.5962
0.0252	0	14	4	57285.5	214.268	48.5708
0.02544	0	15	6	57303.3	214.499	48.5454
0.02568	0	13	0	57321.1	214.729	48.5201
0.02592	0	17	4	57340.1	214.975	48.4932
0.02616	0	24	3	57359.3	215.222	48.4661
0.0264	0	24	4	57378.4	215.47	48.439
0.02664	0	25	3	57398	215.724	48.4114
0.02688	0	27	4	57418.7	215.991	48.3824
0.02712	0	35	4	57439.3	216.259	48.3534
0.02736	0	30	5	57459.9	216.526	48.3245
0.0276	0	26	5	57481.7	216.81	48.2939
0.02784	0	33	4	57504	217.099	48.2627
0.02808	0	36	4	57526.3	217.389	48.2316
0.02832	0	27	8	57548.9	217.682	48.2002
0.02856	0	37	9	57573	217.996	48.1667
0.0288	0	44	5	57597.1	218.309	48.1333
0.02904	0	52	9	57621.2	218.624	48.0999
0.02928	0	51	3	57646.5	218.952	48.065
0.02952	0	42	6	57672.5	219.292	48.0291
0.02976	0	54	9	57698.6	219.632	47.9933
0.03	0	69	5	57724.7	219.973	47.9575
0.03024	0	77	8	57753	220.343	47.9187
0.03048	0	65	9	57781.3	220.713	47.8801
0.03072	0	74	9	57809.6	221.083	47.8415
0.03096	0	80	12	57839	221.468	47.8015
0.0312	0	75	11	57869.9	221.873	47.7597
0.03144	0	71	5	57900.7	222.277	47.718
0.03168	0	102	7	57931.6	222.682	47.6764
0.03192	0	88	7	57964.8	223.118	47.6318
0.03216	0	99	8	57998.4	223.559	47.5867
0.0324	0	119	11	58032	224.001	47.5418
0.03264	0	131	8	58066.4	224.454	47.4959
0.03288	0	139	7	58103	224.936	47.4473
0.03312	0	145	7	58139.5	225.418	47.3988
0.03336	0	160	6	58176.1	225.901	47.3505
0.0336	0	154	11	58215	226.415	47.2993
0.03384	0	193	9	58254.9	226.943	47.2469
0.03408	0	207	11	58294.8	227.47	47.1948
0.03432	0	250	7	58335.2	228.006	47.1421
0.03456	0	227	6	58379	228.586	47.0853
0.0348	0	229	10	58422.7	229.167	47.0286
0.03504	0	233	7	58466.5	229.748	46.9722
0.03528	0	279	6	58512.7	230.363	46.9129
0.03552	0	282	12	58560.8	231.003	46.8514
0.03576	0	335	4	58608.9	231.644	46.7902
0.036	0	349	10	58657	232.286	46.7292
0.03624	0	355	7	58709.8	232.991	46.6625
0.03648	0	401	6	58762.6	233.697	46.5961
0.03672	0	445	10	58815.4	234.37	46.5104
0.03696	0	469	6	58870.5	235.061	46.4145
0.0372	0	485	11	58928.6	235.789	46.3137
0.03744	0	519	1	58986.6	236.518	46.213
0.03768	0	586	4	59044.7	237.247	46.1126
0.03792	0	614	5	59107.8	238.037	46.004
0.03816	0	656	1	59171.6	238.838	45.8941
0.0384	0	759	2	59235.5	239.64	45.7845
0.03864	0	770	8	59301.2	240.463	45.6721
0.03888	0	801	4	59371.4	241.344	45.5523
0.03912	0	924	5	59441.6	242.225	45.4328
0.03936	0	1115	3	59511.9	243.106	45.3136
0.0396	0	999	7	59587.3	244.052	45.1859
0.03984	0	1139	2	59664.8	245.023	45.0552
0.04008	0	1156	13	59742.4	245.995	44.9248
0.04032	0	1438	13	59821.1	246.982	44.7927
0.04056	0	1322	3	59907.2	248.06	44.6488
0.0408	0	1439	4	59993.4	249.138	44.5054
0.04104	0	1604	8	60079.5	250.216	44.3625
0.04128	0	1683	8	60170.8	251.358	44.2115
0.04152	0	1915	5	60265.9	252.548	44.0547
0.04176	0	1918	8	60361.1	253.737	43.8985
0.042	0	2100	8	60456.3	254.925	43.7429
0.04224	0	2332	5	60561.2	256.257	43.5899
0.04248	0	2548	10	60666.2	257.614	43.4571
0.04272	0	2575	11	60771.2	258.976	43.3253
0.04296	0	2937	12	60880.8	260.4	43.189
0.0432	0	3063	9	60996.6	261.91	43.0462
0.04344	0	3211	8	61112.3	263.423	42.9047
0.04368	0	3578	5	61228.1	264.941	42.7645
0.04392	0	3945	7	61353.9	266.597	42.6135
0.04416	0	4016	5	61481.5	268.281	42.462
0.0444	0	4338	5	61609.1	269.969	42.3121
0.04464	0	4811	5	61740.3	271.712	42.1594
0.04488	0	4856	10	61880.7	273.582	41.9978
0.04512	0	5403	5	62021.1	275.458	41.838
0.04536	0	6017	2	62161.5	277.34	41.68
0.0456	0	6148	6	62311.1	279.372	41.4962
0.04584	0	6692	4	62464.2	281.478	41.287
0.04608	0	7341	6	62617.4	283.581	41.0798
0.04632	0	7734	6	62772.5	285.707	40.8717
0.04656	0	8222	7	62939.1	287.985	40.6504
0.0468	0	8766	6	63105.6	290.258	40.4312
0.04704	0	9729	2	63272.2	292.526	40.2141
0.04728	0	10273	4	63445.1	294.874	39.9909
0.04752	0	10993	5	63622.7	297.28	39.7639
0.04776	0	11907	2	63800.4	299.678	39.5392
0.048	0	12528	4	63978	302.068	39.3167
0.04824	0	13714	1	64166.5	304.434	39.1229
0.04848	0	14630	6	64354.9	306.789	38.9323
0.04872	0	15864	4	64543.4	309.135	38.7444
0.04896	0	16831	4	64735.9	311.522	38.5552
0.0492	0	17698	0	64933.9	313.964	38.3637
0.04944	0	18864	5	65131.9	316.395	38.1751
0.04968	0	20213	5	65329.8	318.813	37.9895
0.04992	0	22027	2	65531.7	321.264	37.8032
0.05016	0	23404	4	65734.1	323.712	37.618
0.0504	0	24646	8	65936.6	326.206	37.42
0.05064	0	26778	8	66138.7	328.72	37.22
0.05088	0	28279	4	66339.9	331.247	37.0186
0.05112	0	30159	3	66541.1	333.799	36.815
0.05136	0	32355	3	66742.3	336.375	36.6091
0.0516	0	34354	2	66934.9	338.864	36.4102
0.05184	0	36456	4	67124	341.331	36.2129
0.05208	0	39191	3	67313.1	343.82	36.0138
0.05232	0	41219	2	67499.3	346.341	35.8071
0.05256	0	44021	5	67668	348.755	35.5994
0.0528	0	46541	4	67836.6	351.179	35.3952
0.05304	0	49216	2	68005.2	353.613	35.1944
0.05328	0	53047	3	68150.4	355.717	35.0241
0.05352	0	55863	0	68278	357.572	34.8765
0.05376	0	58695	4	68405.6	359.434	34.7308
0.054	0	62472	1	68533.2	361.3	34.5869
0.05424	0	65554	2	68611.3	362.445	34.4998
0.05448	0	69303	4	68689.3	363.592	34.4134
0.05472	0	73421	4	68767.4	364.741	34.3277
0.05496	0	75970	2	68818.7	365.498	34.2716
0.0552	0	80896	3	68834.5	365.729	34.2545
0.05544	0	84637	6	68850.2	365.961	34.2375
0.05568	0	88976	4	68865.9	366.194	34.2204
0.05592	0	92578	4	68811.3	365.388	34.2797
0.05616	0	96615	3	68745	364.411	34.3522
0.0564	0	101507	2	68678.7	363.435	34.4252
0.05664	0	105052	4	68587.6	362.097	34.5262
0.05688	0	110401	4	68434.7	359.858	34.6978
0.05712	0	115073	3	68281.8	357.627	34.8722
0.05736	0	118765	5	68128.9	355.405	35.0492
0.0576	0	122404	1	67906.9	352.193	35.311
0.05784	0	126748	0	67657.4	348.604	35.6123
0.05808	0	132393	4	67407.9	345.076	35.9134
0.05832	0	134526	4	67147.5	341.638	36.1883
0.05856	0	138883	1	66821.5	337.395	36.5276
0.0588	0	143577	5	66495.5	333.218	36.8614
0.05904	0	146907	2	66169.5	329.105	37.1893
0.05928	1	149950	0	65800.3	324.524	37.5535
0.05952	0	152518	7	65398.7	319.65	37.9256
0.05976	0	155569	3	64997.1	314.742	38.3031
0.06	1	158535	2	64595.5	309.783	38.6928
0.06024	1	161595	8	64141.3	304.119	39.1486
0.06048	1	164518	2	63687.1	298.149	39.6822
0.06072	1	167605	3	63232.9	291.991	40.2652
0.06096	1	169183	3	62765	285.604	40.8818
0.0612	5	170865	3	62279	278.931	41.5402
0.06144	5	173775	3	61793	272.412	42.0986
0.06168	7	176170	2	61307	265.979	42.6697
0.06192	12	176675	0	60802.1	259.377	43.2868
0.06216	26	176149	2	60294	252.899	44.0085
0.0624	39	178505	2	59786	246.541	44.8516
0.06264	55	178596	1	59278.4	240.178	45.711
0.06288	84	179814	1	58772.2	233.826	46.5841
0.06312	123	180567	2	58266	227.09	47.2324
0.06336	218	181923	1	57759.8	220.432	47.9094
0.0636	271	181085	1	57241.6	213.703	48.6332
0.06384	351	181792	0	56718.7	207.223	49.5739
0.06408	444	183843	3	56195.8	201.021	50.68
0.06432	610	183800	0	55673	194.968	51.8481
0.06456	810	181423	0	55150.9	189.081	53.0329
0.0648	991	183388	1	54628.8	183.271	54.1176
0.06504	1269	183419	6	54106.6	177.468	55.1815
0.06528	1598	182340	0	53583.9	171.677	56.2238
0.06552	1870	181180	1	53060.7	165.658	57.1441
0.06576	2400	181877	3	52537.6	159.683	58.131
0.066	2768	179921	1	52014.4	153.767	59.1913
0.06624	3584	178918	1	51520.9	148.436	60.485
0.06648	4205	180441	1	51027.5	143.213	61.9661
0.06672	5080	176706	85	50534	137.994	63.5096
0.06696	5919	176268	183	50068.7	133.019	64.9729
0.0672	6806	173764	521	49641.1	127.838	65.8214
0.06744	7844	174828	972	49213.5	122.993	66.8499
0.06768	8590	171745	2093	48785.9	118.46	68.0664
0.06792	9597	169640	2656	48413.3	114.749	69.2872
0.06816	10980	169957	3339	48049.9	112.518	71.4923
0.0684	12072	169912	4023	47686.4	110.43	73.9857
0.06864	12931	170181	5573	47348.9	108.456	76.4579
0.06888	14245	167546	8375	47076.2	106.838	78.5724
0.06912	15606	168693	11132	46803.6	105.201	80.7979
0.06936	17031	168476	14297	46530.9	103.149	82.9953
0.0696	17906	168550	15825	46315.5	100.98	84.5229
0.06984	19424	168070	19352	46123	99.023	85.8324
0.07008	20415	171289	21728	45930.6	97.0525	87.0863
0.07032	21252	173562	25467	45749.5	95.188	88.2123
0.07056	22640	173446	32078	45636.9	94.0239	88.8855
0.0708	23757	174695	33340	45524.3	92.857	89.537
0.07104	24397	177752	37743	45411.6	91.6877	90.1665
0.07128	25367	176820	44527	45334.6	90.8869	90.584
0.07152	26410	180155	47164	45284.2	90.3632	90.851
0.07176	27300	182767	48807	45233.9	89.8392	91.1133
0.072	27975	184032	57260	45183.6	89.3149	91.371
0.07224	29328	186682	61189	45170.6	89.1794	91.4368
0.07248	29998	190177	64730	45157.6	89.044	91.5023
0.07272	30958	193881	69706	45144.5	88.9085	91.5675
0.07296	31689	197419	75987	45140.2	88.8628	91.5893
0.0732	33019	201164	80787	45147.3	88.9369	91.5538
0.07344	33989	207467	84706	45154.4	89.011	91.5182
0.07368	34766	210114	90005	45161.5	89.0851	91.4824
0.07392	35873	213548	99224	45180.2	89.2803	91.3878
0.07416	36738	217863	102627	45200.9	89.4957	91.2827
0.0744	37382	223578	109662	45221.6	89.711	91.1768
0.07464	38852	229083	116532	45249.3	89.9996	91.0335
0.07488	39661	233039	123117	45294.7	90.4715	90.7961
0.07512	40482	239808	130640	45340	90.9432	90.555
0.07536	41140	244397	137120	45385.3	91.4146	90.3101
0.0756	42491	249446	143026	45433.8	91.9177	90.0446
0.07584	43200	254523	150325	45483.4	92.4331	89.7679
0.07608	44438	261374	155249	45533.1	92.9482	89.4869
0.07632	45478	268285	163756	45584.9	93.4855	89.189
0.07656	46650	275395	172070	45649.9	94.1582	88.809
0.0768	47465	280613	177473	45714.8	94.83	88.4218
0.07704	48564	288196	185532	45779.8	95.5007	88.0276
0.07728	49235	295359	198206	45882.7	96.56	87.3894
0.07752	50292	301376	205437	46013.9	97.9073	86.5504
0.07776	51486	309569	211509	46145.2	99.2486	85.6847
0.078	52736	316915	222211	46276.4	100.583	84.7933
0.07824	53457	325823	240857	46535.8	103.199	82.9599
0.07848	55611	334055	245848	46795.2	105.151	80.8681
0.07872	56809	343080	257208	47054.6	106.708	78.7452
0.07896	58497	354657	274265	47360.6	108.524	76.37
0.0792	59615	362184	284517	47728.7	110.675	73.6869
0.07944	60683	371083	289755	48096.8	112.784	71.1823
0.07968	63023	385102	301015	48464.9	115.251	69.1087
0.07992	64283	397361	320535	48835.9	118.974	67.9142
0.08016	66333	409394	323319	49207.2	122.924	66.8664
0.0804	68327	425328	330705	49578.6	127.109	65.9604
0.08064	70949	440561	349339	49936.9	131.385	65.2156
0.08088	73175	458571	366944	50262.8	135.131	64.3856
0.08112	76724	470514	365630	50588.6	138.571	63.3357
0.08136	79312	487143	380279	50914.4	142.017	62.314
0.0816	82926	510283	411901	51192.7	144.963	61.4632
0.08184	86399	520900	410919	51452	147.707	60.6881
0.08208	89617	538821	414447	51711.3	150.449	59.9296
0.08232	93876	564005	442836	51948.9	153.031	59.3293
0.08256	97023	589512	476996	52056.2	154.238	59.1037
0.0828	100883	604808	455829	52163.6	155.448	58.8812
0.08304	104913	630291	470955	52270.9	156.66	58.662
0.08328	108545	665536	521759	52253	156.457	58.6984
0.08352	113376	686131	529091	52141.1	155.194	58.9276
0.08376	116536	709448	520561	52029.2	153.934	59.1602
0.084	121530	748365	561921	51917.3	152.677	59.3963
0.08424	125572	791906	647973	51625.3	149.539	60.1795
0.08448	129294	805794	586758	51333.2	146.45	61.0411
0.08472	134073	834582	603258	51041.2	143.359	61.924
0.08496	137883	871170	684096	50712.6	139.882	62.9436
0.0852	141828	889730	709704	50335.2	135.895	64.1495
0.08544	145749	904796	651828	49957.9	131.643	65.1759
0.08568	148523	936485	698513	49580.6	127.132	65.956
0.08592	151697	978302	857732	49149.1	122.291	67.0208
0.08616	152951	974470	714957	48708.6	117.673	68.3069
0.0864	155410	988595	706843	48268.2	113.751	70.0738
0.08664	157218	1.03049e+06	824583	47839.2	111.312	72.9172
0.08688	159029	1.05561e+06	899738	47438.7	108.984	75.7851
0.08712	161347	1.04881e+06	735129	47038.2	106.611	78.8761
0.08736	162997	1.06523e+06	793764	46637.7	104.197	82.208
0.0876	163022	1.09775e+06	999074	46451.4	102.351	83.5666
0.08784	164860	1.08598e+06	860999	46350.7	101.335	84.2779
0.08808	165989	1.08712e+06	799412	46250	100.315	84.975
0.08832	165600	1.11209e+06	929760	46193.4	99.7404	85.3597
0.08856	168289	1.1338e+06	1.09084e+06	46402.2	101.855	83.916
0.0888	169630	1.11717e+06	844351	46610.9	103.949	82.4122
0.08904	171728	1.13253e+06	874875	46819.6	105.298	80.6639
0.08928	174090	1.16984e+06	1.09169e+06	47034.2	106.587	78.9083
0.08952	176398	1.16559e+06	1.01739e+06	47253.2	107.89	77.1879
0.08976	178943	1.16876e+06	863594	47472.2	109.181	75.5366
0.09	182404	1.19538e+06	973079	47691.2	110.458	73.9516
0.09024	185281	1.24399e+06	1.22423e+06	47710.2	110.568	73.8175
0.09048	189666	1.21972e+06	895369	47729.1	110.677	73.6839
0.09072	192760	1.2322e+06	908868	47748.1	110.787	73.5508
0.09096	196186	1.27282e+06	1.12925e+06	47733.8	110.704	73.651
0.0912	199968	1.27658e+06	1.1181e+06	47675.3	110.365	74.065
0.09144	204273	1.26589e+06	929809	47616.7	110.025	74.4835
0.09168	207682	1.27681e+06	1.01477e+06	47558.2	109.684	74.9067
0.09192	210760	1.32719e+06	1.24573e+06	47571.4	109.761	74.8111
0.09216	213846	1.30337e+06	1.03095e+06	47596.5	109.907	74.6295
0.0924	216424	1.30738e+06	980823	47621.6	110.053	74.4487
0.09264	219947	1.33482e+06	1.11815e+06	47659.4	110.273	74.178
0.09288	222597	1.36567e+06	1.27532e+06	47729	110.677	73.6847
0.09312	224429	1.34771e+06	1.00525e+06	47798.6	111.079	73.1979
0.09336	227249	1.36132e+06	1.04424e+06	47868.2	111.479	72.7173
0.0936	228854	1.40809e+06	1.33932e+06	47842	111.329	72.8973
0.09384	228986	1.39606e+06	1.14255e+06	47777.6	110.957	73.3445
0.09408	229488	1.40178e+06	1.01858e+06	47713.1	110.584	73.7971
0.09432	228308	1.42664e+06	1.16109e+06	47609	109.98	74.5392
0.09456	228064	1.47359e+06	1.44143e+06	47267.4	107.974	77.0791
0.0948	224059	1.45242e+06	1.06547e+06	46925.7	105.937	79.7868
0.09504	218664	1.46298e+06	1.09663e+06	46584.1	103.682	82.6084
0.09528	212759	1.51196e+06	1.41624e+06	46090.5	98.6907	86.0485
0.09552	207510	1.51419e+06	1.3153e+06	45482.9	92.4279	89.7707
0.09576	207321	1.51591e+06	1.11319e+06	44875.3	86.1578	92.7993
0.096	209355	1.54012e+06	1.27425e+06	44267.7	81.2481	94.1121
0.09624	211046	1.60822e+06	1.55067e+06	43425.8	74.307	95.1829
0.09648	208670	1.58094e+06	1.25098e+06	42583.9	66.1277	96.0464
0.09672	206650	1.59895e+06	1.22399e+06	41742	58.0593	98.1013
0.09696	206298	1.64859e+06	1.4734e+06	40817.7	50.9607	103.105
0.0972	212949	1.66518e+06	1.50584e+06	39783.6	44.8562	112.201
0.09744	223280	1.66456e+06	1.30048e+06	38749.5	39.9477	124.196
0.09768	230719	1.6884e+06	1.38545e+06	37715.5	35.1022	138.085
0.09792	233675	1.75628e+06	1.68069e+06	36535.8	28.8684	153.737
0.09816	238035	1.73494e+06	1.39454e+06	35331.9	21.5773	163.03
0.0984	254548	1.75705e+06	1.34447e+06	34128	15.8551	173.913
0.09864	278122	1.80956e+06	1.49646e+06	33017	12.4477	194.194
0.09888	301374	1.84389e+06	1.72196e+06	32138.5	10.3018	213.69
0.09912	332499	1.8365e+06	1.34194e+06	31260	8.30514	235.608
0.09936	372470	1.88084e+06	1.42471e+06	30381.5	6.28944	260.555
0.0996	421886	1.96258e+06	1.83729e+06	30405.5	6.34163	259.83
0.09984	481531	1.95457e+06	1.52782e+06	30790.5	7.2235	248.559
0.10008	558363	1.96864e+06	1.31557e+06	31175.6	8.12212	237.884
0.10032	638300	2.02976e+06	1.54517e+06	31886	9.71257	219.678
0.10056	739569	2.11104e+06	1.7212e+06	34549	17.4714	168.276
0.1008	828002	2.08292e+06	1.3752e+06	37212	32.5259	144.992
0.10104	908647	2.11375e+06	1.36753e+06	39875	45.3435	111.259
0.10128	1.03861e+06	2.2049e+06	1.57905e+06	44039.9	79.3809	94.489
0.10152	1.14625e+06	2.20842e+06	1.55342e+06	49331.3	124.295	66.5482
0.10176	1.2154e+06	2.20849e+06	1.35108e+06	54622.7	183.204	54.13
0.102	1.24296e+06	2.25467e+06	1.46624e+06	59914.1	248.146	44.6374
0.10224	1.23907e+06	2.33334e+06	2.05547e+06	65087.1	315.846	38.2175
0.10248	1.21159e+06	2.21649e+06	1.40334e+06	70260	385.82	33.1662
0.10272	1.09083e+06	2.16745e+06	1.35161e+06	75433	461.602	29.7163
0.10296	952455	2.16136e+06	1.7089e+06	79230.8	520.924	26.0872
0.1032	756410	2.06075e+06	1.66911e+06	81194.9	548.27	25.8353
0.10344	545247	1.9407e+06	1.42444e+06	83159.1	582.842	24.9936
0.10368	400074	1.88167e+06	1.60095e+06	85123.2	610.712	23.4631
0.10392	272843	1.91952e+06	1.83133e+06	84821.1	606.01	23.7303
0.10416	176892	1.84782e+06	1.63682e+06	84141.3	596.711	24.2714
0.1044	111384	1.82664e+06	1.50073e+06	83461.5	587.174	24.7786
0.10464	66694	1.86346e+06	1.7866e+06	82491.6	571.148	25.4018
0.10488	36916	1.89582e+06	2.18283e+06	80796.4	542.417	25.7754
0.10512	20222	1.8635e+06	1.66119e+06	79101.2	519.159	26.2131
0.10536	11499	1.88809e+06	1.72353e+06	77406	493.558	28.1259
0.1056	6315	1.96096e+06	1.85166e+06	75692.7	465.304	29.5434
0.10584	3312	1.92285e+06	1.75808e+06	73972.2	439.564	30.3763
0.10608	1687	1.92346e+06	1.67063e+06	72251.7	412.006	31.2039
0.10632	840	1.97751e+06	1.80743e+06	70562.5	389.923	32.9635
0.10656	508	2.06993e+06	2.46105e+06	69061.2	369.085	34.0109
0.1068	275	2.04684e+06	1.80318e+06	67560	347.208	35.732
0.10704	140	2.07138e+06	1.85974e+06	66058.7	327.722	37.2994
0.10728	74	2.15563e+06	2.04362e+06	64654	310.508	38.6354
0.10752	35	2.13744e+06	2.00375e+06	63321.6	293.198	40.1501
0.10776	23	2.1148e+06	1.7892e+06	61989.3	275.032	41.8741
0.108	6	2.14895e+06	1.94383e+06	60656.9	257.494	43.4688
0.10824	5	2.27426e+06	2.6693e+06	59480.5	242.712	45.3669
0.10848	3	2.21187e+06	1.98234e+06	58304	227.592	47.1828
0.10872	1	2.23826e+06	1.9996e+06	57127.5	212.233	48.7969
0.10896	0	2.29724e+06	2.10073e+06	56034.4	199.136	51.0338
0.1092	0	2.2941e+06	2.32782e+06	55052.5	187.987	53.2387
0.10944	0	2.25567e+06	1.94366e+06	54070.6	177.068	55.2541
0.10968	0	2.27333e+06	2.20716e+06	53088.7	165.979	57.0934
0.10992	0	2.37148e+06	2.47096e+06	52341.3	157.456	58.52
0.11016	0	2.30009e+06	2.1574e+06	51633	149.621	60.1569
0.1104	0	2.29244e+06	2.02039e+06	50924.8	142.126	62.2821
0.11064	0	2.33386e+06	2.11428e+06	50185.5	134.316	64.6389
0.11088	0	2.35821e+06	2.79865e+06	49368.7	124.714	66.4554
0.11112	0	2.28478e+06	2.04858e+06	48551.9	116.104	68.8151
0.11136	0	2.26008e+06	2.06525e+06	47735.1	110.712	73.6419
0.1116	0	2.32811e+06	2.20316e+06	47056.3	106.719	78.7316
0.11184	0	2.24024e+06	2.13611e+06	46432.6	102.162	83.7001
0.11208	0	2.17445e+06	1.88999e+06	45809	95.8015	87.8483
0.11232	0	2.16335e+06	2.06327e+06	45237.8	89.8794	91.0934
0.11256	0	2.20733e+06	2.6542e+06	44981.1	87.2046	92.3592
0.1128	0	2.08051e+06	1.95249e+06	44724.4	84.9492	93.1667
0.11304	0	2.04574e+06	1.91284e+06	44467.6	82.876	93.7292
0.11328	0	2.05664e+06	2.0364e+06	44082.4	79.7298	94.4236
0.11352	0	1.96592e+06	1.95376e+06	43600.7	75.756	95.0335
0.11376	0	1.87122e+06	1.71125e+06	43119	71.6574	95.3691
0.114	0	1.84023e+06	1.73728e+06	42637.3	66.6655	95.9572
0.11424	0	1.88943e+06	1.99426e+06	41902.2	59.5359	97.6147
0.11448	0	1.75667e+06	1.66323e+06	41167	53.3443	100.744
0.11472	0	1.7072e+06	1.54691e+06	40431.9	48.526	106.113
0.11496	0	1.7099e+06	1.7042e+06	39591.3	43.9034	114.284
0.1152	0	1.65662e+06	1.77491e+06	38610	39.2954	125.956
0.11544	0	1.55934e+06	1.47989e+06	37628.7	34.6707	139.295
0.11568	0	1.5328e+06	1.47343e+06	36647.4	29.4818	152.342
0.11592	0	1.56095e+06	1.69609e+06	34550.9	17.4806	168.262
0.11616	0	1.45839e+06	1.43005e+06	32268.5	10.6086	210.702
0.1164	2	1.4231e+06	1.19641e+06	29986	5.47509	272.912
0.11664	19	1.44807e+06	1.36125e+06	27383	2.21469	377.638
0.11688	100	1.4532e+06	1.51644e+06	23978.4	0.377704	586.322
0.11712	419	1.39633e+06	1.09932e+06	20573.7	0.0181802	990.744
0.11736	3203	1.41656e+06	1.0745e+06	17169.1	0	1830.15
0.1176	25873	1.49948e+06	1.41778e+06	16865.6	0	1946.78
0.11784	126389	1.49794e+06	1.01386e+06	17802.6	0	1614.3
0.11808	449789	1.57582e+06	800125	18739.6	0	1363.83
0.11832	1.04677e+06	1.7334e+06	796590	20885.7	0.0966624	940.017
0.11856	1.80165e+06	1.92081e+06	714703	30285.9	6.08457	263.475
0.1188	2.60618e+06	2.14566e+06	330550	39686	44.3495	113.24
0.11904	3.31758e+06	2.43024e+06	196205	49086.2	121.612	67.1919
0.11928	3.85328e+06	2.64524e+06	149620	59896.2	247.921	44.6673
0.11952	3.45492e+06	2.64721e+06	125964	71763.4	405.505	31.7323
0.11976	0	2.19841e+06	75524	83630.6	589.572	24.6555
