0	0	0	0	56651.1	206.413	49.7135
0.00024	0	0	0	56656.3	206.475	49.7027
0.00048	0	0	0	56661.6	206.538	49.6919
0.00072	0	0	0	56666.8	206.601	49.681
0.00096	0	0	0	56672.1	206.665	49.67
0.0012	0	0	0	56677.6	206.73	49.6587
0.00144	0	0	0	56683	206.795	49.6475
0.00168	0	0	0	56688.5	206.861	49.6362
0.00192	0	0	0	56694.1	206.928	49.6246
0.00216	0	0	0	56699.8	206.996	49.6129
0.0024	0	0	0	56705.5	207.064	49.6012
0.00264	0	0	0	56711.2	207.133	49.5893
0.00288	0	0	0	56717.1	207.204	49.5772
0.00312	0	0	0	56723.1	207.275	49.565
0.00336	0	0	0	56729	207.346	49.5528
0.0036	0	0	0	56735.1	207.42	49.5403
0.00384	0	0	0	56741.2	207.494	49.5276
0.00408	0	0	0	56747.4	207.568	49.515
0.00432	0	0	0	56753.6	207.643	49.5022
0.00456	0	0	0	56760.1	207.72	49.4891
0.0048	0	0	0	56766.5	207.797	49.4759
0.00504	0	0	0	56772.9	207.875	49.4627
0.00528	0	0	0	56779.5	207.954	49.4492
0.00552	0	0	0	56786.2	208.035	49.4355
0.00576	0	0	0	56793	208.116	49.4218
0.006	0	0	0	56799.7	208.197	49.4081
0.00624	0	0	0	56806.7	208.281	49.3938
0.00648	0	0	0	56813.7	208.366	49.3795
0.00672	0	0	0	56820.7	208.451	49.3652
0.00696	0	0	0	56827.9	208.537	49.3506
0.0072	0	0	0	56835.2	208.625	49.3357
0.00744	0	0	0	56842.5	208.714	49.3208
0.00768	0	0	0	56849.9	208.803	49.3059
0.00792	0	0	0	56857.5	208.895	49.2905
0.00816	0	0	0	56865.2	208.987	49.2749
0.0084	0	0	0	56872.8	209.08	49.2594
0.00864	0	0	0	56880.6	209.174	49.2437
0.00888	0	0	0	56888.6	209.271	49.2274
0.00912	0	0	0	56896.6	209.368	49.2112
0.00936	0	0	0	56904.7	209.465	49.195
0.0096	0	0	0	56913	209.566	49.1783
0.00984	0	1	0	56921.4	209.668	49.1614
0.01008	0	0	0	56929.8	209.769	49.1445
0.01032	0	0	0	56938.2	209.872	49.1275
0.01056	0	0	0	56947	209.979	49.1098
0.0108	0	0	0	56955.8	210.086	49.0921
0.01104	0	1	0	56964.6	210.193	49.0744
0.01128	0	0	0	56973.7	210.302	49.0563
0.01152	0	2	0	56982.9	210.415	49.0378
0.01176	0	0	0	56992.2	210.527	49.0193
0.012	0	0	0	57001.4	210.639	49.0009
0.01224	0	0	0	57011.1	210.757	48.9816
0.01248	0	0	0	57020.8	210.875	48.9622
0.01272	0	3	0	57030.5	210.993	48.9429
0.01296	0	0	2	57040.4	211.114	48.9232
0.0132	0	0	0	57050.5	211.244	48.9082
0.01344	0	0	0	57060.7	211.375	48.8934
0.01368	0	1	1	57070.9	211.505	48.8787
0.01392	0	1	0	57081.5	211.642	48.8633
0.01416	0	0	0	57092.2	211.779	48.8478
0.0144	0	0	0	57102.9	211.917	48.8324
0.01464	0	0	0	57113.8	212.056	48.8167
0.01488	0	3	0	57125	212.201	48.8005
0.01512	0	2	0	57136.3	212.346	48.7843
0.01536	0	1	0	57147.5	212.49	48.7681
0.0156	0	0	1	57159.2	212.641	48.7513
0.01584	0	0	0	57171.1	212.793	48.7342
0.01608	0	1	0	57182.9	212.946	48.7172
0.01632	0	1	1	57194.9	213.1	48.7001
0.01656	0	5	1	57207.4	213.261	48.6822
0.0168	0	1	0	57219.8	213.422	48.6644
0.01704	0	3	0	57232.3	213.583	48.6465
0.01728	0	0	1	57245.2	213.749	48.6281
0.01752	0	0	1	57258.4	213.919	48.6093
0.01776	0	5	2	57271.5	214.089	48.5906
0.018	0	4	1	57284.7	214.259	48.5718
0.01824	0	3	0	57298.6	214.438	48.5521
0.01848	0	4	0	57312.5	214.618	48.5323
0.01872	0	1	3	57326.4	214.798	48.5126
0.01896	0	8	1	57340.7	214.982	48.4924
0.0192	0	4	2	57355.4	215.172	48.4716
0.01944	0	3	1	57370.1	215.362	48.4509
0.01968	0	2	2	57384.8	215.553	48.4301
0.01992	0	4	3	57400.2	215.752	48.4083
0.02016	0	4	1	57415.8	215.954	48.3864
0.0204	0	3	4	57431.3	216.156	48.3646
0.02064	0	3	0	57447.2	216.361	48.3424
0.02088	0	4	0	57463.6	216.574	48.3193
0.02112	0	6	0	57480.1	216.788	48.2962
0.02136	0	7	0	57496.5	217.002	48.2732
0.0216	0	7	2	57513.7	217.225	48.2492
0.02184	0	6	0	57531.2	217.452	48.2249
0.02208	0	8	0	57548.6	217.679	48.2006
0.02232	0	9	4	57566.2	217.908	48.1761
0.02256	0	7	2	57584.8	218.149	48.1504
0.0228	0	6	3	57603.3	218.39	48.1247
0.02304	0	7	1	57621.9	218.632	48.099
0.02328	0	8	1	57641.1	218.882	48.0725
0.02352	0	5	7	57660.8	219.139	48.0453
0.02376	0	19	2	57680.5	219.396	48.0182
0.024	0	13	3	57700.2	219.653	47.9911
0.02424	0	11	5	57721.1	219.927	47.9624
0.02448	0	13	3	57742.1	220.2	47.9336
0.02472	0	16	4	57763.1	220.474	47.905
0.02496	0	17	2	57784.6	220.756	47.8756
0.0252	0	14	4	57806.9	221.048	47.8452
0.02544	0	15	6	57829.3	221.34	47.8148
0.02568	0	13	0	57851.6	221.633	47.7845
0.02592	0	17	4	57875.2	221.942	47.7525
0.02616	0	24	3	57899	222.254	47.7204
0.0264	0	24	4	57922.8	222.567	47.6882
0.02664	0	25	3	57947.1	222.885	47.6556
0.02688	0	27	4	57972.5	223.219	47.6214
0.02712	0	35	4	57997.9	223.553	47.5873
0.02736	0	30	5	58023.3	223.888	47.5533
0.0276	0	26	5	58050	224.239	47.5177
0.02784	0	33	4	58077.2	224.597	47.4815
0.02808	0	36	4	58104.4	224.956	47.4453
0.02832	0	27	8	58131.9	225.318	47.4089
0.02856	0	37	9	58161.1	225.703	47.3704
0.0288	0	44	5	58190.2	226.087	47.3319
0.02904	0	52	9	58219.3	226.472	47.2936
0.02928	0	51	3	58249.7	226.873	47.2538
0.02952	0	42	6	58280.9	227.287	47.2129
0.02976	0	54	9	58312.1	227.7	47.1722
0.03	0	69	5	58343.4	228.114	47.1315
0.03024	0	77	8	58376.9	228.559	47.0879
0.03048	0	65	9	58410.5	229.004	47.0445
0.03072	0	74	9	58444	229.45	47.0012
0.03096	0	80	12	58478.7	229.91	46.9566
0.0312	0	75	11	58514.8	230.391	46.9103
0.03144	0	71	5	58550.9	230.871	46.8641
0.03168	0	102	7	58587	231.353	46.818
0.03192	0	88	7	58625.5	231.866	46.7691
0.03216	0	99	8	58664.4	232.385	46.7198
0.0324	0	119	11	58703.3	232.904	46.6707
0.03264	0	131	8	58743	233.435	46.6207
0.03288	0	139	7	58784.9	233.987	46.5636
0.03312	0	145	7	58826.7	234.512	46.4906
0.03336	0	160	6	58868.6	235.038	46.4178
0.0336	0	154	11	58912.8	235.592	46.341
0.03384	0	193	9	58958	236.158	46.2627
0.03408	0	207	11	59003.1	236.725	46.1845
0.03432	0	250	7	59048.8	237.298	46.1056
0.03456	0	227	6	59097.7	237.91	46.0214
0.0348	0	229	10	59146.5	238.523	45.9373
0.03504	0	233	7	59195.3	239.136	45.8534
0.03528	0	279	6	59246.5	239.777	45.7657
0.03552	0	282	12	59299.4	240.441	45.6752
0.03576	0	335	4	59352.3	241.104	45.5849
0.036	0	349	10	59405.1	241.767	45.4949
0.03624	0	355	7	59462.4	242.485	45.3975
0.03648	0	401	6	59519.7	243.203	45.3004
0.03672	0	445	10	59576.9	243.921	45.2035
0.03696	0	469	6	59636.2	244.664	45.1034
0.0372	0	485	11	59698.2	245.442	44.9989
0.03744	0	519	1	59760.3	246.219	44.8947
0.03768	0	586	4	59822.3	246.997	44.7907
0.03792	0	614	5	59888.8	247.829	44.6797
0.03816	0	656	1	59956	248.67	44.5676
0.0384	0	759	2	60023.2	249.511	44.4559
0.03864	0	770	8	60091.9	250.372	44.3418
0.03888	0	801	4	60164.7	251.282	44.2215
0.03912	0	924	5	60237.5	252.192	44.1015
0.03936	0	1115	3	60310.2	253.102	43.9819
0.0396	0	999	7	60387.4	254.065	43.8554
0.03984	0	1139	2	60466.3	255.051	43.7264
0.04008	0	1156	13	60545.3	256.051	43.6102
0.04032	0	1438	13	60625.2	257.083	43.5089
0.04056	0	1322	3	60711.1	258.195	43.4007
0.0408	0	1439	4	60796.9	259.309	43.2932
0.04104	0	1604	8	60882.8	260.426	43.1865
0.04128	0	1683	8	60972.8	261.599	43.0754
0.04152	0	1915	5	61065.9	262.816	42.9613
0.04176	0	1918	8	61159	264.035	42.8481
0.042	0	2100	8	61252	265.256	42.7357
0.04224	0	2332	5	61352.7	266.582	42.615
0.04248	0	2548	10	61453.5	267.91	42.4952
0.04272	0	2575	11	61554.2	269.242	42.3764
0.04296	0	2937	12	61658.4	270.623	42.2546
0.0432	0	3063	9	61767.2	272.069	42.1284
0.04344	0	3211	8	61876	273.518	42.0032
0.04368	0	3578	5	61984.8	274.972	41.8792
0.04392	0	3945	7	62100.9	276.527	41.748
0.04416	0	4016	5	62218.3	278.104	41.6167
0.0444	0	4338	5	62335.7	279.71	41.4625
0.04464	0	4811	5	62455.6	281.359	41.2988
0.04488	0	4856	10	62581.9	283.093	41.1277
0.04512	0	5403	5	62708.1	284.825	40.9579
0.04536	0	6017	2	62834.4	286.554	40.7893
0.0456	0	6148	6	62966.8	288.364	40.6137
0.04584	0	6692	4	63101.7	290.205	40.4363
0.04608	0	7341	6	63236.6	292.042	40.2603
0.04632	0	7734	6	63372.7	293.892	40.0841
0.04656	0	8222	7	63516.1	295.837	39.8998
0.0468	0	8766	6	63659.6	297.778	39.7171
0.04704	0	9729	2	63803	299.713	39.5359
0.04728	0	10273	4	63950.3	301.696	39.3513
0.04752	0	10993	5	64100.6	303.608	39.1903
0.04776	0	11907	2	64250.8	305.489	39.0373
0.048	0	12528	4	64401	307.364	38.886
0.04824	0	13714	1	64557.3	309.308	38.7306
0.04848	0	14630	6	64713.6	311.245	38.577
0.04872	0	15864	4	64869.8	313.175	38.4253
0.04896	0	16831	4	65028.1	315.123	38.2736
0.0492	0	17698	0	65189	317.094	38.1212
0.04944	0	18864	5	65349.9	319.057	37.9708
0.04968	0	20213	5	65510.8	321.011	37.8223
0.04992	0	22027	2	65672.6	322.967	37.6749
0.05016	0	23404	4	65834.6	324.946	37.52
0.0504	0	24646	8	65996.5	326.949	37.3609
0.05064	0	26778	8	66157.6	328.957	37.2011
0.05088	0	28279	4	66316.6	330.953	37.042
0.05112	0	30159	3	66475.6	332.965	36.8815
0.05136	0	32355	3	66634.5	334.992	36.7197
0.0516	0	34354	2	66786.4	336.943	36.5638
0.05184	0	36456	4	66935.5	338.872	36.4095
0.05208	0	39191	3	67084.6	340.815	36.2542
0.05232	0	41219	2	67231.5	342.742	36.1
0.05256	0	44021	5	67365.2	344.509	35.9588
0.0528	0	46541	4	67498.9	346.334	35.8077
0.05304	0	49216	2	67632.5	348.247	35.6428
0.05328	0	53047	3	67750.5	349.94	35.499
0.05352	0	55863	0	67856.7	351.468	35.3711
0.05376	0	58695	4	67962.8	353	35.2445
0.054	0	62472	1	68069	354.536	35.1193
0.05424	0	65554	2	68142.3	355.599	35.0336
0.05448	0	69303	4	68215.6	356.664	34.9485
0.05472	0	73421	4	68288.9	357.731	34.864
0.05496	0	75970	2	68344.9	358.548	34.7998
0.0552	0	80896	3	68378	359.03	34.7622
0.05544	0	84637	6	68411	359.512	34.7247
0.05568	0	88976	4	68444	359.994	34.6873
0.05592	0	92578	4	68433.1	359.835	34.6996
0.05616	0	96615	3	68414.9	359.569	34.7203
0.0564	0	101507	2	68396.7	359.303	34.7409
0.05664	0	105052	4	68363.2	358.815	34.779
0.05688	0	110401	4	68291.6	357.771	34.8609
0.05712	0	115073	3	68220	356.729	34.9434
0.05736	0	118765	5	68148.4	355.689	35.0264
0.0576	0	122404	1	68035.3	354.049	35.1589
0.05784	0	126748	0	67905.6	352.174	35.3126
0.05808	0	132393	4	67775.8	350.305	35.4684
0.05832	0	134526	4	67639.6	348.348	35.6341
0.05856	0	138883	1	67464.2	345.838	35.8508
0.0588	0	143577	5	67288.7	343.497	36.0396
0.05904	0	146907	2	67113.3	341.19	36.2241
0.05928	0	149950	0	66913.1	338.581	36.4328
0.05952	0	152521	7	66694.3	335.758	36.6585
0.05976	0	155570	3	66475.5	332.964	36.8816
0.06	0	158538	2	66256.7	330.199	37.1022
0.06024	0	161595	8	66009.5	327.111	37.3481
0.06048	0	164518	3	65762.4	324.058	37.5905
0.06072	0	167606	4	65515.2	321.064	37.8183
0.06096	0	169185	3	65262.1	317.987	38.0526
0.0612	0	170865	3	65001.1	314.791	38.2993
0.06144	0	173779	3	64740.1	311.573	38.5512
0.06168	0	176172	2	64479	308.335	38.8082
0.06192	0	176680	1	64213.5	305.023	39.0751
0.06216	0	176155	2	63947.2	301.654	39.3551
0.0624	0	178524	2	63681	298.067	39.69
0.06264	0	178618	5	63417.9	294.505	40.0259
0.06288	0	179836	5	63162.8	291.037	40.3564
0.06312	0	180605	2	62907.8	287.557	40.6919
0.06336	0	181994	2	62652.7	284.065	41.0323
0.0636	0	181188	2	62400.2	280.598	41.3742
0.06384	0	181899	7	62148.8	277.17	41.6943
0.06408	0	184010	4	61897.4	273.804	41.9788
0.06432	0	183959	3	61648	270.485	42.2666
0.06456	0	181706	2	61411.2	267.352	42.5453
0.0648	0	183703	2	61174.4	264.237	42.8294
0.06504	0	183780	13	60937.6	261.14	43.1187
0.06528	0	182811	8	60707.4	258.148	43.4052
0.06552	0	181806	7	60482.3	255.25	43.7004
0.06576	0	182620	4	60257.1	252.438	44.0692
0.066	0	180791	6	60032	249.622	44.4413
0.06624	0	179899	4	59831.2	247.108	44.7758
0.06648	0	181755	7	59630.5	244.592	45.1131
0.06672	0	178140	88	59429.7	242.075	45.4531
0.06696	0	177975	186	59246.4	239.776	45.7658
0.0672	0	175673	523	59086.4	237.769	46.0408
0.06744	0	176949	973	58926.4	235.762	46.3175
0.06768	0	174121	2099	58766.4	233.748	46.5914
0.06792	0	172036	2665	58639.8	232.056	46.751
0.06816	0	172486	3348	58518.8	230.444	46.9051
0.0684	0	172936	4028	58397.8	228.836	47.0609
0.06864	0	173352	5587	58292.7	227.443	47.1975
0.06888	0	170757	8378	58227.6	226.582	47.2827
0.06912	0	172408	11134	58162.5	225.722	47.3684
0.06936	0	172107	14302	58097.4	224.864	47.4546
0.0696	0	172283	15830	58072.1	224.529	47.4884
0.06984	0	171935	19357	58062.5	224.404	47.501
0.07008	0	175567	21734	58053	224.278	47.5137
0.07032	0	177676	25468	58052.9	224.277	47.5139
0.07056	0	177889	32089	58109.1	225.017	47.4392
0.0708	0	179288	33344	58165.3	225.758	47.3648
0.07104	0	182617	37751	58221.5	226.5	47.2908
0.07128	0	182016	44579	58312.3	227.703	47.1719
0.07152	0	186028	47171	58429.2	229.253	47.0203
0.07176	0	188803	48819	58546.1	230.807	46.8702
0.072	0	190600	57296	58662.9	232.365	46.7216
0.07224	0	194271	61210	58830.7	234.563	46.4837
0.07248	0	197905	64837	58998.6	236.667	46.1924
0.07272	0	203238	69755	59166.4	238.772	45.9032
0.07296	0	207299	76043	59352.7	241.11	45.5841
0.0732	0	212484	80847	59563.9	243.758	45.2255
0.07344	0	219946	84802	59775	246.404	44.87
0.07368	0	224070	90154	59986.2	249.049	44.5173
0.07392	0	228990	99319	60230.4	252.104	44.1131
0.07416	0	235874	102647	60480.2	255.224	43.7038
0.0744	0	243168	109737	60730	258.44	43.377
0.07464	0	251101	116551	60991	261.837	43.053
0.07488	0	258363	123159	61280.2	265.627	42.7018
0.07512	0	267982	130696	61569.4	269.443	42.3586
0.07536	0	277006	137168	61858.6	273.287	42.0231
0.0756	0	286846	143071	62146.2	277.135	41.6972
0.07584	0	296204	150326	62433.2	281.052	41.3293
0.07608	0	309175	155254	62720.2	284.99	40.9417
0.07632	0	322974	163757	62998.1	288.79	40.5726
0.07656	0	337300	172074	63221.3	291.833	40.2803
0.0768	0	350955	177476	63444.5	294.866	39.9917
0.07704	0	368675	185533	63667.7	297.887	39.7068
0.07728	0	387692	198206	63770.6	299.277	39.5766
0.07752	0	407076	205437	63783.4	299.45	39.5605
0.07776	0	432289	211510	63796.2	299.622	39.5444
0.078	0	455465	222212	63809	299.795	39.5283
0.07824	0	484397	240860	63378.2	293.967	40.0769
0.07848	0	517212	245848	62947.4	288.099	40.6394
0.07872	0	551571	257211	62516.6	282.197	41.216
0.07896	0	591892	274265	61773.5	272.153	42.121
0.0792	0	627176	284517	60614.2	256.941	43.5228
0.07944	0	665499	289755	59454.8	242.39	45.4105
0.07968	0	712185	301016	58295.4	227.478	47.194
0.07992	0	761242	320536	56499.2	204.601	50.0308
0.08016	0	789812	323319	54596.9	182.917	54.1831
0.0804	0	815546	330707	52694.6	161.471	57.8272
0.08064	0	840846	349341	50739	140.161	62.8606
0.08088	0	860579	366951	48650.1	117.083	68.4934
0.08112	0	853703	365657	46561.3	103.453	82.7749
0.08136	0	848947	382926	44472.4	82.9145	93.7195
0.0816	0	858219	426466	42788.5	68.2051	95.7308
0.08184	0	850965	444399	41266.7	54.0574	100.13
0.08208	0	853201	475262	39744.8	44.6519	112.61
0.08232	0	863207	536650	38363.2	38.1465	129.156
0.08256	0	876378	605360	37823.2	35.6297	136.571
0.0828	0	873240	608820	37283.2	32.9002	144.033
0.08304	0	882473	652319	36743.3	30.0062	151.128
0.08328	0	900901	732965	36686	29.6933	151.855
0.08352	0	905585	757816	36990.9	31.3484	147.926
0.08376	0	909355	757068	37295.7	32.9655	143.864
0.084	0	929697	808583	37600.6	34.5295	139.686
0.08424	0	956459	907340	38327.2	37.9794	129.633
0.08448	0	951490	835548	39053.9	41.375	120.476
0.08472	0	964128	848585	39780.5	44.8398	112.233
0.08496	0	982825	931373	40509.3	48.9985	105.474
0.0852	0	988842	951568	41240.8	53.8705	100.287
0.08544	0	990282	875168	41972.3	60.1906	97.4161
0.08568	0	1.01071e+06	904551	42703.8	67.3389	95.853
0.08592	0	1.04042e+06	1.04909e+06	43161	72.1046	95.3361
0.08616	0	1.02782e+06	885363	43572.5	75.5226	95.0602
0.0864	0	1.03309e+06	858807	43984	78.9213	94.5716
0.08664	0	1.06785e+06	960600	44284.6	81.3857	94.0817
0.08688	0	1.08564e+06	1.02102e+06	44307.8	81.5753	94.0393
0.08712	0	1.07423e+06	842970	44331.1	81.7648	93.9961
0.08736	0	1.08689e+06	887988	44354.3	81.9542	93.9523
0.0876	0	1.11301e+06	1.08083e+06	44169.5	80.4448	94.2824
0.08784	0	1.10144e+06	930097	43901.6	78.2428	94.6864
0.08808	0	1.10455e+06	857708	43633.7	76.0295	95.001
0.08832	0	1.13323e+06	977037	43329.2	73.5055	95.2488
0.08856	0	1.16608e+06	1.1306e+06	42804.8	68.3724	95.7087
0.0888	0	1.16841e+06	891568	42280.5	63.1316	96.6453
0.08904	0	1.20308e+06	929629	41756.1	58.1885	98.0566
0.08928	0	1.25879e+06	1.15584e+06	41197.5	53.561	100.553
0.08952	0	1.26244e+06	1.09663e+06	40613.3	49.6462	104.644
0.08976	0	1.26808e+06	964282	40029.1	46.1874	109.734
0.09	0	1.2959e+06	1.09904e+06	39444.9	43.2145	115.925
0.09024	0	1.34908e+06	1.37789e+06	39252.7	42.3097	118.131
0.09048	0	1.31402e+06	1.07383e+06	39060.4	41.4057	120.397
0.09072	0	1.31894e+06	1.11637e+06	38868.2	40.5034	122.727
0.09096	0	1.35558e+06	1.36538e+06	38920.2	40.7473	122.09
0.0912	0	1.35099e+06	1.37216e+06	39297.8	42.5221	117.607
0.09144	0	1.3334e+06	1.19027e+06	39675.4	44.2996	113.356
0.09168	0	1.3381e+06	1.28284e+06	40053.1	46.321	109.504
0.09192	0	1.38197e+06	1.52132e+06	40589.8	49.4985	104.829
0.09216	0	1.35431e+06	1.29533e+06	41153	53.2453	100.832
0.0924	0	1.35474e+06	1.23204e+06	41716.3	57.8251	98.1836
0.09264	0	1.37985e+06	1.3588e+06	42206.6	62.4177	96.8149
0.09288	0	1.40752e+06	1.50484e+06	42514.7	65.4356	96.1692
0.09312	0	1.38969e+06	1.22211e+06	42822.8	68.5571	95.6849
0.09336	0	1.40267e+06	1.25155e+06	43130.8	71.7832	95.3595
0.0936	0	1.44834e+06	1.53575e+06	43218.1	72.5841	95.31
0.09384	0	1.43571e+06	1.33841e+06	43217.1	72.5756	95.3105
0.09408	0	1.4407e+06	1.21628e+06	43216.1	72.5672	95.311
0.09432	0	1.46518e+06	1.35982e+06	43204.6	72.4723	95.3163
0.09456	0	1.51121e+06	1.6434e+06	43130.7	71.7818	95.3596
0.0948	0	1.48785e+06	1.2724e+06	43056.8	70.998	95.4233
0.09504	0	1.49888e+06	1.30796e+06	42982.8	70.2203	95.4961
0.09528	0	1.54582e+06	1.63447e+06	42955	69.9294	95.5258
0.09552	0	1.54627e+06	1.53564e+06	42961.8	70.0006	95.5184
0.09576	0	1.547e+06	1.3345e+06	42968.6	70.0717	95.5111
0.096	0	1.56978e+06	1.49398e+06	42975.4	70.143	95.5038
0.09624	0	1.63686e+06	1.77189e+06	43012.1	70.5277	95.4661
0.09648	0	1.60749e+06	1.46979e+06	43048.8	70.914	95.4307
0.09672	0	1.62592e+06	1.44318e+06	43085.5	71.3018	95.3975
0.09696	0	1.67534e+06	1.69336e+06	43117.3	71.6393	95.3705
0.0972	0	1.69208e+06	1.72427e+06	43142.6	71.909	95.3501
0.09744	0	1.69082e+06	1.52331e+06	43168	72.1681	95.3324
0.09768	0	1.71376e+06	1.61247e+06	43193.3	72.3784	95.3215
0.09792	0	1.78311e+06	1.91157e+06	43203.6	72.4635	95.3168
0.09816	0	1.75732e+06	1.63597e+06	43211.3	72.5278	95.3132
0.0984	0	1.77556e+06	1.59864e+06	43219.1	72.5921	95.3095
0.09864	0	1.82686e+06	1.76523e+06	43243	72.7904	95.2976
0.09888	0	1.85786e+06	2.00411e+06	43307.3	73.324	95.2621
0.09912	0	1.8449e+06	1.64069e+06	43371.6	73.8576	95.2213
0.09936	0	1.8856e+06	1.74559e+06	43435.9	74.3909	95.1753
0.0996	0	1.96457e+06	2.18336e+06	43510.9	75.0123	95.115
0.09984	0	1.9548e+06	1.90498e+06	43590.1	75.6685	95.0436
0.10008	0	1.96872e+06	1.7281e+06	43669.3	76.3242	94.9643
0.10032	0	2.02985e+06	2.00561e+06	43729.1	76.8186	94.8993
0.10056	0	2.11114e+06	2.23822e+06	43672.3	76.3491	94.9612
0.1008	0	2.08334e+06	1.91861e+06	43615.6	75.8793	95.019
0.10104	0	2.11573e+06	1.95942e+06	43558.8	75.4091	95.0728
0.10128	0	2.21122e+06	2.2444e+06	43376.6	73.899	95.2179
0.10152	0	2.21832e+06	2.22745e+06	43100.4	71.4598	95.3846
0.10176	0	2.22553e+06	1.99785e+06	42824.2	68.5716	95.683
0.102	0	2.29924e+06	2.1315e+06	42547.9	65.7675	96.1092
0.10224	0	2.42684e+06	2.78512e+06	41883.2	59.3596	97.6699
0.10248	0	2.3798e+06	2.07743e+06	41218.5	53.7104	100.424
0.10272	0	2.43974e+06	2.05594e+06	40553.7	49.2734	105.116
0.10296	0	2.5642e+06	2.51196e+06	39923.2	45.6049	110.773
0.1032	1	2.5887e+06	2.53702e+06	39338.5	42.7134	117.139
0.10344	0	2.57732e+06	2.2844e+06	38753.7	39.9671	124.144
0.10368	0	2.61781e+06	2.56023e+06	38168.9	37.2466	131.757
0.10392	0	2.74867e+06	3.04465e+06	37984.2	36.3957	134.297
0.10416	0	2.72212e+06	2.64302e+06	37866.1	35.8368	135.966
0.1044	0	2.7609e+06	2.48029e+06	37748	35.2626	137.629
0.10464	0	2.87222e+06	2.89337e+06	37635.7	34.7056	139.198
0.10488	0	2.95013e+06	3.375e+06	37537.6	34.2114	140.558
0.10512	0	2.91708e+06	2.66497e+06	37439.5	33.7105	141.907
0.10536	0	2.97356e+06	2.80325e+06	37341.4	33.2034	143.245
0.1056	0	3.09891e+06	3.17605e+06	37391.7	33.4644	142.56
0.10584	0	3.04724e+06	2.9542e+06	37501.4	34.0277	141.056
0.10608	0	3.04387e+06	2.82056e+06	37611.2	34.5829	139.539
0.10632	0	3.12284e+06	3.12073e+06	37759.9	35.3208	137.462
0.10656	0	3.23917e+06	4.02057e+06	38142.5	37.1246	132.116
0.1068	0	3.17033e+06	3.001e+06	38525.1	38.8993	127.045
0.10704	0	3.18662e+06	3.07165e+06	38907.6	40.6885	122.243
0.10728	1	3.29384e+06	3.48156e+06	39151.8	41.8353	119.312
0.10752	0	3.24337e+06	3.32138e+06	39292.2	42.4956	117.672
0.10776	0	3.18908e+06	2.88335e+06	39432.5	43.1562	116.065
0.108	0	3.22466e+06	3.10913e+06	39572.9	43.8169	114.489
0.10824	0	3.39018e+06	4.08866e+06	39315.1	42.6037	117.407
0.10848	0	3.25804e+06	3.03249e+06	39057.4	41.3916	120.433
0.10872	0	3.26907e+06	3.04256e+06	38799.7	40.1824	123.572
0.10896	0	3.35068e+06	3.31312e+06	38522.2	38.8861	127.082
0.1092	0	3.32703e+06	3.56234e+06	38218.5	37.4758	131.086
0.10944	0	3.23854e+06	2.96467e+06	37914.8	36.07	135.277
0.10968	0	3.26119e+06	3.28221e+06	37611	34.582	139.541
0.10992	0	3.39495e+06	3.78844e+06	37478	33.9082	141.378
0.11016	1	3.25806e+06	3.20818e+06	37373.5	33.3702	142.808
0.1104	0	3.23338e+06	3.0078e+06	37269	32.8255	144.225
0.11064	0	3.30131e+06	3.22407e+06	37165.4	32.2797	145.616
0.11088	0	3.32473e+06	4.00481e+06	37064.1	31.7411	146.961
0.11112	0	3.18301e+06	3.04472e+06	36962.9	31.1979	148.292
0.11136	1	3.16203e+06	3.08822e+06	36861.6	30.6506	149.608
0.1116	1	3.26483e+06	3.41001e+06	36799.6	30.3134	150.408
0.11184	1	3.12802e+06	3.17948e+06	36753.2	30.0605	151.001
0.11208	1	3.0335e+06	2.84121e+06	36706.8	29.8071	151.591
0.11232	2	3.04478e+06	3.09569e+06	36649.6	29.494	152.314
0.11256	1	3.10457e+06	3.81847e+06	36527.8	28.8244	153.836
0.1128	1	2.93164e+06	2.86019e+06	36406	28.1524	155.332
0.11304	1	2.91336e+06	2.82778e+06	36284.3	27.4787	156.803
0.11328	0	2.97579e+06	3.10173e+06	36091	26.251	158.309
0.11352	2	2.85961e+06	2.9879e+06	35844.3	24.653	159.806
0.11376	2	2.73118e+06	2.65708e+06	35597.5	23.1316	161.338
0.114	2	2.72384e+06	2.76073e+06	35350.7	21.6846	162.909
0.11424	2	2.81607e+06	3.28289e+06	35268.5	21.2187	163.44
0.11448	0	2.62609e+06	2.68361e+06	35186.3	20.7607	163.976
0.11472	1	2.56545e+06	2.56494e+06	35104	20.3105	164.516
0.11496	1	2.59936e+06	2.88184e+06	35041.1	19.9713	164.932
0.1152	3	2.54696e+06	2.95039e+06	35003.9	19.7728	165.179
0.11544	2	2.43614e+06	2.49082e+06	34966.7	19.576	165.428
0.11568	1	2.44667e+06	2.53622e+06	34929.5	19.3807	165.677
0.11592	4	2.5335e+06	2.9891e+06	34752.4	18.4725	166.874
0.11616	3	2.38295e+06	2.5484e+06	34552	17.4862	168.254
0.1164	3	2.34549e+06	2.31256e+06	34351.7	16.6648	170.611
0.11664	2	2.40885e+06	2.63545e+06	34147.7	15.9245	173.612
0.11688	0	2.37696e+06	2.92835e+06	33934.7	15.1917	176.963
0.11712	1	2.15806e+06	2.33922e+06	33721.8	14.4974	180.544
0.11736	4	2.07878e+06	2.32366e+06	33508.8	13.8394	184.368
0.1176	3	2.10419e+06	2.80153e+06	32991.3	12.3793	194.75
0.11784	1	1.91253e+06	2.29815e+06	32351.9	10.8066	208.817
0.11808	2	1.82803e+06	1.96984e+06	31712.5	9.31411	223.935
0.11832	9	1.90014e+06	2.14653e+06	31301.7	8.39603	234.497
0.11856	6	2.0445e+06	2.65699e+06	32262.7	10.595	210.833
0.1188	4	2.22181e+06	2.16841e+06	33223.8	13.0121	189.887
0.11904	5	2.48804e+06	2.47267e+06	34184.8	16.0565	173.051
0.11928	3	2.71259e+06	3.12421e+06	41209	53.6426	100.482
0.11952	1	2.79955e+06	3.25693e+06	52780.4	162.45	57.664
0.11976	0	2.72637e+06	1.91448e+06	64351.8	306.751	38.9353
