0	0	0	0	56659.7	206.516	49.6957
0.00024	0	0	0	56665	206.579	49.6847
0.00048	0	0	0	56670.3	206.643	49.6737
0.00072	0	0	0	56675.7	206.707	49.6627
0.00096	0	0	0	56681.1	206.772	49.6515
0.0012	0	0	0	56686.6	206.838	49.6401
0.00144	0	0	0	56692.1	206.904	49.6287
0.00168	0	0	0	56697.7	206.971	49.6173
0.00192	0	0	0	56703.4	207.039	49.6055
0.00216	0	0	0	56709.2	207.108	49.5936
0.0024	0	0	0	56714.9	207.178	49.5817
0.00264	0	0	0	56720.8	207.248	49.5697
0.00288	0	0	0	56726.8	207.32	49.5574
0.00312	0	0	0	56732.8	207.392	49.545
0.00336	0	0	0	56738.8	207.464	49.5327
0.0036	0	0	0	56745	207.538	49.52
0.00384	0	0	0	56751.2	207.614	49.5071
0.00408	0	0	0	56757.5	207.689	49.4943
0.00432	0	0	0	56763.8	207.765	49.4814
0.00456	0	0	0	56770.3	207.844	49.468
0.0048	0	0	0	56776.9	207.922	49.4546
0.00504	0	0	0	56783.4	208.001	49.4413
0.00528	0	0	0	56790.1	208.082	49.4276
0.00552	0	0	0	56796.9	208.164	49.4137
0.00576	0	0	0	56803.7	208.246	49.3998
0.006	0	0	0	56810.6	208.328	49.3858
0.00624	0	0	0	56817.7	208.414	49.3713
0.00648	0	0	0	56824.8	208.5	49.3568
0.00672	0	0	0	56831.9	208.586	49.3423
0.00696	0	0	0	56839.2	208.674	49.3276
0.0072	0	0	0	56846.7	208.764	49.3124
0.00744	0	0	0	56854.1	208.854	49.2973
0.00768	0	0	0	56861.6	208.944	49.2822
0.00792	0	0	0	56869.3	209.037	49.2665
0.00816	0	0	0	56877.1	209.132	49.2507
0.0084	0	0	0	56884.9	209.226	49.235
0.00864	0	0	0	56892.8	209.321	49.219
0.00888	0	0	0	56900.9	209.42	49.2026
0.00912	0	0	0	56909.1	209.519	49.1861
0.00936	0	0	0	56917.3	209.618	49.1697
0.0096	0	0	0	56925.7	209.72	49.1527
0.00984	0	1	0	56934.2	209.824	49.1355
0.01008	0	0	0	56942.8	209.927	49.1183
0.01032	0	0	0	56951.4	210.031	49.1011
0.01056	0	0	0	56960.3	210.14	49.0831
0.0108	0	0	0	56969.3	210.249	49.0651
0.01104	0	1	0	56978.2	210.357	49.0472
0.01128	0	0	0	56987.4	210.469	49.0288
0.01152	0	2	0	56996.8	210.583	49.01
0.01176	0	0	0	57006.2	210.698	48.9913
0.012	0	0	0	57015.6	210.812	48.9726
0.01224	0	0	0	57025.4	210.932	48.9529
0.01248	0	0	0	57035.3	211.052	48.9333
0.01272	0	3	0	57045.2	211.175	48.916
0.01296	0	0	2	57055.2	211.304	48.9014
0.0132	0	0	0	57065.6	211.437	48.8864
0.01344	0	0	0	57075.9	211.57	48.8714
0.01368	0	1	1	57086.3	211.703	48.8564
0.01392	0	1	0	57097.1	211.842	48.8408
0.01416	0	0	0	57108	211.982	48.8251
0.0144	0	0	0	57118.9	212.122	48.8094
0.01464	0	0	0	57129.9	212.264	48.7934
0.01488	0	3	0	57141.4	212.411	48.7769
0.01512	0	2	0	57152.8	212.559	48.7605
0.01536	0	1	0	57164.3	212.706	48.744
0.0156	0	0	1	57176.2	212.859	48.7269
0.01584	0	0	0	57188.2	213.014	48.7096
0.01608	0	1	0	57200.3	213.17	48.6923
0.01632	0	1	1	57212.5	213.326	48.6749
0.01656	0	5	1	57225.2	213.49	48.6567
0.0168	0	1	0	57237.9	213.654	48.6386
0.01704	0	3	0	57250.6	213.818	48.6204
0.01728	0	0	1	57263.7	213.988	48.6017
0.01752	0	0	1	57277.1	214.161	48.5826
0.01776	0	5	2	57290.6	214.334	48.5635
0.018	0	4	1	57304	214.507	48.5445
0.01824	0	3	0	57318.1	214.69	48.5244
0.01848	0	4	0	57332.3	214.874	48.5043
0.01872	0	1	3	57346.5	215.057	48.4842
0.01896	0	8	1	57361	215.245	48.4637
0.0192	0	4	2	57376	215.438	48.4425
0.01944	0	3	1	57391	215.632	48.4214
0.01968	0	2	2	57405.9	215.827	48.4003
0.01992	0	4	3	57421.7	216.03	48.3781
0.02016	0	4	1	57437.5	216.236	48.3559
0.0204	0	3	4	57453.4	216.442	48.3336
0.02064	0	3	0	57469.5	216.651	48.311
0.02088	0	4	0	57486.3	216.869	48.2875
0.02112	0	6	0	57503.1	217.087	48.264
0.02136	0	7	0	57519.9	217.305	48.2406
0.0216	0	7	2	57537.4	217.533	48.2162
0.02184	0	6	0	57555.2	217.764	48.1914
0.02208	0	8	0	57573	217.996	48.1667
0.02232	0	9	4	57591	218.23	48.1417
0.02256	0	7	2	57609.9	218.476	48.1155
0.0228	0	6	3	57628.9	218.723	48.0894
0.02304	0	7	1	57647.8	218.969	48.0632
0.02328	0	8	1	57667.4	219.225	48.0362
0.02352	0	5	7	57687.5	219.488	48.0085
0.02376	0	19	2	57707.6	219.75	47.9809
0.024	0	13	3	57727.7	220.013	47.9533
0.02424	0	11	5	57749.2	220.293	47.924
0.02448	0	13	3	57770.6	220.572	47.8947
0.02472	0	16	4	57792	220.853	47.8655
0.02496	0	17	2	57814	221.141	47.8355
0.0252	0	14	4	57836.8	221.439	47.8045
0.02544	0	15	6	57859.7	221.738	47.7736
0.02568	0	13	0	57882.5	222.038	47.7427
0.02592	0	17	4	57906.6	222.354	47.7101
0.02616	0	24	3	57930.9	222.674	47.6773
0.0264	0	24	4	57955.3	222.993	47.6445
0.02664	0	25	3	57980.1	223.319	47.6112
0.02688	0	27	4	58006.1	223.661	47.5764
0.02712	0	35	4	58032.1	224.003	47.5416
0.02736	0	30	5	58058.1	224.346	47.5069
0.0276	0	26	5	58085.5	224.706	47.4705
0.02784	0	33	4	58113.3	225.073	47.4335
0.02808	0	36	4	58141.2	225.44	47.3966
0.02832	0	27	8	58169.3	225.812	47.3595
0.02856	0	37	9	58199.2	226.206	47.3201
0.0288	0	44	5	58229	226.601	47.2809
0.02904	0	52	9	58258.9	226.996	47.2417
0.02928	0	51	3	58290	227.407	47.201
0.02952	0	42	6	58322	227.831	47.1593
0.02976	0	54	9	58354	228.255	47.1176
0.03	0	69	5	58386	228.68	47.0761
0.03024	0	77	8	58420.5	229.137	47.0316
0.03048	0	65	9	58454.9	229.594	46.9872
0.03072	0	74	9	58489.3	230.052	46.9429
0.03096	0	80	12	58524.9	230.525	46.8973
0.0312	0	75	11	58562	231.019	46.8499
0.03144	0	71	5	58599.1	231.514	46.8026
0.03168	0	102	7	58636.2	232.009	46.7555
0.03192	0	88	7	58675.8	232.537	46.7054
0.03216	0	99	8	58715.8	233.071	46.655
0.0324	0	119	11	58755.7	233.605	46.6047
0.03264	0	131	8	58796.6	234.134	46.5432
0.03288	0	139	7	58839.7	234.675	46.4681
0.03312	0	145	7	58882.8	235.215	46.3932
0.03336	0	160	6	58925.9	235.756	46.3183
0.0336	0	154	11	58971.4	236.327	46.2394
0.03384	0	193	9	59017.9	236.91	46.159
0.03408	0	207	11	59064.4	237.494	46.0786
0.03432	0	250	7	59111.5	238.084	45.9975
0.03456	0	227	6	59161.9	238.716	45.9109
0.0348	0	229	10	59212.3	239.348	45.8244
0.03504	0	233	7	59262.6	239.98	45.7381
0.03528	0	279	6	59315.5	240.642	45.6478
0.03552	0	282	12	59370.1	241.328	45.5546
0.03576	0	335	4	59424.7	242.013	45.4616
0.036	0	349	10	59479.3	242.698	45.3688
0.03624	0	355	7	59538.6	243.44	45.2684
0.03648	0	401	6	59597.8	244.183	45.1682
0.03672	0	445	10	59657	244.925	45.0683
0.03696	0	469	6	59718.4	245.695	44.965
0.0372	0	485	11	59782.7	246.5	44.8572
0.03744	0	519	1	59846.9	247.305	44.7496
0.03768	0	586	4	59911.2	248.11	44.6422
0.03792	0	614	5	59980.1	248.973	44.5274
0.03816	0	656	1	60049.9	249.846	44.4116
0.0384	0	759	2	60119.6	250.718	44.2961
0.03864	0	770	8	60191	251.611	44.1781
0.03888	0	801	4	60266.6	252.557	44.0536
0.03912	0	924	5	60342.3	253.502	43.9294
0.03936	0	1115	3	60417.9	254.446	43.8055
0.0396	0	999	7	60498.2	255.449	43.6744
0.03984	0	1139	2	60580.4	256.505	43.5656
0.04008	0	1156	13	60662.6	257.568	43.4616
0.04032	0	1438	13	60745.9	258.647	43.357
0.04056	0	1322	3	60835.5	259.811	43.2451
0.0408	0	1439	4	60925.2	260.978	43.1341
0.04104	0	1604	8	61014.8	262.148	43.0238
0.04128	0	1683	8	61108.9	263.379	42.9089
0.04152	0	1915	5	61206.3	264.656	42.7908
0.04176	0	1918	8	61303.7	265.936	42.6736
0.042	0	2100	8	61401.1	267.219	42.5573
0.04224	0	2332	5	61506.8	268.614	42.4322
0.04248	0	2548	10	61612.4	270.013	42.3082
0.04272	0	2575	11	61718	271.415	42.1852
0.04296	0	2937	12	61827.5	272.872	42.0589
0.0432	0	3063	9	61941.9	274.399	41.928
0.04344	0	3211	8	62056.4	275.93	41.7982
0.04368	0	3578	5	62170.8	277.465	41.6697
0.04392	0	3945	7	62293.3	279.127	41.5206
0.04416	0	4016	5	62417.1	280.83	41.3512
0.0444	0	4338	5	62540.9	282.531	41.1831
0.04464	0	4811	5	62667.5	284.268	41.0124
0.04488	0	4856	10	62801.2	286.099	40.8335
0.04512	0	5403	5	62934.8	287.926	40.6561
0.04536	0	6017	2	63068.4	289.751	40.48
0.0456	0	6148	6	63208.9	291.665	40.2963
0.04584	0	6692	4	63352.1	293.613	40.1106
0.04608	0	7341	6	63495.4	295.556	39.9264
0.04632	0	7734	6	63639.9	297.512	39.742
0.04656	0	8222	7	63792.8	299.575	39.5487
0.0468	0	8766	6	63945.6	301.632	39.3572
0.04704	0	9729	2	64098.4	303.581	39.1925
0.04728	0	10273	4	64255.7	305.55	39.0323
0.04752	0	10993	5	64416.3	307.555	38.8707
0.04776	0	11907	2	64576.9	309.552	38.7112
0.048	0	12528	4	64737.6	311.542	38.5536
0.04824	0	13714	1	64905.3	313.612	38.3912
0.04848	0	14630	6	65073	315.673	38.2309
0.04872	0	15864	4	65240.7	317.725	38.0727
0.04896	0	16831	4	65410.8	319.798	37.9144
0.0492	0	17698	0	65584.2	321.899	37.7552
0.04944	0	18864	5	65757.6	324	37.5951
0.04968	0	20213	5	65931	326.137	37.4254
0.04992	0	22027	2	66106	328.312	37.2525
0.05016	0	23404	4	66281.3	330.509	37.0775
0.0504	0	24646	8	66456.5	332.723	36.9008
0.05064	0	26778	8	66631.1	334.948	36.7232
0.05088	0	28279	4	66803.9	337.168	36.5457
0.05112	0	30159	3	66976.7	339.407	36.3667
0.05136	0	32355	3	67149.5	341.665	36.1862
0.0516	0	34354	2	67315.2	343.847	36.0117
0.05184	0	36456	4	67478	346.036	35.8336
0.05208	0	39191	3	67640.8	348.365	35.6326
0.05232	0	41219	2	67801.3	350.671	35.4376
0.05256	0	44021	5	67948.1	352.788	35.262
0.0528	0	46541	4	68095	354.913	35.0888
0.05304	0	49216	2	68241.8	357.045	34.9182
0.05328	0	53047	3	68371.8	358.939	34.7693
0.05352	0	55863	0	68489.1	360.654	34.6364
0.05376	0	58695	4	68606.5	362.375	34.5051
0.054	0	62472	1	68723.8	364.099	34.3754
0.05424	0	65554	2	68805.9	365.308	34.2856
0.05448	0	69303	4	68888	366.52	34.1965
0.05472	0	73421	4	68970.1	367.734	34.1082
0.05496	0	75970	2	69033.5	368.673	34.0405
0.0552	0	80896	3	69072	369.245	33.9995
0.05544	0	84637	6	69110.5	369.817	33.9587
0.05568	0	88976	4	69149.1	370.389	33.9181
0.05592	0	92578	4	69139.8	370.251	33.9279
0.05616	0	96615	3	69122.5	369.994	33.9461
0.0564	0	101507	2	69105.2	369.738	33.9643
0.05664	0	105052	4	69071.3	369.234	34.0003
0.05688	0	110401	4	68995.8	368.114	34.0807
0.05712	0	115073	3	68920.3	366.997	34.1617
0.05736	0	118765	5	68844.7	365.881	34.2434
0.0576	0	122404	1	68723.7	364.098	34.3755
0.05784	0	126748	0	68584.5	362.052	34.5296
0.05808	0	132393	4	68445.3	360.014	34.6858
0.05832	0	134526	4	68299	357.878	34.8524
0.05856	0	138883	1	68110	355.132	35.0712
0.0588	0	143577	5	67921.1	352.397	35.2942
0.05904	0	146907	2	67732.1	349.676	35.5213
0.05928	0	149950	0	67516	346.58	35.7864
0.05952	0	152521	7	67279.7	343.378	36.0492
0.05976	0	155570	3	67043.3	340.275	36.2973
0.06	0	158538	2	66806.9	337.208	36.5426
0.06024	0	161595	8	66539.9	333.784	36.8162
0.06048	0	164518	3	66272.9	330.403	37.0859
0.06072	0	167606	4	66005.8	327.065	37.3517
0.06096	0	169185	3	65732.5	323.692	37.6195
0.0612	0	170865	3	65450.8	320.283	37.8775
0.06144	0	173779	3	65169.1	316.851	38.14
0.06168	0	176172	2	64887.4	313.392	38.4084
0.06192	0	176680	1	64601.2	309.853	38.6873
0.06216	0	176155	2	64314.2	306.281	38.9733
0.0624	0	178524	2	64027.2	302.687	39.2657
0.06264	0	178618	5	63743.9	298.916	39.6104
0.06288	0	179836	5	63469.8	295.209	39.9592
0.06312	0	180605	2	63195.7	291.486	40.3135
0.06336	0	181994	2	62921.7	287.747	40.6735
0.0636	0	181188	2	62650.4	284.034	41.0353
0.06384	0	181899	7	62380.4	280.325	41.4013
0.06408	0	184010	4	62110.3	276.653	41.7375
0.06432	0	183959	3	61842.5	273.072	42.0416
0.06456	0	181706	2	61588.4	269.695	42.3363
0.0648	0	183703	2	61334.4	266.339	42.6369
0.06504	0	183780	13	61080.3	263.005	42.9437
0.06528	0	182811	8	60833.3	259.783	43.2479
0.06552	0	181806	7	60591.6	256.649	43.5514
0.06576	0	182620	4	60349.9	253.598	43.9168
0.066	0	180791	6	60108.2	250.576	44.3149
0.06624	0	179899	4	59893	247.882	44.6725
0.06648	0	181755	7	59677.8	245.186	45.0333
0.06672	0	178140	88	59462.6	242.488	45.3971
0.06696	0	177975	186	59266.6	240.03	45.7313
0.0672	0	175673	523	59096.2	237.892	46.0239
0.06744	0	176949	973	58925.7	235.754	46.3186
0.06768	0	174121	2099	58755.3	233.599	46.6053
0.06792	0	172036	2665	58621.5	231.812	46.7742
0.06816	0	172486	3348	58493.7	230.111	46.9372
0.0684	0	172936	4028	58366	228.415	47.1021
0.06864	0	173352	5587	58256	226.957	47.2455
0.06888	0	170757	8378	58190.1	226.086	47.3321
0.06912	0	172408	11134	58124.2	225.217	47.4191
0.06936	0	172107	14302	58058.4	224.349	47.5066
0.0696	0	172283	15830	58036.5	224.061	47.5357
0.06984	0	171935	19357	58032.3	224.006	47.5413
0.07008	0	175567	21734	58028.1	223.951	47.5469
0.07032	0	177676	25468	58034.4	224.033	47.5385
0.07056	0	177889	32089	58103.6	224.945	47.4464
0.0708	0	179288	33344	58172.9	225.858	47.3548
0.07104	0	182617	37751	58242.1	226.773	47.2637
0.07128	0	182016	44579	58350.4	228.207	47.1224
0.07152	0	186028	47171	58487.9	230.033	46.9447
0.07176	0	188803	48819	58625.4	231.865	46.7692
0.072	0	190600	57296	58763	233.702	46.5956
0.07224	0	194271	61210	58958.5	236.165	46.2617
0.07248	0	197905	64837	59154.1	238.618	45.9243
0.07272	0	203238	69755	59349.6	241.071	45.5895
0.07296	0	207299	76043	59566.7	243.793	45.2208
0.0732	0	212484	80847	59812.6	246.875	44.807
0.07344	0	219946	84802	60058.4	249.953	44.3974
0.07368	0	224070	90154	60304.3	253.027	43.9917
0.07392	0	228990	99319	60589.6	256.623	43.554
0.07416	0	235874	102647	60881.4	260.408	43.1882
0.0744	0	243168	109737	61173.2	264.222	42.8308
0.07464	0	251101	116551	61478.8	268.244	42.4653
0.07488	0	258363	123159	61818.5	272.753	42.0691
0.07512	0	267982	130696	62158.3	277.298	41.6836
0.07536	0	277006	137168	62498.1	281.944	41.241
0.0756	0	286846	143071	62839.2	286.619	40.7829
0.07584	0	296204	150326	63180.8	291.282	40.333
0.07608	0	309175	155254	63522.4	295.922	39.8918
0.07632	0	322974	163757	63854.4	300.405	39.4713
0.07656	0	337300	172074	64128.8	303.962	39.1614
0.0768	0	350955	177476	64403.3	307.392	38.8838
0.07704	0	368675	185533	64677.7	310.802	38.6121
0.07728	0	387692	198206	64819.2	312.551	38.4743
0.07752	0	407076	205437	64860.9	313.066	38.4339
0.07776	0	432289	211510	64902.6	313.58	38.3937
0.078	0	455465	222212	64944.4	314.093	38.3536
0.07824	0	484397	240860	64489.2	308.462	38.7981
0.07848	0	517212	245848	64034.1	302.774	39.2586
0.07872	0	551571	257211	63579	296.687	39.8196
0.07896	0	591892	274265	62772.3	285.704	40.872
0.0792	0	627176	284517	61497	268.485	42.4438
0.07944	0	665499	289755	60221.6	251.994	44.1276
0.07968	0	712185	301016	58946.3	236.012	46.2829
0.07992	0	761242	320536	56952.6	210.046	49.0986
0.08016	0	789812	323319	54839.1	185.612	53.6829
0.0804	0	815546	330707	52725.6	161.825	57.768
0.08064	0	840846	349341	50551.8	138.182	63.4526
0.08088	0	860579	366951	48227.2	113.521	70.3355
0.08112	0	853703	365657	45902.6	96.7652	87.2636
0.08136	0	848947	382926	43578	75.5682	95.0551
0.0816	0	858219	426466	41709.8	57.7658	98.2047
0.08184	0	850965	444399	40024.1	46.1594	109.783
0.08208	0	853201	475262	38338.4	38.0313	129.484
0.08232	0	863207	536650	36810.8	30.3743	150.264
0.08256	0	876378	605360	36231.5	27.1867	157.431
0.0828	0	873240	608820	35652.2	23.4627	160.995
0.08304	0	882473	652319	35073	20.1426	164.721
0.08328	0	900901	732965	35036.9	19.9488	164.96
0.08352	0	905585	757816	35408.2	22.0151	162.54
0.08376	0	909355	757068	35779.5	24.2463	160.204
0.084	0	929697	808583	36150.8	26.6496	157.952
0.08424	0	956459	907340	36994.1	31.366	147.883
0.08448	0	951490	835548	37837.5	35.6988	136.37
0.08472	0	964128	848585	38680.9	39.6266	125.058
0.08496	0	982825	931373	39524.7	43.5901	115.026
0.0852	0	988842	951568	40369.1	48.1484	106.644
0.08544	0	990282	875168	41213.6	53.6754	100.454
0.08568	0	1.01071e+06	904551	42058	60.9984	97.185
0.08592	0	1.04042e+06	1.04909e+06	42589.2	66.1809	96.0374
0.08616	0	1.02782e+06	885363	43068.2	71.1187	95.4129
0.0864	0	1.03309e+06	858807	43547.2	75.3129	95.0833
0.08664	0	1.06785e+06	960600	43899.9	78.2288	94.6887
0.08688	0	1.08564e+06	1.02102e+06	43937.1	78.5349	94.638
0.08712	0	1.07423e+06	842970	43974.2	78.8409	94.5857
0.08736	0	1.08689e+06	887988	44011.4	79.1466	94.5316
0.0876	0	1.11301e+06	1.08083e+06	43811.9	77.5023	94.8018
0.08784	0	1.10144e+06	930097	43517.7	75.0684	95.1092
0.08808	0	1.10455e+06	857708	43223.5	72.6286	95.3074
0.08832	0	1.13323e+06	977037	42887.6	69.2273	95.6032
0.08856	0	1.16608e+06	1.1306e+06	42301.7	63.3377	96.5983
0.0888	0	1.16841e+06	891568	41715.7	57.82	98.1855
0.08904	0	1.20308e+06	929629	41129.8	53.0815	100.98
0.08928	0	1.25879e+06	1.15584e+06	40504.3	48.9676	105.515
0.08952	0	1.26244e+06	1.09663e+06	39849	45.2042	111.523
0.08976	0	1.26808e+06	964282	39193.8	42.0329	118.818
0.09	0	1.2959e+06	1.09904e+06	38538.6	38.9625	126.87
0.09024	0	1.34908e+06	1.37789e+06	38325.1	37.9697	129.661
0.09048	0	1.31402e+06	1.07383e+06	38111.6	36.9823	132.537
0.09072	0	1.31894e+06	1.11637e+06	37898.1	35.9905	135.513
0.09096	1	1.35558e+06	1.36538e+06	37960.2	36.2857	134.632
0.0912	0	1.35099e+06	1.37216e+06	38389.7	38.2695	128.807
0.09144	0	1.3334e+06	1.19027e+06	38819.2	40.274	123.33
0.09168	0	1.3381e+06	1.28284e+06	39248.7	42.2912	118.176
0.09192	0	1.38197e+06	1.52132e+06	39857.2	45.248	111.44
0.09216	0	1.35431e+06	1.29533e+06	40495.5	48.9138	105.587
0.0924	0	1.35474e+06	1.23204e+06	41133.8	53.1097	100.954
0.09264	0	1.37985e+06	1.3588e+06	41689.4	57.5811	98.271
0.09288	0	1.40752e+06	1.50484e+06	42038.5	60.8137	97.2365
0.09312	2	1.38969e+06	1.22211e+06	42387.5	64.177	96.4161
0.09336	1	1.40267e+06	1.25155e+06	42736.5	67.6728	95.8043
0.0936	0	1.44834e+06	1.53575e+06	42835.7	68.6904	95.668
0.09384	0	1.43571e+06	1.33841e+06	42834.9	68.6823	95.669
0.09408	1	1.4407e+06	1.21628e+06	42834.1	68.6743	95.67
0.09432	0	1.46518e+06	1.35982e+06	42821.6	68.5451	95.6864
0.09456	1	1.51121e+06	1.6434e+06	42738.5	67.6928	95.8015
0.0948	1	1.48785e+06	1.2724e+06	42655.4	66.8482	95.9281
0.09504	3	1.49888e+06	1.30796e+06	42572.3	66.0112	96.0665
0.09528	6	1.54582e+06	1.63447e+06	42541.6	65.7042	96.1205
0.09552	5	1.54627e+06	1.53564e+06	42550.3	65.7909	96.105
0.09576	4	1.547e+06	1.3345e+06	42558.9	65.8777	96.0897
0.096	9	1.56978e+06	1.49398e+06	42567.6	65.9645	96.0746
0.09624	8	1.63686e+06	1.77189e+06	42610.9	66.3988	96.0008
0.09648	15	1.60749e+06	1.46979e+06	42654.1	66.8352	95.9302
0.09672	12	1.62592e+06	1.44317e+06	42697.3	67.2736	95.8628
0.09696	17	1.67534e+06	1.69335e+06	42735.5	67.6625	95.8058
0.0972	23	1.69208e+06	1.72427e+06	42767	67.984	95.7607
0.09744	23	1.69082e+06	1.52331e+06	42798.4	68.3066	95.7173
0.09768	32	1.71376e+06	1.61247e+06	42829.9	68.6303	95.6756
0.09792	32	1.78311e+06	1.91156e+06	42845.3	68.7897	95.6557
0.09816	30	1.75732e+06	1.63597e+06	42858.1	68.9218	95.6395
0.0984	50	1.77556e+06	1.59864e+06	42870.9	69.054	95.6236
0.09864	47	1.82685e+06	1.76522e+06	42902.3	69.3802	95.5857
0.09888	49	1.85786e+06	2.0041e+06	42980.4	70.1952	95.4986
0.09912	47	1.84489e+06	1.64068e+06	43058.6	71.0169	95.4216
0.09936	68	1.8856e+06	1.74558e+06	43136.7	71.8455	95.3548
0.0996	70	1.96456e+06	2.18334e+06	43227.9	72.6653	95.3052
0.09984	87	1.95479e+06	1.90496e+06	43324.4	73.4656	95.2518
0.10008	91	1.9687e+06	1.72809e+06	43420.8	74.2657	95.1866
0.10032	107	2.02983e+06	2.00559e+06	43495.5	74.8851	95.1279
0.10056	105	2.11112e+06	2.2382e+06	43439.7	74.4223	95.1724
0.1008	130	2.08333e+06	1.91859e+06	43383.9	73.9594	95.2129
0.10104	154	2.11572e+06	1.95939e+06	43328.1	73.4964	95.2495
0.10128	171	2.2112e+06	2.24438e+06	43131.2	71.7868	95.3592
0.10152	158	2.2183e+06	2.2274e+06	42828.4	68.6156	95.6774
0.10176	216	2.22551e+06	1.99781e+06	42525.7	65.5454	96.1491
0.102	223	2.29923e+06	2.13145e+06	42223	62.5753	96.7765
0.10224	247	2.42683e+06	2.78506e+06	41481.6	55.7174	98.9913
0.10248	245	2.37978e+06	2.07738e+06	40740.2	50.4556	103.674
0.10272	236	2.43973e+06	2.05588e+06	39998.8	46.0195	110.027
0.10296	272	2.56419e+06	2.51188e+06	39296.2	42.5145	117.626
0.1032	285	2.5887e+06	2.53693e+06	38645.1	39.4596	125.51
0.10344	310	2.57732e+06	2.2843e+06	37994.1	36.4414	134.159
0.10368	319	2.6178e+06	2.5601e+06	37343.1	33.2123	143.222
0.10392	330	2.74866e+06	3.04449e+06	37143.8	32.1651	145.904
0.10416	326	2.72212e+06	2.64285e+06	37019.7	31.5033	147.547
0.1044	336	2.76089e+06	2.48012e+06	36895.7	30.835	149.168
0.10464	335	2.87221e+06	2.89315e+06	36777.8	30.1947	150.687
0.10488	345	2.95013e+06	3.37478e+06	36675.3	29.6345	151.991
0.10512	397	2.91707e+06	2.66476e+06	36572.8	29.0718	153.277
0.10536	402	2.97356e+06	2.80301e+06	36470.3	28.5071	154.546
0.1056	372	3.09891e+06	3.17577e+06	36535.1	28.8645	153.746
0.10584	348	3.04723e+06	2.95396e+06	36666.9	29.5885	152.097
0.10608	412	3.04387e+06	2.82028e+06	36798.6	30.3083	150.42
0.10632	463	3.12283e+06	3.12049e+06	36974.4	31.26	148.141
0.10656	409	3.23916e+06	4.02032e+06	37414.3	33.581	142.252
0.1068	432	3.17033e+06	3.00077e+06	37854.2	35.7793	136.135
0.10704	406	3.18661e+06	3.07143e+06	38294	37.8256	130.074
0.10728	484	3.29384e+06	3.48132e+06	38577.2	39.1426	126.375
0.10752	442	3.24336e+06	3.32112e+06	38743	39.9169	124.278
0.10776	494	3.18908e+06	2.88309e+06	38908.7	40.6933	122.231
0.108	481	3.22465e+06	3.10888e+06	39074.4	41.4713	120.231
0.10824	500	3.39017e+06	4.08841e+06	38789.6	40.1353	123.697
0.10848	427	3.25804e+06	3.03219e+06	38504.9	38.8052	127.306
0.10872	502	3.26906e+06	3.04226e+06	38220.1	37.4833	131.064
0.10896	503	3.35068e+06	3.31281e+06	37912.9	36.0612	135.303
0.1092	540	3.32702e+06	3.56201e+06	37575.8	34.4048	140.029
0.10944	571	3.23853e+06	2.96427e+06	37238.7	32.6665	144.633
0.10968	573	3.26118e+06	3.28184e+06	36901.6	30.8669	149.091
0.10992	526	3.39495e+06	3.78803e+06	36757.3	30.083	150.949
0.11016	532	3.25805e+06	3.20775e+06	36645.2	29.4695	152.37
0.1104	507	3.23338e+06	3.00733e+06	36533.1	28.8531	153.771
0.11064	493	3.30131e+06	3.22361e+06	36422.1	28.2412	155.136
0.11088	506	3.32473e+06	4.0044e+06	36314.2	27.6442	156.444
0.11112	520	3.183e+06	3.04425e+06	36206.2	27.0235	157.623
0.11136	505	3.16203e+06	3.08772e+06	36098.2	26.2988	158.266
0.1116	470	3.26482e+06	3.40953e+06	36036.1	25.8886	158.639
0.11184	469	3.12802e+06	3.179e+06	35992.3	25.6024	158.903
0.11208	466	3.03349e+06	2.84068e+06	35948.5	25.3187	159.169
0.11232	508	3.04478e+06	3.09517e+06	35893.3	24.9641	159.506
0.11256	484	3.10456e+06	3.81797e+06	35769.1	24.1816	160.269
0.1128	463	2.93164e+06	2.85974e+06	35644.9	23.4184	161.041
0.11304	463	2.91336e+06	2.82728e+06	35520.8	22.674	161.822
0.11328	453	2.97578e+06	3.10123e+06	35321.3	21.5171	163.098
0.11352	467	2.85961e+06	2.98743e+06	35065.3	20.1014	164.772
0.11376	423	2.73118e+06	2.65655e+06	34809.3	18.7607	166.487
0.114	406	2.72383e+06	2.76017e+06	34553.4	17.4926	168.245
0.11424	426	2.81607e+06	3.28238e+06	34501.6	17.2446	168.606
0.11448	407	2.62609e+06	2.68306e+06	34449.8	17.0349	169.236
0.11472	387	2.56544e+06	2.5644e+06	34398	16.8384	169.956
0.11496	396	2.59936e+06	2.88136e+06	34382.6	16.7805	170.173
0.1152	373	2.54696e+06	2.94991e+06	34415.8	16.9056	169.707
0.11544	351	2.43614e+06	2.49031e+06	34449	17.0318	169.248
0.11568	333	2.44667e+06	2.53575e+06	34482.1	17.1591	168.793
0.11592	328	2.5335e+06	2.9886e+06	34410.4	16.8852	169.783
0.11616	297	2.38295e+06	2.54795e+06	34321.1	16.5516	171.047
0.1164	303	2.34549e+06	2.3121e+06	34231.9	16.2255	172.349
0.11664	294	2.40885e+06	2.63499e+06	34168.4	15.998	173.298
0.11688	277	2.37696e+06	2.9279e+06	34169.4	16.0015	173.284
0.11712	275	2.15806e+06	2.3388e+06	34170.4	16.0049	173.269
0.11736	297	2.07878e+06	2.32322e+06	34171.3	16.0084	173.254
0.1176	286	2.10419e+06	2.80111e+06	33906.9	15.0988	177.417
0.11784	278	1.91253e+06	2.29772e+06	33536.3	13.9224	183.86
0.11808	266	1.82803e+06	1.96938e+06	33165.7	12.8506	191.071
0.11832	258	1.90013e+06	2.14608e+06	33011	12.4316	194.325
0.11856	230	2.0445e+06	2.65652e+06	34151.3	15.9374	173.557
0.1188	226	2.22181e+06	2.16802e+06	35291.6	21.3491	163.29
0.11904	232	2.48804e+06	2.47232e+06	36432	28.2957	155.016
0.11928	219	2.71258e+06	3.12389e+06	43551	75.3444	95.0799
0.11952	197	2.79951e+06	3.25682e+06	55154	189.116	53.0265
0.11976	0	2.7261e+06	1.91446e+06	66756.9	336.563	36.5941
