0	0	0	0	56211.6	201.205	50.6457
0.00024	0	0	0	56213.6	201.229	50.6413
0.00048	0	0	0	56215.7	201.254	50.6368
0.00072	0	0	0	56217.7	201.278	50.6324
0.00096	0	0	0	56219.8	201.302	50.6278
0.0012	0	0	0	56222	201.327	50.6232
0.00144	0	0	0	56224.1	201.353	50.6185
0.00168	0	0	0	56226.3	201.378	50.6139
0.00192	0	0	0	56228.5	201.404	50.609
0.00216	0	0	0	56230.8	201.431	50.6041
0.0024	0	0	0	56233	201.457	50.5992
0.00264	0	0	0	56235.3	201.484	50.5943
0.00288	0	0	0	56237.7	201.512	50.5891
0.00312	0	0	0	56240.1	201.54	50.584
0.00336	0	0	0	56242.4	201.568	50.5789
0.0036	0	0	0	56244.9	201.597	50.5735
0.00384	0	0	0	56247.4	201.626	50.5681
0.00408	0	0	0	56249.9	201.655	50.5628
0.00432	0	0	0	56252.4	201.685	50.5573
0.00456	0	0	0	56255	201.715	50.5517
0.0048	0	0	0	56257.7	201.746	50.546
0.00504	0	0	0	56260.3	201.777	50.5403
0.00528	0	0	0	56263	201.809	50.5345
0.00552	0	0	0	56265.7	201.841	50.5285
0.00576	0	0	0	56268.5	201.874	50.5226
0.006	0	0	0	56271.3	201.906	50.5166
0.00624	0	0	0	56274.2	201.941	50.5103
0.00648	0	0	0	56277.1	201.975	50.5041
0.00672	0	0	0	56280	202.009	50.4978
0.00696	0	0	0	56283	202.044	50.4914
0.0072	0	0	0	56286	202.08	50.4848
0.00744	0	0	0	56289.1	202.116	50.4781
0.00768	0	0	0	56292.2	202.152	50.4715
0.00792	0	0	0	56295.4	202.19	50.4646
0.00816	0	0	0	56298.6	202.228	50.4576
0.0084	0	0	0	56301.9	202.267	50.4507
0.00864	0	0	0	56305.2	202.305	50.4436
0.00888	0	0	0	56308.6	202.346	50.4362
0.00912	0	0	0	56312	202.386	50.4289
0.00936	0	0	0	56315.4	202.426	50.4215
0.0096	0	0	0	56319	202.468	50.4139
0.00984	0	1	0	56322.6	202.511	50.4061
0.01008	0	0	0	56326.2	202.554	50.3984
0.01032	0	0	0	56329.9	202.597	50.3906
0.01056	0	0	0	56333.7	202.642	50.3824
0.0108	0	0	0	56337.5	202.687	50.3742
0.01104	0	1	0	56341.4	202.732	50.366
0.01128	0	0	0	56345.3	202.779	50.3575
0.01152	0	2	0	56349.4	202.827	50.3488
0.01176	0	0	0	56353.4	202.874	50.3402
0.012	0	0	0	56357.5	202.922	50.3315
0.01224	0	0	0	56361.8	202.973	50.3223
0.01248	0	0	0	56366.1	203.024	50.3131
0.01272	0	3	0	56370.4	203.075	50.3039
0.01296	0	0	2	56374.8	203.127	50.2945
0.0132	0	0	0	56379.4	203.181	50.2848
0.01344	0	0	0	56383.9	203.235	50.275
0.01368	0	1	1	56388.5	203.289	50.2653
0.01392	0	1	0	56393.3	203.346	50.255
0.01416	0	0	0	56398.2	203.403	50.2447
0.0144	0	0	0	56403	203.461	50.2344
0.01464	0	0	0	56408	203.519	50.2239
0.01488	0	3	0	56413.1	203.58	50.2129
0.01512	0	2	0	56418.3	203.641	50.2019
0.01536	0	1	0	56423.5	203.703	50.191
0.0156	0	0	1	56428.9	203.766	50.1795
0.01584	0	0	0	56434.4	203.832	50.1678
0.01608	0	1	0	56439.9	203.897	50.1562
0.01632	0	1	1	56445.4	203.963	50.1444
0.01656	0	5	1	56451.3	204.032	50.132
0.0168	0	1	0	56457.2	204.102	50.1196
0.01704	0	3	0	56463	204.171	50.1072
0.01728	0	0	1	56469.1	204.244	50.0943
0.01752	0	0	1	56475.4	204.318	50.0811
0.01776	0	5	2	56481.6	204.392	50.0679
0.018	0	4	1	56487.9	204.466	50.0547
0.01824	0	3	0	56494.6	204.546	50.0406
0.01848	0	4	0	56501.3	204.625	50.0265
0.01872	0	1	3	56507.9	204.705	50.0125
0.01896	0	8	1	56514.8	204.787	49.998
0.0192	0	4	2	56522	204.872	49.9829
0.01944	0	3	1	56529.2	204.958	49.9678
0.01968	0	2	2	56536.4	205.043	49.9527
0.01992	0	4	3	56544	205.134	49.9367
0.02016	0	4	1	56551.7	205.226	49.9206
0.0204	0	3	4	56559.4	205.318	49.9045
0.02064	0	3	0	56567.3	205.411	49.888
0.02088	0	4	0	56575.5	205.51	49.8708
0.02112	0	6	0	56583.8	205.608	49.8536
0.02136	0	7	0	56592	205.707	49.8363
0.0216	0	7	2	56600.7	205.81	49.8182
0.02184	0	6	0	56609.6	205.916	49.7998
0.02208	0	8	0	56618.5	206.022	49.7813
0.02232	0	9	4	56627.4	206.129	49.7627
0.02256	0	7	2	56637	206.244	49.7428
0.0228	0	6	3	56646.6	206.359	49.7229
0.02304	0	7	1	56656.2	206.473	49.703
0.02328	0	8	1	56666.2	206.593	49.6823
0.02352	0	5	7	56676.5	206.717	49.6609
0.02376	0	19	2	56686.9	206.841	49.6396
0.024	0	13	3	56697.2	206.965	49.6182
0.02424	0	11	5	56708.4	207.099	49.5952
0.02448	0	13	3	56719.6	207.233	49.5722
0.02472	0	16	4	56730.7	207.367	49.5492
0.02496	0	17	2	56742.3	207.506	49.5255
0.0252	0	14	4	56754.4	207.652	49.5006
0.02544	0	15	6	56766.5	207.798	49.4758
0.02568	0	13	0	56778.6	207.943	49.4511
0.02592	0	17	4	56791.6	208.099	49.4246
0.02616	0	24	3	56804.7	208.257	49.3979
0.0264	0	24	4	56817.8	208.415	49.3712
0.02664	0	25	3	56831.2	208.577	49.3438
0.02688	0	27	4	56845.4	208.749	49.3149
0.02712	0	35	4	56859.7	208.921	49.286
0.02736	0	30	5	56873.9	209.093	49.2572
0.0276	0	26	5	56889.1	209.277	49.2265
0.02784	0	33	4	56904.7	209.465	49.1951
0.02808	0	36	4	56920.2	209.654	49.1637
0.02832	0	27	8	56936	209.845	49.132
0.02856	0	37	9	56953	210.051	49.0978
0.0288	0	44	5	56970	210.257	49.0637
0.02904	0	52	9	56987	210.464	49.0297
0.02928	0	51	3	57004.9	210.681	48.994
0.02952	0	42	6	57023.4	210.907	48.957
0.02976	0	54	9	57042	211.134	48.9207
0.03	0	69	5	57060.5	211.372	48.8938
0.03024	0	77	8	57080.9	211.633	48.8643
0.03048	0	65	9	57101.3	211.895	48.8348
0.03072	0	74	9	57121.6	212.157	48.8054
0.03096	0	80	12	57142.9	212.431	48.7747
0.0312	0	75	11	57165.4	212.72	48.7424
0.03144	0	71	5	57187.9	213.01	48.7102
0.03168	0	102	7	57210.3	213.299	48.6779
0.03192	0	88	7	57234.8	213.614	48.643
0.03216	0	99	8	57259.5	213.933	48.6078
0.0324	0	119	11	57284.2	214.252	48.5725
0.03264	0	131	8	57309.7	214.581	48.5364
0.03288	0	139	7	57336.9	214.932	48.4978
0.03312	0	145	7	57364.1	215.284	48.4594
0.03336	0	160	6	57391.3	215.636	48.421
0.0336	0	154	11	57420.4	216.015	48.3799
0.03384	0	193	9	57450.4	216.403	48.3378
0.03408	0	207	11	57480.4	216.792	48.2958
0.03432	0	250	7	57510.9	217.188	48.2532
0.03456	0	227	6	57544.2	217.621	48.2068
0.0348	0	229	10	57577.5	218.054	48.1605
0.03504	0	233	7	57610.8	218.488	48.1143
0.03528	0	279	6	57646.3	218.95	48.0653
0.03552	0	282	12	57683.4	219.434	48.0142
0.03576	0	335	4	57720.5	219.918	47.9632
0.036	0	349	10	57757.6	220.403	47.9124
0.03624	0	355	7	57798.8	220.942	47.8562
0.03648	0	401	6	57840.1	221.482	47.8001
0.03672	0	445	10	57881.3	222.022	47.7443
0.03696	0	469	6	57924.5	222.589	47.6859
0.0372	0	485	11	57970.4	223.192	47.6242
0.03744	0	519	1	58016.3	223.796	47.5627
0.03768	0	586	4	58062.2	224.4	47.5014
0.03792	0	614	5	58112.5	225.063	47.4346
0.03816	0	656	1	58163.6	225.736	47.367
0.0384	0	759	2	58214.6	226.41	47.2998
0.03864	0	770	8	58267.3	227.107	47.2307
0.03888	0	801	4	58324.1	227.858	47.1566
0.03912	0	924	5	58380.8	228.611	47.0829
0.03936	0	1115	3	58437.6	229.364	47.0095
0.0396	0	999	7	58499.1	230.182	46.9304
0.03984	0	1139	2	58562.5	231.026	46.8492
0.04008	0	1156	13	58625.9	231.872	46.7685
0.04032	0	1438	13	58690.5	232.734	46.6868
0.04056	0	1322	3	58762	233.69	46.5968
0.0408	0	1439	4	58833.5	234.598	46.4788
0.04104	0	1604	8	58905	235.494	46.3545
0.04128	0	1683	8	58981.4	236.452	46.2222
0.04152	0	1915	5	59061.3	237.455	46.084
0.04176	0	1918	8	59141.3	238.458	45.9462
0.042	0	2100	8	59221.3	239.461	45.8089
0.04224	0	2332	5	59310.5	240.58	45.6563
0.04248	0	2548	10	59399.7	241.699	45.5041
0.04272	0	2575	11	59488.9	242.818	45.3525
0.04296	0	2937	12	59582.5	243.991	45.1941
0.0432	0	3063	9	59681.9	245.238	45.0264
0.04344	0	3211	8	59781.4	246.484	44.8593
0.04368	0	3578	5	59880.8	247.73	44.6929
0.04392	0	3945	7	59990	249.097	44.511
0.04416	0	4016	5	60100.8	250.483	44.3271
0.0444	0	4338	5	60211.6	251.869	44.1441
0.04464	0	4811	5	60326	253.298	43.9561
0.04488	0	4856	10	60449.2	254.836	43.7545
0.04512	0	5403	5	60572.4	256.4	43.5758
0.04536	0	6017	2	60695.6	257.994	43.4202
0.0456	0	6148	6	60827.5	259.707	43.2551
0.04584	0	6692	4	60962.9	261.471	43.0875
0.04608	0	7341	6	61098.4	263.241	42.9217
0.04632	0	7734	6	61235.6	265.041	42.7554
0.04656	0	8222	7	61383.9	266.992	42.5778
0.0468	0	8766	6	61532.1	268.949	42.4024
0.04704	0	9729	2	61680.3	270.914	42.229
0.04728	0	10273	4	61834.3	272.962	42.0511
0.04752	0	10993	5	61992.4	275.074	41.8705
0.04776	0	11907	2	62150.6	277.194	41.6922
0.048	0	12528	4	62308.8	279.341	41.4992
0.04824	0	13714	1	62476.5	281.646	41.2704
0.04848	0	14630	6	62644.1	283.947	41.0439
0.04872	0	15864	4	62811.7	286.243	40.8195
0.04896	0	16831	4	62982.6	288.58	40.5929
0.0492	0	17698	0	63157.9	290.971	40.3628
0.04944	0	18864	5	63333.3	293.356	40.135
0.04968	0	20213	5	63508.6	295.735	39.9095
0.04992	0	22027	2	63685.1	298.122	39.6848
0.05016	0	23404	4	63861.8	300.505	39.4621
0.0504	0	24646	8	64038.4	302.828	39.2541
0.05064	0	26778	8	64213.4	305.021	39.0752
0.05088	0	28279	4	64384.1	307.153	38.903
0.05112	0	30159	3	64554.8	309.277	38.7331
0.05136	0	32355	3	64725.5	311.393	38.5654
0.0516	0	34354	2	64882.1	313.326	38.4135
0.05184	0	36456	4	65033	315.183	38.2689
0.05208	0	39191	3	65184	317.032	38.126
0.05232	0	41219	2	65330.4	318.82	37.9889
0.05256	0	44021	5	65450.1	320.275	37.8781
0.0528	0	46541	4	65569.8	321.725	37.7684
0.05304	0	49216	2	65689.5	323.17	37.6596
0.05328	0	53047	3	65776	324.225	37.5772
0.05352	0	55863	0	65837.6	324.983	37.5171
0.05376	0	58695	4	65899.2	325.743	37.4567
0.054	0	62472	1	65960.8	326.506	37.3961
0.05424	1	65554	2	65950	326.372	37.4068
0.05448	1	69303	4	65939.2	326.239	37.4174
0.05472	1	73421	4	65928.5	326.106	37.4279
0.05496	3	75970	2	65877.6	325.477	37.4779
0.0552	3	80895	2	65773.2	324.192	37.5799
0.05544	11	84633	6	65668.8	322.921	37.6783
0.05568	23	88973	4	65564.5	321.66	37.7732
0.05592	37	92573	4	65353.6	319.102	37.9674
0.05616	83	96597	2	65125.1	316.312	38.1815
0.0564	93	101474	2	64896.5	313.505	38.3996
0.05664	168	105000	3	64629.4	310.203	38.6595
0.05688	268	110300	2	64265.8	305.677	39.0221
0.05712	362	114925	3	63902.2	301.049	39.4114
0.05736	568	118543	3	63538.6	296.142	39.8711
0.0576	750	122024	0	63071.1	289.787	40.4765
0.05784	1069	126249	0	62562	282.82	41.1546
0.05808	1391	131634	1	62052.8	275.883	41.8022
0.05832	1790	133506	1	61528.4	268.9	42.4068
0.05856	2228	137472	1	60911.9	260.805	43.1505
0.0588	2650	141741	5	60295.3	252.915	44.0064
0.05904	3501	144651	1	59678.8	245.198	45.0317
0.05928	4461	147165	0	59021.6	236.957	46.1526
0.05952	5526	148967	4	58334	227.989	47.1437
0.05976	6887	150933	1	57646.3	218.95	48.0653
0.06	8209	153081	0	56958.6	210.12	49.0865
0.06024	9427	155061	5	56268.7	201.876	50.5222
0.06048	10617	156658	1	55578.7	193.893	52.0656
0.06072	12121	158338	3	54888.8	186.165	53.5798
0.06096	14422	158796	1	54228	178.816	54.9361
0.0612	16664	159086	2	53606.2	171.924	56.1798
0.06144	18778	160707	1	52984.4	164.784	57.2836
0.06168	21098	161388	1	52362.6	157.698	58.4772
0.06192	23568	160000	0	51835.1	151.757	59.5731
0.06216	26055	158411	2	51323.4	146.345	61.0706
0.0624	28857	159472	2	50811.6	140.929	62.6335
0.06264	31041	158107	1	50338.5	135.93	64.139
0.06288	33811	157750	1	49962.1	131.695	65.168
0.06312	36262	157382	0	49585.8	127.193	65.9442
0.06336	38712	157766	1	49209.4	122.948	66.8607
0.0636	41059	155862	1	48904.1	119.683	67.7109
0.06384	43546	156214	0	48627.1	116.853	68.5678
0.06408	46173	157442	3	48350.2	114.21	69.5556
0.06432	48878	156432	0	48085.4	112.72	71.2571
0.06456	50862	154266	0	47893.5	111.625	72.5443
0.0648	53703	154921	1	47701.6	110.518	73.8785
0.06504	55851	155506	6	47509.6	109.4	75.2614
0.06528	58079	154548	0	47350.1	108.463	76.4487
0.06552	59919	153603	1	47215	107.664	77.4827
0.06576	62157	154365	3	47079.9	106.86	78.5433
0.066	65097	152764	1	46944.8	106.051	79.6311
0.06624	67126	152933	1	46847.5	105.466	80.4312
0.06648	68819	155736	1	46750.3	104.879	81.2461
0.06672	71119	153265	85	46653.1	104.29	82.076
0.06696	72736	154108	183	46568	103.521	82.7255
0.0672	75017	153517	521	46499.3	102.833	83.223
0.06744	76791	155248	972	46430.6	102.142	83.7142
0.06768	79109	155242	2093	46362	101.449	84.199
0.06792	80976	154972	2656	46291.9	100.74	84.6866
0.06816	82966	157381	3336	46221.6	100.026	85.1688
0.0684	85070	159860	3846	46151.3	99.3108	85.6438
0.06864	86533	161398	5102	46078.1	98.5643	86.1301
0.06888	87846	160837	6949	45997.9	97.7432	86.6542
0.06912	89640	163739	7878	45917.7	96.92	87.1682
0.06936	91101	164655	9331	45837.5	96.0948	87.672
0.0696	92893	165848	10659	45745.8	95.1493	88.235
0.06984	94336	166076	12270	45649.5	94.1542	88.8113
0.07008	96954	169949	12701	45553.2	93.157	89.3717
0.07032	97353	172668	14571	45457.5	92.1641	89.9129
0.07056	99552	173084	17877	45365.3	91.2058	90.419
0.0708	101115	174392	18330	45273	90.2465	90.9098
0.07104	102262	177580	20948	45180.8	89.2863	91.3849
0.07128	104122	176813	24629	45102.3	88.4683	91.7769
0.07152	105023	180120	26920	45034.1	87.7571	92.1081
0.07176	106796	182723	27603	44965.8	87.0458	92.4304
0.072	108128	184008	33342	44897.6	86.3353	92.7429
0.07224	108838	186676	37171	44849.1	85.9487	92.865
0.07248	110901	190137	39279	44800.7	85.5611	92.9844
0.07272	111842	193859	42714	44752.2	85.1727	93.101
0.07296	112682	197419	48052	44708.4	84.8212	93.2039
0.0732	114186	201143	52822	44670.9	84.5193	93.2903
0.07344	115422	207406	55755	44633.4	84.217	93.3751
0.07368	117073	210108	60265	44595.9	83.9142	93.4581
0.07392	118475	213544	67836	44574	83.7376	93.5057
0.07416	119578	217863	70726	44554.8	83.582	93.5471
0.0744	120570	223543	77323	44535.5	83.4263	93.5881
0.07464	121527	229032	83430	44525	83.341	93.6104
0.07488	123089	233002	89908	44536.2	83.432	93.5866
0.07512	124640	239803	94953	44547.5	83.5229	93.5628
0.07536	125247	244370	101392	44558.7	83.6138	93.5387
0.0756	127353	249416	108140	44572.7	83.7271	93.5085
0.07584	128329	254485	113500	44587.8	83.8493	93.4757
0.07608	129637	261322	118379	44602.9	83.9714	93.4426
0.07632	130964	268197	126233	44612.6	84.0497	93.4212
0.07656	132336	275212	133745	44589.8	83.8654	93.4713
0.0768	133163	280431	136816	44567	83.681	93.5208
0.07704	134091	287896	143928	44544.2	83.4963	93.5698
0.07728	135048	295173	154338	44496.7	83.1113	93.6696
0.07752	134878	301038	159059	44430.6	82.5751	93.8038
0.07776	135288	308694	164956	44364.5	82.0376	93.9328
0.078	135072	316109	175228	44298.5	81.499	94.0564
0.07824	135676	324669	190817	44248.5	81.0909	94.1464
0.07848	135165	332348	195504	44198.5	80.6823	94.2333
0.07872	135159	341013	208261	44148.6	80.273	94.3172
0.07896	134194	351174	225462	44122.7	80.061	94.3594
0.0792	133840	357913	236420	44129	80.1125	94.3492
0.07944	133159	364448	244091	44135.3	80.1641	94.339
0.07968	132020	377175	257582	44141.6	80.2156	94.3287
0.07992	130624	387102	279156	44163.9	80.3988	94.2917
0.08016	128920	396010	284268	44189	80.6039	94.2496
0.0804	128098	409051	293728	44214	80.8088	94.2068
0.08064	126798	421222	315881	44243.6	81.0512	94.155
0.08088	125217	435338	335611	44284.8	81.3875	94.0814
0.08112	123558	443452	338356	44326	81.7233	94.0056
0.08136	122779	455384	356114	44367.1	82.0587	93.9278
0.0816	121477	472622	389724	44457.7	82.795	93.7495
0.08184	119750	478386	391917	44568	83.6886	93.5188
0.08208	118050	490554	399974	44678.2	84.5785	93.2735
0.08232	117412	509772	431295	44799.6	85.5528	92.9869
0.08256	115542	527793	469394	44987.4	87.2703	92.3297
0.0828	113434	535853	452253	45175.1	89.2269	91.4138
0.08304	112390	551121	470228	45362.9	91.1809	90.432
0.08328	110733	574328	521696	45603.9	93.6826	89.0784
0.08352	108959	582732	529091	45885	96.5837	87.3749
0.08376	107268	593272	520561	46166	99.4611	85.5448
0.084	105219	618799	561921	46447.1	102.307	83.5975
0.08424	102718	650946	647973	46783	105.077	80.9706
0.08448	99955	655309	586758	47118.9	107.092	78.2345
0.08472	96892	675935	603258	47454.8	109.079	75.6654
0.08496	93339	703723	684096	47768.9	110.908	73.4046
0.0852	89249	714299	709704	48054	112.541	71.4647
0.08544	84229	721338	651828	48339.1	114.148	69.6254
0.08568	79141	744880	698513	48624.2	116.823	68.5774
0.08592	73478	778886	857732	48606.9	116.65	68.6338
0.08616	66412	772779	714957	48539.2	115.979	68.8576
0.0864	58987	785641	706843	48471.4	115.314	69.0865
0.08664	51152	825432	824583	48196.1	113.346	70.5355
0.08688	43601	852875	899738	47401.8	108.767	76.06
0.08712	35211	851788	735129	46607.5	103.916	82.4369
0.08736	26822	876277	793764	45813.2	95.8448	87.8223
0.0876	20314	917156	999074	44475.1	82.9369	93.7139
0.08784	14898	914253	860999	42919.6	69.5599	95.5655
0.08808	9807	924496	799327	41364.1	54.7693	99.5552
0.08832	6003	956497	929618	39708.7	44.4633	112.995
0.08856	3350	986425	1.09068e+06	37454.4	33.7872	141.703
0.0888	1566	967261	844188	35200.1	20.8374	163.885
0.08904	666	979141	874662	32945.9	12.26	195.739
0.08928	264	1.01589e+06	1.09154e+06	30214.1	5.93424	265.693
0.08952	83	1.0064e+06	1.01727e+06	27124.2	2.0263	390.264
0.08976	26	1.0014e+06	863436	24034.3	0.389921	581.833
0.09	2	1.0203e+06	972980	20944.4	0.116774	930.842
0.09024	0	1.0632e+06	1.22416e+06	17567.1	0	1689.56
0.09048	0	1.03431e+06	895323	14189.9	0	4756.09
0.09072	0	1.04236e+06	908822	10812.6	0	19762.7
0.09096	0	1.07931e+06	1.1292e+06	9024.91	0	32519.4
0.0912	3	1.08254e+06	1.11761e+06	9356.69	0	29969.7
0.09144	104	1.07086e+06	928364	9688.47	0	27491.4
0.09168	14515	1.08198e+06	1.01163e+06	10020.3	0	25100.6
0.09192	359268	1.12984e+06	1.22579e+06	16965.1	0	1906.61
0.09216	1.03588e+06	1.10318e+06	657033	25012	0.735298	511.242
0.0924	1.55556e+06	1.10288e+06	253651	33059	12.5599	193.299
0.09264	1.88692e+06	1.12744e+06	87096	41976.4	60.2292	97.4047
0.09288	2.07284e+06	1.15343e+06	18671	53069.7	165.762	57.1277
0.09312	2.14626e+06	1.13e+06	6	64163.1	304.392	39.1264
0.09336	2.05628e+06	1.07556e+06	8	75256.5	459.085	29.8272
0.0936	1.78649e+06	976573	5	82732.1	575.484	25.2672
0.09384	1.3941e+06	793105	13	88760.5	672.537	22.3655
0.09408	981037	598904	9	94789	768.841	19.1879
0.09432	735385	433102	14	99966.1	851.793	16.5369
0.09456	544484	299127	6	100035	852.898	16.5016
0.0948	363608	181812	11	100104	854.003	16.4663
0.09504	221287	101749	10	100173	855.108	16.431
0.09528	123815	52696	14	98885.5	834.479	17.0903
0.09552	63100	25930	13	96580.6	797.548	18.2705
0.09576	29196	12174	9	94275.8	760.618	19.4507
0.096	12616	6282	3	91970.9	723.687	20.631
0.09624	5123	3750	9	89667.4	687.005	21.8778
0.09648	2227	2953	7	87363.9	648.505	22.4953
0.09672	1095	2710	11	85060.4	609.727	23.5168
0.09696	648	2677	8	83044.3	581.123	25.0729
0.0972	356	2644	13	81411.2	551.755	25.8389
0.09744	181	2850	10	79778.2	528.23	25.7473
0.09768	117	3019	8	78145.2	505.621	27.2982
0.09792	75	3229	12	77001.1	486.559	28.5007
0.09816	63	3359	9	75938.6	468.808	29.369
0.0984	43	3712	11	74876.1	453.659	30.0475
0.09864	29	3936	12	73918.8	438.654	30.3887
0.09888	13	4261	8	73224.7	426.953	30.5843
0.09912	30	4495	6	72530.6	415.806	30.9162
0.09936	23	4819	13	71836.5	406.466	31.6512
0.0996	12	5238	7	71305.9	399.585	32.2568
0.09984	10	5588	17	70840.7	393.66	32.7764
0.10008	7	6125	9	70375.6	387.392	33.0888
0.10032	7	6544	17	69931.7	381.319	33.3854
0.10056	7	7069	8	69615.2	376.939	33.596
0.1008	5	7260	13	69298.7	372.519	33.8057
0.10104	5	8160	9	68982.2	367.914	34.0952
0.10128	5	8536	10	68723.2	364.089	34.3762
0.10152	0	9187	10	68507.2	360.919	34.6161
0.10176	1	10070	9	68291.2	357.764	34.8614
0.102	0	10465	8	68075.2	354.627	35.112
0.10224	1	11713	17	67932.3	352.56	35.2808
0.10248	0	12188	14	67789.4	350.5	35.452
0.10272	0	12903	17	67646.5	348.447	35.6257
0.10296	0	13986	15	67526.6	346.731	35.7732
0.1032	0	15163	17	67437.5	345.469	35.882
0.10344	0	16021	17	67348.4	344.286	35.9766
0.10368	0	17337	15	67259.2	343.108	36.0708
0.10392	0	18278	12	67200.8	342.338	36.1324
0.10416	0	19586	9	67147.4	341.637	36.1884
0.1044	0	21246	20	67094	340.938	36.2443
0.10464	0	23185	15	67046.9	340.322	36.2935
0.10488	0	24421	14	67015.6	339.914	36.3262
0.10512	0	25829	17	66984.2	339.505	36.3589
0.10536	0	27464	6	66952.9	339.098	36.3915
0.1056	0	29870	11	66922.5	338.703	36.4231
0.10584	0	31902	15	66892.4	338.313	36.4543
0.10608	0	33877	15	66862.3	337.923	36.4854
0.10632	0	36966	8	66829.7	337.502	36.5191
0.10656	0	38907	15	66782.1	336.887	36.5682
0.1068	0	41298	12	66734.4	336.273	36.6173
0.10704	0	44087	16	66686.7	335.661	36.6662
0.10728	2	47032	10	66609.7	334.674	36.7451
0.10752	1	50709	11	66510.6	333.411	36.846
0.10776	2	54137	8	66411.6	332.153	36.9463
0.108	9	56937	6	66312.5	330.902	37.0462
0.10824	9	59917	3	66131	328.624	37.2276
0.10848	12	63974	10	65949.5	326.366	37.4073
0.10872	18	68014	5	65768	324.127	37.585
0.10896	35	72477	8	65530.9	321.255	37.8039
0.1092	55	76722	5	65219.9	317.472	38.0922
0.10944	59	80608	19	64908.9	313.656	38.3877
0.10968	96	85612	14	64597.8	309.811	38.6906
0.10992	147	90707	7	64124.8	303.911	39.1655
0.11016	216	95366	4	63624.7	297.307	39.7614
0.1104	282	100444	9	63124.7	290.518	40.4063
0.11064	407	105956	4	62562.8	282.832	41.1534
0.11088	549	110325	0	61846.4	273.124	42.0371
0.11112	716	116024	5	61130	263.656	42.8832
0.11136	907	120905	5	60413.6	254.393	43.8125
0.1116	1227	123563	4	59539.4	243.451	45.267
0.11184	1547	128898	4	58602	231.553	46.7989
0.11208	1980	131163	3	57664.6	219.189	48.04
0.11232	2338	135524	1	56704.3	207.05	49.6036
0.11256	2770	138755	5	55606.3	194.207	52.0018
0.1128	3229	141465	2	54508.3	181.931	54.365
0.11304	3916	142455	2	53410.2	169.679	56.5241
0.11328	4539	143457	4	52266.3	156.608	58.6713
0.11352	5419	142835	3	51088.1	143.855	61.7809
0.11376	6091	142405	9	49909.8	131.053	65.2677
0.114	6809	140836	4	48731.5	117.905	68.2351
0.11424	7546	137327	4	47589.9	109.868	74.6772
0.11448	8062	135688	1	46448.2	102.319	83.5892
0.11472	8599	131923	68	45306.6	90.5956	90.7331
0.11496	9341	127709	1117	44214.5	80.8129	94.2059
0.1152	10264	124557	3990	43188.5	72.3384	95.3236
0.11544	10795	123636	6749	42162.5	61.9938	96.9208
0.11568	11123	123344	11803	41136.5	53.1287	100.937
0.11592	11506	121268	16490	40217.3	47.2553	107.978
0.11616	11934	120255	22413	39315.9	42.6072	117.399
0.1164	12194	121133	28553	38414.5	38.3847	128.482
0.11664	12619	121179	36824	37553.3	34.291	140.341
0.11688	12596	120670	46658	36792.5	30.2749	150.498
0.11712	12700	121873	56472	36031.8	25.8601	158.665
0.11736	12690	123532	66423	35271	21.2329	163.424
0.1176	12182	123799	77350	34610.9	17.7716	167.846
0.11784	12120	125843	87936	33991.2	15.382	176.053
0.11808	11914	127283	100572	33371.4	13.4331	186.971
0.11832	11710	129949	112563	32857.3	12.031	197.707
0.11856	11187	132155	124572	32977.5	12.343	195.049
0.1188	10813	135176	129428	33097.7	12.6644	192.483
0.11904	10731	140074	133904	33217.9	12.9956	190.006
0.11928	10400	142874	138948	35079.2	20.1761	164.68
0.11952	9083	149510	117563	38246.3	37.6045	130.712
0.11976	0	146460	71272	41413.4	55.136	99.273
