0	0	0	0	56561.8	205.347	49.8994
0.00024	0	0	0	56566.5	205.402	49.8897
0.00048	0	0	0	56571.1	205.457	49.88
0.00072	0	0	0	56575.8	205.513	49.8703
0.00096	0	0	0	56580.5	205.569	49.8604
0.0012	0	0	0	56585.3	205.627	49.8503
0.00144	0	0	0	56590.2	205.684	49.8402
0.00168	0	0	0	56595	205.742	49.8301
0.00192	0	0	0	56600	205.802	49.8197
0.00216	0	0	0	56605.1	205.862	49.8092
0.0024	0	0	0	56610.1	205.922	49.7987
0.00264	0	0	0	56615.2	205.983	49.7881
0.00288	0	0	0	56620.5	206.046	49.7771
0.00312	0	0	0	56625.7	206.109	49.7662
0.00336	0	0	0	56631	206.172	49.7552
0.0036	0	0	0	56636.4	206.237	49.744
0.00384	0	0	0	56641.9	206.303	49.7326
0.00408	0	0	0	56647.4	206.369	49.7212
0.00432	0	0	0	56653	206.435	49.7097
0.00456	0	0	0	56658.7	206.504	49.6978
0.0048	0	0	0	56664.4	206.572	49.6859
0.00504	0	0	0	56670.2	206.641	49.674
0.00528	0	0	0	56676.1	206.712	49.6619
0.00552	0	0	0	56682.1	206.784	49.6495
0.00576	0	0	0	56688.1	206.856	49.6371
0.006	0	0	0	56694.1	206.928	49.6247
0.00624	0	0	0	56700.4	207.003	49.6117
0.00648	0	0	0	56706.6	207.078	49.5988
0.00672	0	0	0	56712.9	207.154	49.5859
0.00696	0	0	0	56719.3	207.23	49.5727
0.0072	0	0	0	56725.9	207.309	49.5592
0.00744	0	0	0	56732.5	207.388	49.5457
0.00768	0	0	0	56739	207.467	49.5322
0.00792	0	0	0	56745.9	207.549	49.5181
0.00816	0	0	0	56752.8	207.632	49.504
0.0084	0	0	0	56759.6	207.715	49.4899
0.00864	0	0	0	56766.6	207.799	49.4756
0.00888	0	0	0	56773.8	207.886	49.4608
0.00912	0	0	0	56781.1	207.973	49.4461
0.00936	0	0	0	56788.3	208.06	49.4313
0.0096	0	0	0	56795.7	208.15	49.4161
0.00984	0	1	0	56803.3	208.241	49.4006
0.01008	0	0	0	56810.9	208.332	49.3852
0.01032	0	0	0	56818.5	208.424	49.3697
0.01056	0	0	0	56826.4	208.52	49.3535
0.0108	0	0	0	56834.4	208.616	49.3374
0.01104	0	1	0	56842.3	208.711	49.3212
0.01128	0	0	0	56850.5	208.81	49.3047
0.01152	0	2	0	56858.8	208.911	49.2877
0.01176	0	0	0	56867.2	209.012	49.2708
0.012	0	0	0	56875.5	209.113	49.2539
0.01224	0	0	0	56884.3	209.219	49.2362
0.01248	0	0	0	56893.1	209.325	49.2184
0.01272	0	3	0	56901.9	209.431	49.2007
0.01296	0	0	2	56910.8	209.54	49.1826
0.0132	0	0	0	56920.1	209.652	49.164
0.01344	0	0	0	56929.3	209.764	49.1454
0.01368	0	1	1	56938.5	209.876	49.1268
0.01392	0	1	0	56948.2	209.993	49.1074
0.01416	0	0	0	56957.9	210.111	49.0879
0.0144	0	0	0	56967.7	210.229	49.0684
0.01464	0	0	0	56977.5	210.349	49.0486
0.01488	0	3	0	56987.8	210.474	49.0281
0.01512	0	2	0	56998	210.598	49.0076
0.01536	0	1	0	57008.3	210.723	48.9871
0.0156	0	0	1	57019	210.853	48.9658
0.01584	0	0	0	57029.8	210.985	48.9443
0.01608	0	1	0	57040.6	211.116	48.9228
0.01632	0	1	1	57051.5	211.256	48.9068
0.01656	0	5	1	57062.9	211.403	48.8902
0.0168	0	1	0	57074.4	211.55	48.8737
0.01704	0	3	0	57085.8	211.697	48.8571
0.01728	0	0	1	57097.6	211.848	48.8401
0.01752	0	0	1	57109.7	212.003	48.8226
0.01776	0	5	2	57121.8	212.159	48.8052
0.018	0	4	1	57133.8	212.314	48.7878
0.01824	0	3	0	57146.6	212.479	48.7694
0.01848	0	4	0	57159.4	212.643	48.751
0.01872	0	1	3	57172.2	212.808	48.7326
0.01896	0	8	1	57185.3	212.977	48.7138
0.0192	0	4	2	57198.9	213.151	48.6944
0.01944	0	3	1	57212.4	213.326	48.675
0.01968	0	2	2	57226	213.501	48.6556
0.01992	0	4	3	57240.3	213.685	48.6352
0.02016	0	4	1	57254.7	213.871	48.6146
0.0204	0	3	4	57269	214.056	48.5941
0.02064	0	3	0	57283.7	214.245	48.5733
0.02088	0	4	0	57299	214.443	48.5516
0.02112	0	6	0	57314.2	214.64	48.5299
0.02136	0	7	0	57329.5	214.837	48.5083
0.0216	0	7	2	57345.5	215.044	48.4857
0.02184	0	6	0	57361.7	215.254	48.4627
0.02208	0	8	0	57377.9	215.464	48.4398
0.02232	0	9	4	57394.3	215.676	48.4167
0.02256	0	7	2	57411.6	215.9	48.3923
0.0228	0	6	3	57428.9	216.124	48.368
0.02304	0	7	1	57446.2	216.349	48.3437
0.02328	0	8	1	57464.2	216.582	48.3185
0.02352	0	5	7	57482.6	216.821	48.2927
0.02376	0	19	2	57501.1	217.061	48.2669
0.024	0	13	3	57519.5	217.3	48.2411
0.02424	0	11	5	57539.2	217.556	48.2137
0.02448	0	13	3	57558.9	217.812	48.1863
0.02472	0	16	4	57578.6	218.069	48.1589
0.02496	0	17	2	57598.9	218.333	48.1308
0.0252	0	14	4	57620	218.607	48.1017
0.02544	0	15	6	57641	218.881	48.0726
0.02568	0	13	0	57662.1	219.156	48.0435
0.02592	0	17	4	57684.4	219.447	48.0128
0.02616	0	24	3	57707	219.741	47.9818
0.0264	0	24	4	57729.5	220.036	47.9509
0.02664	0	25	3	57752.5	220.336	47.9194
0.02688	0	27	4	57776.7	220.652	47.8864
0.02712	0	35	4	57800.8	220.968	47.8535
0.02736	0	30	5	57825	221.284	47.8206
0.0276	0	26	5	57850.4	221.618	47.786
0.02784	0	33	4	57876.4	221.959	47.7508
0.02808	0	36	4	57902.4	222.299	47.7157
0.02832	0	27	8	57928.7	222.644	47.6803
0.02856	0	37	9	57956.7	223.012	47.6426
0.0288	0	44	5	57984.7	223.379	47.6051
0.02904	0	52	9	58012.6	223.747	47.5676
0.02928	0	51	3	58041.8	224.131	47.5286
0.02952	0	42	6	58072	224.528	47.4885
0.02976	0	54	9	58102.1	224.925	47.4485
0.03	0	69	5	58132.2	225.322	47.4085
0.03024	0	77	8	58164.8	225.751	47.3655
0.03048	0	65	9	58197.3	226.181	47.3226
0.03072	0	74	9	58229.9	226.611	47.2798
0.03096	0	80	12	58263.6	227.057	47.2356
0.0312	0	75	11	58298.8	227.524	47.1895
0.03144	0	71	5	58334.1	227.991	47.1435
0.03168	0	102	7	58369.4	228.459	47.0977
0.03192	0	88	7	58407.2	228.96	47.0488
0.03216	0	99	8	58445.4	229.468	46.9994
0.0324	0	119	11	58483.6	229.975	46.9503
0.03264	0	131	8	58522.7	230.496	46.9001
0.03288	0	139	7	58564.1	231.047	46.8472
0.03312	0	145	7	58605.5	231.598	46.7945
0.03336	0	160	6	58646.9	232.151	46.742
0.0336	0	154	11	58690.8	232.737	46.6865
0.03384	0	193	9	58735.7	233.337	46.6299
0.03408	0	207	11	58780.6	233.934	46.5711
0.03432	0	250	7	58826.1	234.504	46.4917
0.03456	0	227	6	58875.1	235.119	46.4065
0.0348	0	229	10	58924.1	235.733	46.3214
0.03504	0	233	7	58973.1	236.348	46.2365
0.03528	0	279	6	59024.7	236.995	46.1473
0.03552	0	282	12	59078.2	237.666	46.055
0.03576	0	335	4	59131.7	238.337	45.9628
0.036	0	349	10	59185.2	239.008	45.8708
0.03624	0	355	7	59243.6	239.741	45.7706
0.03648	0	401	6	59302	240.474	45.6707
0.03672	0	445	10	59360.5	241.207	45.571
0.03696	0	469	6	59421.2	241.969	45.4675
0.0372	0	485	11	59485.1	242.77	45.359
0.03744	0	519	1	59549	243.571	45.2507
0.03768	0	586	4	59612.9	244.372	45.1428
0.03792	0	614	5	59681.9	245.237	45.0265
0.03816	0	656	1	59751.7	246.112	44.9091
0.0384	0	759	2	59821.5	246.987	44.792
0.03864	0	770	8	59893.3	247.885	44.6722
0.03888	0	801	4	59969.6	248.841	44.5449
0.03912	0	924	5	60046	249.797	44.418
0.03936	0	1115	3	60122.3	250.753	44.2915
0.0396	0	999	7	60204	251.774	44.1567
0.03984	0	1139	2	60287.8	252.821	44.0188
0.04008	0	1156	13	60371.5	253.867	43.8814
0.04032	0	1438	13	60456.5	254.928	43.7424
0.04056	0	1322	3	60548.9	256.097	43.6056
0.0408	0	1439	4	60641.3	257.291	43.4886
0.04104	0	1604	8	60733.6	258.488	43.3724
0.04128	0	1683	8	60831.2	259.754	43.2506
0.04152	0	1915	5	60932.6	261.075	43.1249
0.04176	0	1918	8	61034	262.399	43.0003
0.042	0	2100	8	61135.4	263.726	42.8767
0.04224	0	2332	5	61246.6	265.184	42.7423
0.04248	0	2548	10	61357.7	266.647	42.609
0.04272	0	2575	11	61468.9	268.114	42.477
0.04296	0	2937	12	61584.6	269.645	42.3407
0.0432	0	3063	9	61706.4	271.261	42.1987
0.04344	0	3211	8	61828.2	272.881	42.0581
0.04368	0	3578	5	61950	274.506	41.9188
0.04392	0	3945	7	62081.7	276.269	41.7697
0.04416	0	4016	5	62215.1	278.06	41.6203
0.0444	0	4338	5	62348.4	279.886	41.445
0.04464	0	4811	5	62485.3	281.768	41.2584
0.04488	0	4856	10	62631.1	283.769	41.0613
0.04512	0	5403	5	62777	285.767	40.8658
0.04536	0	6017	2	62922.8	287.762	40.672
0.0456	0	6148	6	63077.4	289.874	40.4682
0.04584	0	6692	4	63235.6	292.029	40.2616
0.04608	0	7341	6	63393.8	294.179	40.0568
0.04632	0	7734	6	63553.9	296.348	39.8516
0.04656	0	8222	7	63724.9	298.66	39.6344
0.0468	0	8766	6	63895.9	300.965	39.4192
0.04704	0	9729	2	64067	303.187	39.2247
0.04728	0	10273	4	64244.2	305.406	39.044
0.04752	0	10993	5	64425.9	307.674	38.8611
0.04776	0	11907	2	64607.7	309.934	38.6808
0.048	0	12528	4	64789.5	312.184	38.5031
0.04824	0	13714	1	64981.6	314.551	38.318
0.04848	0	14630	6	65173.7	316.907	38.1356
0.04872	0	15864	4	65365.8	319.251	37.956
0.04896	0	16831	4	65561.9	321.629	37.7756
0.0492	0	17698	0	65763.1	324.067	37.5898
0.04944	0	18864	5	65964.3	326.55	37.3927
0.04968	0	20213	5	66165.5	329.056	37.1932
0.04992	0	22027	2	66370.6	331.635	36.9877
0.05016	0	23404	4	66576.2	334.246	36.7792
0.0504	0	24646	8	66781.9	336.884	36.5685
0.05064	0	26778	8	66987.3	339.545	36.3557
0.05088	0	28279	4	67192.1	342.224	36.1415
0.05112	0	30159	3	67396.9	344.929	35.9251
0.05136	0	32355	3	67601.7	347.805	35.6806
0.0516	0	34354	2	67798.9	350.636	35.4406
0.05184	0	36456	4	67993	353.436	35.2088
0.05208	0	39191	3	68187.1	356.25	34.9815
0.05232	0	41219	2	68378.5	359.038	34.7615
0.05256	0	44021	5	68554.3	361.609	34.5633
0.0528	0	46541	4	68730	364.19	34.3686
0.05304	0	49216	2	68905.8	366.783	34.1773
0.05328	0	53047	3	69060.5	369.074	34.0117
0.05352	0	55863	0	69199.4	371.125	33.8713
0.05376	0	58695	4	69338.4	373.076	33.7795
0.054	0	62472	1	69477.3	375.019	33.6874
0.05424	0	65554	2	69571.9	376.336	33.6248
0.05448	0	69303	4	69666.4	377.65	33.562
0.05472	0	73421	4	69760.9	378.96	33.4992
0.05496	0	75970	2	69831.5	379.937	33.4522
0.0552	0	80896	3	69870.2	380.471	33.4264
0.05544	0	84637	6	69908.9	381.006	33.4006
0.05568	0	88976	4	69947.6	381.539	33.3748
0.05592	0	92578	4	69923.6	381.209	33.3908
0.05616	0	96615	3	69889.2	380.733	33.4138
0.0564	0	101507	2	69854.7	380.258	33.4367
0.05664	0	105052	4	69798.3	379.478	33.4743
0.05688	0	110401	4	69687	377.936	33.5483
0.05712	0	115073	3	69575.7	376.389	33.6222
0.05736	0	118765	5	69464.4	374.838	33.696
0.0576	0	122404	1	69292.2	372.429	33.81
0.05784	0	126748	0	69095.7	369.597	33.9744
0.05808	0	132393	4	68899.2	366.686	34.1844
0.05832	0	134526	4	68693.3	363.65	34.409
0.05856	0	138883	1	68430.5	359.798	34.7025
0.0588	0	143577	5	68167.8	355.97	35.0039
0.05904	0	146907	2	67905	352.166	35.3133
0.05928	0	149950	0	67605.6	347.861	35.6759
0.05952	0	152521	7	67278.6	343.364	36.0503
0.05976	0	155570	3	66951.7	339.082	36.3928
0.06	0	158538	2	66624.7	334.866	36.7297
0.06024	0	161595	8	66255.8	330.188	37.103
0.06048	0	164518	3	65886.9	325.592	37.4688
0.06072	0	167606	4	65518	321.098	37.8158
0.06096	0	169185	3	65140	316.495	38.1674
0.0612	0	170865	3	64750.1	311.697	38.5414
0.06144	0	173779	3	64360.1	306.854	38.927
0.06168	0	176172	2	63970.2	301.963	39.3265
0.06192	0	176680	1	63571.9	296.592	39.8287
0.06216	0	176155	2	63172.1	291.164	40.3443
0.0624	0	178524	2	62772.4	285.705	40.8719
0.06264	0	178618	5	62376.7	280.274	41.4064
0.06288	0	179836	5	61990.8	275.053	41.8723
0.06312	0	180605	2	61605	269.915	42.3168
0.06336	0	181994	2	61219.2	264.825	42.7752
0.0636	0	181188	2	60832.4	259.771	43.249
0.06384	0	181899	7	60445.3	254.788	43.7608
0.06408	0	184010	4	60058.1	249.949	44.3979
0.06432	0	183959	3	59672.9	245.124	45.0417
0.06456	1	181706	2	59299	240.436	45.6759
0.0648	0	183703	2	58925.1	235.746	46.3197
0.06504	0	183780	13	58551.2	230.876	46.8636
0.06528	3	182811	8	58180.4	225.958	47.3449
0.06552	4	181806	7	57811.8	221.112	47.8385
0.06576	5	182618	4	57443.3	216.311	48.3478
0.066	3	180788	6	57074.7	211.554	48.8732
0.06624	3	179897	4	56728.8	207.345	49.5531
0.06648	10	181752	7	56382.9	203.223	50.2772
0.06672	12	178135	86	56037	199.167	51.028
0.06696	18	177973	185	55710.7	195.4	51.7617
0.0672	21	175664	523	55410.5	191.984	52.4592
0.06744	35	176940	973	55110.2	188.629	53.118
0.06768	37	174106	2095	54810	185.288	53.7433
0.06792	25	172021	2661	54543.4	182.321	54.293
0.06816	50	172469	3344	54282.3	179.42	54.8259
0.0684	51	172910	4025	54021.3	176.522	55.3532
0.06864	76	173332	5579	53778.2	173.827	55.8392
0.06888	80	170714	8375	53579.8	171.632	56.2319
0.06912	131	172357	11132	53381.5	169.347	56.5739
0.06936	152	172039	14299	53183.1	167.064	56.9235
0.0696	159	172216	15827	53026.3	165.264	57.2068
0.06984	229	171872	19352	52886.1	163.658	57.4655
0.07008	279	175465	21728	52746	162.057	57.7293
0.07032	349	177536	25467	52615.9	160.575	57.9786
0.07056	508	177761	32078	52546.6	159.786	58.1133
0.0708	561	179074	33340	52477.3	158.999	58.2493
0.07104	752	182387	37743	52408.1	158.213	58.3865
0.07128	905	181725	44578	52373.2	157.818	58.4561
0.07152	1138	185647	47164	52364.2	157.715	58.4741
0.07176	1469	188350	48817	52355.2	157.613	58.4922
0.072	1755	190033	57294	52346.1	157.511	58.5103
0.07224	2136	193505	61206	52379	157.884	58.4444
0.07248	2441	196918	64833	52412	158.257	58.3788
0.07272	2959	202021	69750	52444.9	158.63	58.3135
0.07296	3465	205805	76041	52490	159.142	58.2244
0.0732	4048	210636	80843	52551.4	159.84	58.1041
0.07344	4787	217777	84800	52612.8	160.538	57.9848
0.07368	5585	221420	90153	52674.1	161.238	57.8664
0.07392	6427	225834	99312	52756.2	162.173	57.7099
0.07416	7345	231719	102645	52841.7	163.15	57.5486
0.0744	8207	238284	109734	52927.1	164.128	57.3893
0.07464	9329	245186	116547	53024.4	165.242	57.2103
0.07488	10794	250912	123159	53151.3	166.698	56.9805
0.07512	12168	259091	130696	53278.1	168.157	56.7548
0.07536	13634	266168	137166	53405	169.618	56.5332
0.0756	15145	273870	143070	53548.5	171.274	56.2873
0.07584	16965	280546	150325	53698.7	172.946	55.9971
0.07608	18779	290138	155252	53848.8	174.609	55.6986
0.07632	21029	300282	163756	54004.6	176.336	55.3868
0.07656	23084	309984	172070	54194.2	178.441	55.0045
0.0768	25700	318599	177476	54383.9	180.548	54.6193
0.07704	28278	329654	185532	54573.5	182.656	54.2312
0.07728	30817	340625	198206	54796.3	185.135	53.7717
0.07752	33847	351236	205437	55043.9	187.891	53.2566
0.07776	36914	364603	211509	55291.6	190.647	52.7373
0.078	39788	377160	222211	55539.3	193.444	52.1573
0.07824	43381	391383	240857	55829.7	196.767	51.4913
0.07848	47652	408086	245848	56120.1	200.135	50.8452
0.07872	51145	424920	257208	56410.5	203.549	50.2185
0.07896	55898	445780	274265	56660.5	206.525	49.6941
0.0792	60397	463733	284517	56856.7	208.885	49.2921
0.07944	64730	483686	289755	57052.9	211.274	48.9048
0.07968	70993	510230	301015	57249	213.798	48.6227
0.07992	76620	535236	320535	57176.9	212.868	48.7259
0.08016	82726	559591	323319	57060	211.366	48.8945
0.0804	89770	588272	330705	56943.2	209.932	49.1175
0.08064	97201	617832	349339	56706.3	207.074	49.5996
0.08088	102166	650547	366944	56169.3	200.71	50.7377
0.08112	107273	673258	365630	55632.3	194.504	51.9417
0.08136	112710	700579	380279	55095.4	188.464	53.1491
0.0816	119077	735081	411901	54287.7	179.48	54.8149
0.08184	126099	751903	410919	53371.8	169.235	56.5907
0.08208	132676	775678	414447	52455.9	158.755	58.2917
0.08232	137745	804473	442836	51510.1	148.321	60.5169
0.08256	143305	833670	476996	50385	136.42	63.9884
0.0828	145511	844657	455829	49259.9	123.503	66.7293
0.08304	148479	865217	470955	48134.8	113	70.9334
0.08328	151179	892172	521759	47036.7	106.602	78.8881
0.08352	150938	902063	529091	45958.8	97.3424	86.9059
0.08376	151309	908934	520561	44880.9	86.2025	92.7852
0.084	151082	929696	562324	43803	77.4294	94.8126
0.08424	150862	956458	650815	43111.1	71.573	95.3756
0.08448	150502	951486	592259	42419.1	64.4879	96.3522
0.08472	149194	964127	613591	41727.1	57.9236	98.1489
0.08496	147151	982822	700586	41274	54.1108	100.086
0.0852	145922	988836	731033	41139.6	53.1506	100.917
0.08544	144140	990277	675982	41005.1	52.2175	101.797
0.08568	142926	1.0107e+06	727669	40870.7	51.3109	102.725
0.08592	142246	1.04041e+06	892112	41078	52.72	101.314
0.08616	140789	1.02779e+06	749410	41342.3	54.6093	99.6812
0.0864	140350	1.03305e+06	741686	41606.7	56.8335	98.5483
0.08664	139573	1.06782e+06	860115	41931.9	59.8129	97.5294
0.08688	139924	1.08558e+06	935397	42409.3	64.3918	96.3717
0.08712	140533	1.07419e+06	766898	42886.8	69.2187	95.6042
0.08736	140851	1.08684e+06	823045	43364.2	73.796	95.2263
0.0876	141371	1.11299e+06	1.02541e+06	43876.3	78.034	94.72
0.08784	140933	1.10139e+06	880016	44402.3	82.345	93.8597
0.08808	141560	1.1045e+06	811209	44928.3	86.6543	92.6039
0.08832	142879	1.13321e+06	933428	45407.7	91.6469	90.188
0.08856	145210	1.16569e+06	1.09089e+06	45607.7	93.7222	89.0562
0.0888	147745	1.16769e+06	844351	45807.8	95.789	87.8557
0.08904	150747	1.20134e+06	874875	46007.8	97.8449	86.5899
0.08928	153803	1.25634e+06	1.09169e+06	45865.6	96.3843	87.4965
0.08952	155531	1.26129e+06	1.01739e+06	45466.6	92.259	89.8619
0.08976	156391	1.26772e+06	863594	45067.7	88.1075	91.9461
0.09	156847	1.2959e+06	973644	44668.7	84.5018	93.2953
0.09024	158034	1.34908e+06	1.22592e+06	43973.7	78.8362	94.5865
0.09048	159830	1.31402e+06	901069	43278.6	73.0861	95.2786
0.09072	161184	1.31894e+06	920560	42583.6	66.1245	96.047
0.09096	161029	1.35558e+06	1.14644e+06	41995.6	60.4093	97.352
0.0912	160856	1.35099e+06	1.14222e+06	41550.3	56.3281	98.7445
0.09144	160797	1.3334e+06	960471	41105	52.9077	101.139
0.09168	159142	1.3381e+06	1.05303e+06	40659.7	49.9393	104.285
0.09192	158968	1.38197e+06	1.2917e+06	40542.6	49.2042	105.205
0.09216	157910	1.3543e+06	1.08114e+06	40480.1	48.8198	105.712
0.0924	158103	1.35473e+06	1.03393e+06	40417.7	48.4404	106.231
0.09264	156220	1.37984e+06	1.17477e+06	40393.3	48.2933	106.438
0.09288	156013	1.40749e+06	1.33493e+06	40463.8	48.72	105.847
0.09312	155731	1.38967e+06	1.06435e+06	40534.3	49.1532	105.271
0.09336	154281	1.40264e+06	1.10527e+06	40604.8	49.5929	104.711
0.0936	155565	1.44832e+06	1.39972e+06	40614.8	49.6552	104.633
0.09384	154336	1.43568e+06	1.20687e+06	40600.4	49.5652	104.745
0.09408	155140	1.44068e+06	1.08451e+06	40586.1	49.4755	104.858
0.09432	154195	1.46511e+06	1.23123e+06	40567	49.3563	105.009
0.09456	154066	1.51116e+06	1.51472e+06	40519.4	49.0611	105.392
0.0948	154646	1.48782e+06	1.14341e+06	40471.8	48.7689	105.781
0.09504	153372	1.49885e+06	1.17812e+06	40424.2	48.4796	106.177
0.09528	153637	1.5458e+06	1.50255e+06	40418.3	48.4437	106.227
0.09552	152211	1.54624e+06	1.40483e+06	40443.6	48.597	106.015
0.09576	152427	1.54698e+06	1.2047e+06	40468.9	48.7512	105.805
0.096	152293	1.56975e+06	1.3667e+06	40494.2	48.9061	105.597
0.09624	151391	1.63683e+06	1.64577e+06	40532.4	49.1413	105.287
0.09648	150908	1.60745e+06	1.34652e+06	40570.6	49.3783	104.981
0.09672	150712	1.62588e+06	1.32199e+06	40608.7	49.6173	104.68
0.09696	150224	1.6753e+06	1.57396e+06	40627.5	49.7357	104.533
0.0972	149952	1.69204e+06	1.60742e+06	40620.5	49.6915	104.588
0.09744	149014	1.69079e+06	1.40839e+06	40613.5	49.6472	104.643
0.09768	147765	1.71373e+06	1.49739e+06	40606.5	49.6031	104.698
0.09792	147153	1.78306e+06	1.79809e+06	40522.8	49.0817	105.365
0.09816	146448	1.75726e+06	1.52375e+06	40426.3	48.4921	106.159
0.0984	144887	1.77552e+06	1.48641e+06	40329.8	47.9144	106.982
0.09864	143568	1.82683e+06	1.65425e+06	40252.2	47.4579	107.665
0.09888	143100	1.85782e+06	1.8955e+06	40221.6	47.2801	107.94
0.09912	140991	1.84484e+06	1.53488e+06	40191	47.1034	108.217
0.09936	139940	1.88553e+06	1.64524e+06	40160.4	46.9278	108.497
0.0996	139177	1.96451e+06	2.08866e+06	40259.6	47.5014	107.599
0.09984	137430	1.95469e+06	1.81751e+06	40410.8	48.3985	106.29
0.10008	136731	1.96864e+06	1.64938e+06	40562	49.3247	105.05
0.10032	135637	2.02976e+06	1.93533e+06	40740.2	50.4552	103.675
0.10056	135072	2.11104e+06	2.17744e+06	41080.5	52.7372	101.298
0.1008	134655	2.08292e+06	1.869e+06	41420.9	55.1914	99.2311
0.10104	135587	2.11375e+06	1.91798e+06	41761.2	58.2352	98.0405
0.10128	136559	2.2049e+06	2.21104e+06	42227	62.6143	96.7671
0.10152	139061	2.20842e+06	2.20212e+06	42786.9	68.1886	95.733
0.10176	141068	2.20849e+06	1.97709e+06	43346.8	73.652	95.2377
0.102	142629	2.2733e+06	2.11444e+06	43906.7	78.2849	94.6795
0.10224	146205	2.3913e+06	2.76924e+06	44118.1	80.0229	94.3669
0.10248	149986	2.34909e+06	2.05559e+06	44329.4	81.7516	93.9992
0.10272	154539	2.4135e+06	2.02574e+06	44540.8	83.4687	93.577
0.10296	158704	2.54015e+06	2.47329e+06	44677.3	84.5708	93.2757
0.1032	164274	2.57097e+06	2.48646e+06	44714.1	84.8667	93.1907
0.10344	169532	2.56687e+06	2.21894e+06	44750.9	85.1622	93.1041
0.10368	174253	2.61289e+06	2.47627e+06	44787.7	85.4571	93.0159
0.10392	178443	2.74763e+06	2.94155e+06	45058.8	88.015	91.9891
0.10416	184924	2.72186e+06	2.52996e+06	45369	91.2448	90.3988
0.1044	192224	2.76074e+06	2.3607e+06	45679.2	94.4617	88.635
0.10464	199772	2.87211e+06	2.76548e+06	45887.5	96.6093	87.3592
0.10488	206934	2.94961e+06	3.23644e+06	45840.8	96.1295	87.651
0.10512	213824	2.91659e+06	2.50892e+06	45794.2	95.6491	87.9393
0.10536	219664	2.9732e+06	2.62884e+06	45747.6	95.1681	88.224
0.1056	223545	3.09886e+06	2.98307e+06	45732.7	95.0139	88.3144
0.10584	228650	3.04719e+06	2.74754e+06	45730.4	94.9905	88.3281
0.10608	231975	3.04374e+06	2.60216e+06	45728.1	94.9671	88.3418
0.10632	234852	3.12273e+06	2.88925e+06	45816.1	95.8749	87.8043
0.10656	239892	3.23911e+06	3.78078e+06	46445.7	102.294	83.6073
0.1068	238540	3.16932e+06	2.77778e+06	47075.2	106.832	78.5804
0.10704	238974	3.18444e+06	2.86299e+06	47704.8	110.537	73.8554
0.10728	241623	3.28907e+06	3.28787e+06	48537.4	115.961	68.8634
0.10752	247018	3.23565e+06	3.14046e+06	49522.3	126.459	66.0889
0.10776	247186	3.17579e+06	2.71521e+06	50507.1	137.71	63.5955
0.108	242692	3.20425e+06	2.95107e+06	51492	148.13	60.5701
0.10824	235200	3.36154e+06	3.94406e+06	52279.7	156.759	58.6443
0.10848	224863	3.22059e+06	2.88086e+06	53067.3	165.734	57.1321
0.10872	209483	3.22301e+06	2.8847e+06	53855	174.677	55.6863
0.10896	191258	3.29457e+06	3.14926e+06	54455.4	181.343	54.4733
0.1092	172433	3.26259e+06	3.39047e+06	54806	185.244	53.7515
0.10944	153077	3.1644e+06	2.78168e+06	55156.7	189.147	53.0206
0.10968	132773	3.17944e+06	3.08774e+06	55507.4	193.082	52.2316
0.10992	112616	3.30643e+06	3.58163e+06	55531.9	193.36	52.1745
0.11016	92740	3.16233e+06	2.99613e+06	55502	193.021	52.2442
0.1104	74794	3.13074e+06	2.79124e+06	55472.1	192.682	52.3141
0.11064	58011	3.19191e+06	3.0029e+06	55294.1	190.675	52.732
0.11088	44438	3.21096e+06	3.78076e+06	54745.6	184.572	53.8765
0.11112	32307	3.06671e+06	2.81375e+06	54197.2	178.474	54.9985
0.11136	23063	3.04341e+06	2.84867e+06	53648.7	172.394	56.0959
0.1116	15312	3.14401e+06	3.16367e+06	52990.4	164.852	57.2726
0.11184	10141	3.00627e+06	2.92833e+06	52288.2	156.855	58.6271
0.11208	6428	2.91217e+06	2.58727e+06	51585.9	149.123	60.2943
0.11232	4087	2.91993e+06	2.83638e+06	50842.3	141.253	62.5379
0.11256	2396	2.97868e+06	3.55378e+06	49850.1	130.327	65.3846
0.1128	1432	2.81145e+06	2.5917e+06	48858	119.204	67.8476
0.11304	848	2.7961e+06	2.55204e+06	47865.9	111.466	72.7332
0.11328	471	2.86041e+06	2.82068e+06	46478.5	102.624	83.3727
0.11352	319	2.75516e+06	2.701e+06	44794.7	85.5132	92.9989
0.11376	270	2.64037e+06	2.36495e+06	43110.8	71.5707	95.3758
0.114	362	2.64372e+06	2.45729e+06	41427	55.2374	99.1965
0.11424	530	2.74536e+06	2.96316e+06	39198	42.0527	118.769
0.11448	741	2.57104e+06	2.36276e+06	36969.1	31.231	148.211
0.11472	994	2.52497e+06	2.24108e+06	34740.1	18.4104	166.958
0.11496	1236	2.56816e+06	2.55578e+06	32233.9	10.5267	211.492
0.1152	1407	2.52633e+06	2.62372e+06	29358	4.35093	294.198
0.11544	1569	2.42702e+06	2.16514e+06	26482.2	1.5871	423.564
0.11568	1667	2.44468e+06	2.21384e+06	23606.3	0.304273	617.523
0.11592	1382	2.5335e+06	2.67142e+06	20640.5	0.0374858	979.626
0.11616	1067	2.38295e+06	2.22968e+06	17659.6	0	1659.35
0.1164	611	2.34549e+06	1.99412e+06	14678.7	0	3840.95
0.11664	292	2.40885e+06	2.32277e+06	12501.8	0	10351.3
0.11688	272	2.37696e+06	2.62837e+06	12334.9	0	11141.4
0.11712	1332	2.15806e+06	2.06294e+06	12168.1	0	11982.8
0.11736	12275	2.07878e+06	2.07146e+06	12001.2	0	12878.3
0.1176	104883	2.10419e+06	2.55942e+06	14980.8	0	3388.55
0.11784	437520	1.91253e+06	1.98151e+06	19218.9	0	1253.5
0.11808	851479	1.82803e+06	1.49704e+06	23457	0.278368	630.735
0.11832	1.09453e+06	1.90013e+06	1.48893e+06	28067	2.80072	345.972
0.11856	1.13444e+06	2.0445e+06	1.8875e+06	34908.3	19.2702	165.819
0.1188	1.02639e+06	2.22181e+06	1.58287e+06	41749.6	58.1293	98.077
0.11904	887608	2.48804e+06	1.99328e+06	48590.9	116.491	68.686
0.11928	681386	2.71258e+06	2.72102e+06	58293.8	227.457	47.1961
0.11952	468794	2.7354e+06	3.09814e+06	70142.8	384.218	33.2446
0.11976	0	2.407e+06	1.89387e+06	81991.8	562.157	25.6386
