0	0	0	0	56651.8	206.421	49.712
0.00024	0	0	0	56657.1	206.484	49.7011
0.00048	0	0	0	56662.4	206.548	49.6902
0.00072	0	0	0	56667.7	206.611	49.6793
0.00096	0	0	0	56673	206.675	49.6681
0.0012	0	0	0	56678.5	206.741	49.6568
0.00144	0	0	0	56684	206.807	49.6454
0.00168	0	0	0	56689.5	206.873	49.6341
0.00192	0	0	0	56695.2	206.941	49.6223
0.00216	0	0	0	56701	207.01	49.6105
0.0024	0	0	0	56706.7	207.079	49.5987
0.00264	0	0	0	56712.5	207.148	49.5868
0.00288	0	0	0	56718.5	207.22	49.5745
0.00312	0	0	0	56724.4	207.292	49.5622
0.00336	0	0	0	56730.4	207.363	49.5499
0.0036	0	0	0	56736.6	207.437	49.5373
0.00384	0	0	0	56742.8	207.512	49.5245
0.00408	0	0	0	56749	207.587	49.5117
0.00432	0	0	0	56755.3	207.663	49.4988
0.00456	0	0	0	56761.8	207.741	49.4855
0.0048	0	0	0	56768.3	207.819	49.4722
0.00504	0	0	0	56774.8	207.897	49.4589
0.00528	0	0	0	56781.5	207.978	49.4453
0.00552	0	0	0	56788.2	208.059	49.4314
0.00576	0	0	0	56795	208.141	49.4175
0.006	0	0	0	56801.8	208.223	49.4037
0.00624	0	0	0	56808.9	208.308	49.3892
0.00648	0	0	0	56816	208.394	49.3747
0.00672	0	0	0	56823.1	208.48	49.3603
0.00696	0	0	0	56830.4	208.567	49.3456
0.0072	0	0	0	56837.8	208.656	49.3305
0.00744	0	0	0	56845.2	208.746	49.3154
0.00768	0	0	0	56852.6	208.836	49.3004
0.00792	0	0	0	56860.3	208.929	49.2847
0.00816	0	0	0	56868.1	209.023	49.269
0.0084	0	0	0	56875.9	209.117	49.2533
0.00864	0	0	0	56883.7	209.212	49.2374
0.00888	0	0	0	56891.9	209.31	49.2209
0.00912	0	0	0	56900	209.409	49.2045
0.00936	0	0	0	56908.1	209.507	49.1881
0.0096	0	0	0	56916.5	209.609	49.1712
0.00984	0	1	0	56925	209.712	49.154
0.01008	0	0	0	56933.5	209.815	49.1369
0.01032	0	0	0	56942.1	209.919	49.1196
0.01056	0	0	0	56951.1	210.028	49.1017
0.0108	0	0	0	56960	210.136	49.0838
0.01104	0	1	0	56968.9	210.244	49.0659
0.01128	0	0	0	56978.1	210.356	49.0475
0.01152	0	2	0	56987.5	210.47	49.0288
0.01176	0	0	0	56996.8	210.584	49.01
0.012	0	0	0	57006.2	210.697	48.9913
0.01224	0	0	0	57016	210.817	48.9717
0.01248	0	0	0	57025.9	210.937	48.9521
0.01272	0	3	0	57035.7	211.057	48.9325
0.01296	0	0	2	57045.8	211.183	48.9151
0.0132	0	0	0	57056.1	211.315	48.9001
0.01344	0	0	0	57066.5	211.448	48.8851
0.01368	0	1	1	57076.8	211.581	48.8702
0.01392	0	1	0	57087.6	211.72	48.8545
0.01416	0	0	0	57098.5	211.859	48.8388
0.0144	0	0	0	57109.4	211.999	48.8231
0.01464	0	0	0	57120.4	212.141	48.8072
0.01488	0	3	0	57131.9	212.289	48.7907
0.01512	0	2	0	57143.3	212.436	48.7742
0.01536	0	1	0	57154.8	212.583	48.7577
0.0156	0	0	1	57166.6	212.736	48.7406
0.01584	0	0	0	57178.7	212.892	48.7233
0.01608	0	1	0	57190.8	213.047	48.706
0.01632	0	1	1	57202.9	213.204	48.6885
0.01656	0	5	1	57215.7	213.368	48.6703
0.0168	0	1	0	57228.4	213.532	48.6521
0.01704	0	3	0	57241.1	213.696	48.634
0.01728	0	0	1	57254.3	213.865	48.6152
0.01752	0	0	1	57267.7	214.039	48.5961
0.01776	0	5	2	57281.1	214.212	48.5769
0.018	0	4	1	57294.6	214.386	48.5578
0.01824	0	3	0	57308.7	214.569	48.5377
0.01848	0	4	0	57322.9	214.753	48.5175
0.01872	0	1	3	57337.1	214.936	48.4974
0.01896	0	8	1	57351.7	215.124	48.4768
0.0192	0	4	2	57366.7	215.319	48.4556
0.01944	0	3	1	57381.7	215.513	48.4344
0.01968	0	2	2	57396.8	215.708	48.4132
0.01992	0	4	3	57412.6	215.912	48.391
0.02016	0	4	1	57428.5	216.119	48.3686
0.0204	0	3	4	57444.4	216.325	48.3462
0.02064	0	3	0	57460.6	216.535	48.3235
0.02088	0	4	0	57477.5	216.754	48.2999
0.02112	0	6	0	57494.3	216.973	48.2763
0.02136	0	7	0	57511.2	217.192	48.2528
0.0216	0	7	2	57528.8	217.421	48.2282
0.02184	0	6	0	57546.7	217.653	48.2033
0.02208	0	8	0	57564.6	217.886	48.1784
0.02232	0	9	4	57582.6	218.121	48.1534
0.02256	0	7	2	57601.7	218.369	48.127
0.0228	0	6	3	57620.7	218.617	48.1006
0.02304	0	7	1	57639.7	218.865	48.0743
0.02328	0	8	1	57659.5	219.122	48.0471
0.02352	0	5	7	57679.7	219.386	48.0192
0.02376	0	19	2	57700	219.651	47.9914
0.024	0	13	3	57720.3	219.915	47.9636
0.02424	0	11	5	57741.8	220.197	47.934
0.02448	0	13	3	57763.4	220.479	47.9045
0.02472	0	16	4	57785	220.761	47.875
0.02496	0	17	2	57807.2	221.052	47.8448
0.0252	0	14	4	57830.2	221.353	47.8135
0.02544	0	15	6	57853.3	221.655	47.7822
0.02568	0	13	0	57876.3	221.957	47.751
0.02592	0	17	4	57900.7	222.276	47.7181
0.02616	0	24	3	57925.2	222.599	47.6849
0.0264	0	24	4	57949.8	222.922	47.6518
0.02664	0	25	3	57974.9	223.251	47.6182
0.02688	0	27	4	58001.2	223.597	47.5829
0.02712	0	35	4	58027.5	223.943	47.5477
0.02736	0	30	5	58053.8	224.289	47.5127
0.0276	0	26	5	58081.5	224.653	47.4758
0.02784	0	33	4	58109.7	225.025	47.4384
0.02808	0	36	4	58137.9	225.397	47.401
0.02832	0	27	8	58166.4	225.773	47.3633
0.02856	0	37	9	58196.7	226.173	47.3234
0.0288	0	44	5	58227	226.574	47.2835
0.02904	0	52	9	58257.3	226.974	47.2438
0.02928	0	51	3	58288.9	227.392	47.2025
0.02952	0	42	6	58321.4	227.823	47.1601
0.02976	0	54	9	58353.9	228.254	47.1178
0.03	0	69	5	58386.4	228.685	47.0756
0.03024	0	77	8	58421.5	229.15	47.0303
0.03048	0	65	9	58456.5	229.616	46.9851
0.03072	0	74	9	58491.5	230.081	46.9401
0.03096	0	80	12	58527.8	230.564	46.8936
0.0312	0	75	11	58565.6	231.067	46.8453
0.03144	0	71	5	58603.5	231.572	46.7971
0.03168	0	102	7	58641.3	232.077	46.749
0.03192	0	88	7	58681.7	232.616	46.6979
0.03216	0	99	8	58722.6	233.162	46.6464
0.0324	0	119	11	58763.4	233.708	46.5951
0.03264	0	131	8	58805.2	234.243	46.5281
0.03288	0	139	7	58849.3	234.796	46.4513
0.03312	0	145	7	58893.5	235.349	46.3746
0.03336	0	160	6	58937.6	235.903	46.298
0.0336	0	154	11	58984.3	236.489	46.2171
0.03384	0	193	9	59032.1	237.088	46.1345
0.03408	0	207	11	59079.8	237.686	46.0522
0.03432	0	250	7	59128.1	238.293	45.9689
0.03456	0	227	6	59180	238.943	45.8798
0.0348	0	229	10	59231.8	239.594	45.7908
0.03504	0	233	7	59283.7	240.244	45.702
0.03528	0	279	6	59338.2	240.927	45.609
0.03552	0	282	12	59394.6	241.635	45.5129
0.03576	0	335	4	59451	242.342	45.4169
0.036	0	349	10	59507.4	243.049	45.3212
0.03624	0	355	7	59568.7	243.819	45.2174
0.03648	0	401	6	59630.1	244.588	45.1138
0.03672	0	445	10	59691.4	245.356	45.0104
0.03696	0	469	6	59755.1	246.154	44.9034
0.0372	0	485	11	59821.9	246.991	44.7914
0.03744	0	519	1	59888.7	247.828	44.6798
0.03768	0	586	4	59955.5	248.664	44.5684
0.03792	0	614	5	60027.4	249.564	44.4489
0.03816	0	656	1	60100.1	250.474	44.3283
0.0384	0	759	2	60172.8	251.384	44.2081
0.03864	0	770	8	60247.4	252.316	44.0852
0.03888	0	801	4	60326.6	253.305	43.9551
0.03912	0	924	5	60405.7	254.294	43.8254
0.03936	0	1115	3	60484.9	255.283	43.6961
0.0396	0	999	7	60569.3	256.361	43.5797
0.03984	0	1139	2	60655.7	257.478	43.4703
0.04008	0	1156	13	60742.2	258.599	43.3617
0.04032	0	1438	13	60829.8	259.737	43.2523
0.04056	0	1322	3	60924.6	260.971	43.1348
0.0408	0	1439	4	61019.3	262.207	43.0182
0.04104	0	1604	8	61114.1	263.447	42.9025
0.04128	0	1683	8	61213.9	264.755	42.7816
0.04152	0	1915	5	61317.4	266.116	42.6572
0.04176	0	1918	8	61420.9	267.48	42.5338
0.042	0	2100	8	61524.4	268.848	42.4114
0.04224	0	2332	5	61637.3	270.343	42.2791
0.04248	0	2548	10	61750.2	271.843	42.148
0.04272	0	2575	11	61863.1	273.346	42.018
0.04296	0	2937	12	61980.3	274.912	41.8843
0.0432	0	3063	9	62103.3	276.559	41.7453
0.04344	0	3211	8	62226.3	278.212	41.6077
0.04368	0	3578	5	62349.4	279.899	41.4437
0.04392	0	3945	7	62481.7	281.718	41.2633
0.04416	0	4016	5	62615.7	283.557	41.0821
0.0444	0	4338	5	62749.6	285.393	40.9024
0.04464	0	4811	5	62886.9	287.271	40.7196
0.04488	0	4856	10	63032.5	289.26	40.5273
0.04512	0	5403	5	63178	291.245	40.3366
0.04536	0	6017	2	63323.6	293.225	40.1475
0.0456	0	6148	6	63477.4	295.313	39.9494
0.04584	0	6692	4	63634.5	297.439	39.7489
0.04608	0	7341	6	63791.6	299.56	39.5502
0.04632	0	7734	6	63950.4	301.697	39.3512
0.04656	0	8222	7	64119.3	303.843	39.1711
0.0468	0	8766	6	64288.2	305.957	38.9994
0.04704	0	9729	2	64457.2	308.063	38.83
0.04728	0	10273	4	64631.7	310.231	38.6572
0.04752	0	10993	5	64810.4	312.443	38.4828
0.04776	0	11907	2	64989.2	314.645	38.3107
0.048	0	12528	4	65167.9	316.836	38.1411
0.04824	0	13714	1	65356	319.131	37.9652
0.04848	0	14630	6	65544.1	321.414	37.7918
0.04872	0	15864	4	65732.2	323.688	37.6199
0.04896	0	16831	4	65923.7	326.047	37.4326
0.0492	0	17698	0	66119.8	328.485	37.2387
0.04944	0	18864	5	66316	330.945	37.0427
0.04968	0	20213	5	66512.1	333.429	36.8445
0.04992	0	22027	2	66711.4	335.978	36.6409
0.05016	0	23404	4	66911.3	338.557	36.4347
0.0504	0	24646	8	67111.1	341.162	36.2264
0.05064	0	26778	8	67310.7	343.787	36.0165
0.05088	0	28279	4	67509.4	346.485	35.7946
0.05112	0	30159	3	67708.2	349.332	35.5504
0.05136	0	32355	3	67906.9	352.193	35.311
0.0516	0	34354	2	68098.5	354.965	35.0847
0.05184	0	36456	4	68287.3	357.708	34.8659
0.05208	0	39191	3	68476	360.463	34.6511
0.05232	0	41219	2	68662.4	363.196	34.4431
0.05256	0	44021	5	68834.3	365.727	34.2548
0.0528	0	46541	4	69006.1	368.268	34.0696
0.05304	0	49216	2	69178	370.819	33.8877
0.05328	0	53047	3	69330.8	372.97	33.7845
0.05352	0	55863	0	69469.5	374.909	33.6927
0.05376	0	58695	4	69608.1	376.841	33.6007
0.054	0	62472	1	69746.8	378.765	33.5085
0.05424	0	65554	2	69845.4	380.129	33.4429
0.05448	0	69303	4	69944	381.489	33.3773
0.05472	0	73421	4	70042.6	382.844	33.3115
0.05496	0	75970	2	70119.7	383.903	33.26
0.0552	0	80896	3	70168.3	384.567	33.2275
0.05544	0	84637	6	70216.9	385.231	33.195
0.05568	0	88976	4	70265.5	385.894	33.1625
0.05592	0	92578	4	70258.2	385.795	33.1674
0.05616	0	96615	3	70241.6	385.569	33.1785
0.0564	0	101507	2	70225	385.342	33.1896
0.05664	0	105052	4	70189	384.85	33.2137
0.05688	0	110401	4	70104.2	383.689	33.2704
0.05712	0	115073	3	70019.4	382.526	33.327
0.05736	0	118765	5	69934.6	381.36	33.3835
0.0576	0	122404	1	69796.1	379.448	33.4757
0.05784	0	126748	0	69636.2	377.231	33.582
0.05808	0	132393	4	69476.2	375.003	33.6882
0.05832	0	134526	4	69308	372.65	33.7996
0.05856	0	138883	1	69089.9	369.51	33.9806
0.0588	0	143577	5	68871.8	366.281	34.214
0.05904	0	146907	2	68653.7	363.068	34.4528
0.05928	0	149950	0	68403.7	359.406	34.7329
0.05952	0	152521	7	68129.9	355.42	35.048
0.05976	0	155570	3	67856.1	351.46	35.3718
0.06	0	158538	2	67582.2	347.526	35.7046
0.06024	0	161595	8	67272.8	343.288	36.0564
0.06048	0	164518	3	66963.5	339.235	36.3805
0.06072	0	167606	4	66654.1	335.242	36.6997
0.06096	0	169185	3	66337.7	331.219	37.0208
0.0612	0	170865	3	66011.9	327.141	37.3457
0.06144	0	173779	3	65686.2	323.13	37.6626
0.06168	0	176172	2	65360.4	319.185	37.961
0.06192	0	176680	1	65030	315.145	38.2718
0.06216	0	176155	2	64698.7	311.061	38.5916
0.0624	0	178524	2	64367.4	306.945	38.9197
0.06264	0	178618	5	64040.8	302.858	39.2517
0.06288	0	179836	5	63725.8	298.672	39.6332
0.06312	0	180605	2	63410.8	294.409	40.035
0.06336	0	181994	2	63095.8	290.125	40.444
0.0636	0	181188	2	62783.9	285.862	40.8566
0.06384	0	181899	7	62473.1	281.6	41.275
0.06408	0	184010	4	62162.3	277.351	41.6792
0.06432	0	183959	3	61854.1	273.227	42.0283
0.06456	0	181706	2	61561.7	269.342	42.3676
0.0648	0	183703	2	61269.3	265.484	42.7149
0.06504	0	183780	13	60976.9	261.653	43.0703
0.06528	0	182811	8	60691.9	257.947	43.4247
0.06552	0	181806	7	60412.5	254.379	43.8144
0.06576	0	182620	4	60133	250.886	44.2738
0.066	0	180791	6	59853.6	247.389	44.7384
0.06624	0	179899	4	59604.1	244.262	45.1576
0.06648	0	181755	7	59354.6	241.133	45.581
0.06672	0	178140	88	59105.1	238.004	46.0086
0.06696	0	177975	186	58878	235.155	46.4015
0.0672	0	175673	523	58680.7	232.602	46.6992
0.06744	0	176949	973	58483.4	229.973	46.9505
0.06768	0	174121	2099	58286.1	227.356	47.2061
0.06792	0	172036	2665	58131.2	225.308	47.4099
0.06816	0	172486	3348	57983.2	223.36	47.607
0.0684	0	172936	4028	57835.3	221.419	47.8066
0.06864	0	173352	5587	57708.3	219.759	47.98
0.06888	0	170757	8378	57633.5	218.784	48.0829
0.06912	0	172408	11134	57558.8	217.81	48.1865
0.06936	0	172107	14302	57484	216.839	48.2907
0.0696	0	172283	15830	57461.5	216.547	48.3222
0.06984	0	171935	19357	57460	216.527	48.3244
0.07008	0	175567	21734	57458.4	216.506	48.3266
0.07032	0	177676	25468	57469.4	216.65	48.3111
0.07056	0	177889	32089	57556.3	217.778	48.1899
0.0708	0	179288	33344	57643.2	218.91	48.0696
0.07104	0	182617	37751	57730.1	220.043	47.9501
0.07128	0	182016	44579	57864.3	221.8	47.7673
0.07152	0	186028	47171	58034.1	224.029	47.5389
0.07176	0	188803	48819	58203.9	226.268	47.3139
0.072	0	190600	57296	58373.7	228.516	47.0921
0.07224	0	194271	61210	58614.6	231.721	46.7829
0.07248	0	197905	64837	58855.6	234.874	46.4405
0.07272	1	203238	69755	59096.5	237.896	46.0234
0.07296	0	207299	76043	59364.3	241.255	45.5644
0.0732	0	212484	80847	59667.9	245.062	45.05
0.07344	1	219946	84802	59971.5	248.865	44.5417
0.07368	0	224070	90154	60275.2	252.663	44.0395
0.07392	1	228990	99319	60628.7	257.129	43.5044
0.07416	3	235874	102647	60990.5	261.831	43.0536
0.0744	8	243167	109737	61352.4	266.577	42.6154
0.07464	9	251099	116549	61731.7	271.597	42.1694
0.07488	16	258362	123159	62154.7	277.249	41.6877
0.07512	16	267976	130696	62577.7	283.035	41.1334
0.07536	31	277002	137166	63000.6	288.826	40.5692
0.0756	47	286836	143070	63426.2	294.618	40.0152
0.07584	69	296168	150325	63852.8	300.384	39.4733
0.07608	94	309128	155252	64279.5	305.847	39.0083
0.07632	118	322886	163756	64694.6	311.011	38.5955
0.07656	191	337212	172070	65041	315.281	38.2613
0.0768	272	350825	177476	65387.4	319.513	37.936
0.07704	372	368483	185532	65733.8	323.708	37.6182
0.07728	514	387351	198206	65922.5	326.032	37.4338
0.07752	701	406600	205437	65992.9	326.904	37.3645
0.07776	949	431600	211509	66063.2	327.779	37.2949
0.078	1289	454434	222211	66133.6	328.657	37.225
0.07824	1739	483031	240857	65624.8	322.389	37.7183
0.07848	2291	515404	245848	65115.9	316.2	38.1902
0.07872	2971	549011	257208	64607.1	309.926	38.6814
0.07896	3975	588513	274265	63692.2	298.218	39.6758
0.0792	4924	622978	284517	62235.8	278.339	41.5972
0.07944	6107	660502	289755	60779.5	259.083	43.315
0.07968	7715	706339	301015	59323.1	240.738	45.6347
0.07992	9254	754238	320535	57036.3	211.064	48.9312
0.08016	10781	782845	323319	54611.2	183.076	54.1537
0.0804	12719	809174	330705	52186	155.701	58.8352
0.08064	14406	834943	349339	49687.6	128.385	65.7205
0.08088	15687	856158	366944	47006.2	106.419	79.133
0.08112	16814	851370	365630	44324.8	81.7142	94.0077
0.08136	17893	848869	381771	41643.4	57.1648	98.4236
0.0816	18737	858202	422861	39467.3	43.3199	115.671
0.08184	19870	850957	437485	37493.3	33.986	141.169
0.08208	20230	853196	464282	35519.2	22.6648	161.832
0.08232	20380	863206	522180	33724.3	14.5055	180.5
0.08256	20158	876377	587964	33004	12.4131	194.475
0.0828	19912	873240	589502	32283.7	10.6448	210.355
0.08304	19310	882472	631416	31563.4	8.97672	227.686
0.08328	18633	900900	710472	31480.4	8.7908	229.816
0.08352	18158	905585	735810	31875.3	9.68793	219.936
0.08376	17621	909355	736206	32270.2	10.6128	210.662
0.084	17491	929696	789336	32665.2	11.5565	201.951
0.08424	16799	956458	889169	33663.2	14.313	181.57
0.08448	16399	951486	819842	34661.3	18.0186	167.498
0.08472	16829	964127	833900	35659.4	23.5062	160.95
0.08496	17159	982822	917549	36684.2	29.6836	151.877
0.0852	17246	988836	939557	37744.8	35.2465	137.675
0.08544	17614	990277	864740	38805.3	40.2087	123.502
0.08568	17770	1.0107e+06	895926	39865.8	45.2943	111.352
0.08592	18116	1.04041e+06	1.04218e+06	40594	49.5247	104.796
0.08616	19072	1.02779e+06	878816	41266.8	54.058	100.129
0.0864	19632	1.03305e+06	853147	41939.5	59.8842	97.5078
0.08664	20498	1.06782e+06	956044	42469.6	64.9874	96.2536
0.08688	21049	1.08558e+06	1.01704e+06	42642.9	66.7222	95.9481
0.08712	22270	1.07419e+06	838614	42816.2	68.49	95.6934
0.08736	22836	1.08684e+06	884030	42989.6	70.291	95.4891
0.0876	23596	1.11299e+06	1.07653e+06	42882.5	69.1745	95.6094
0.08784	24619	1.10139e+06	925300	42663.3	66.9281	95.9156
0.08808	25507	1.1045e+06	852080	42444	64.7345	96.3029
0.08832	26335	1.13321e+06	970524	42168	62.0462	96.9075
0.08856	27276	1.16605e+06	1.12307e+06	41550.7	56.332	98.743
0.0888	28098	1.16839e+06	882165	40933.4	51.7308	102.286
0.08904	27885	1.20306e+06	918271	40316.2	47.8337	107.101
0.08928	28867	1.25878e+06	1.14174e+06	39591.7	43.9054	114.28
0.08952	28799	1.26243e+06	1.0794e+06	38786.7	40.1218	123.733
0.08976	29327	1.26807e+06	943894	37981.8	36.3847	134.331
0.09	29293	1.2959e+06	1.07467e+06	37176.8	32.3403	145.463
0.09024	29241	1.34908e+06	1.3499e+06	36807.1	30.3542	150.311
0.09048	29210	1.31402e+06	1.04435e+06	36437.3	28.3253	154.95
0.09072	28735	1.31894e+06	1.08561e+06	36067.6	26.0959	158.45
0.09096	28238	1.35558e+06	1.33366e+06	36024.3	25.8111	158.71
0.0912	27630	1.35099e+06	1.34079e+06	36416.2	28.2086	155.208
0.09144	27641	1.3334e+06	1.16077e+06	36808.1	30.36	150.298
0.09168	27350	1.3381e+06	1.25437e+06	37200.1	32.4631	145.151
0.09192	27079	1.38197e+06	1.49539e+06	37866.4	35.8382	135.962
0.09216	26961	1.3543e+06	1.27229e+06	38578.4	39.1481	126.36
0.0924	26830	1.35473e+06	1.21223e+06	39290.4	42.4874	117.692
0.09264	27415	1.37984e+06	1.34124e+06	39925.6	45.6175	110.75
0.09288	27586	1.40749e+06	1.4899e+06	40368.4	48.1443	106.649
0.09312	27870	1.38967e+06	1.20837e+06	40811.3	50.9187	103.151
0.09336	28445	1.40264e+06	1.23925e+06	41254.2	53.9671	100.206
0.0936	29081	1.44832e+06	1.52431e+06	41422.9	55.207	99.2194
0.09384	29388	1.43568e+06	1.32703e+06	41482.1	55.7215	98.9896
0.09408	30256	1.44068e+06	1.20449e+06	41541.2	56.247	98.7767
0.09432	30613	1.46511e+06	1.34852e+06	41586.1	56.6491	98.6191
0.09456	31148	1.51116e+06	1.63139e+06	41546	56.2903	98.7595
0.0948	31565	1.48782e+06	1.25978e+06	41505.9	55.9333	98.9028
0.09504	32137	1.49885e+06	1.29502e+06	41465.8	55.5779	99.0491
0.09528	33086	1.5458e+06	1.62052e+06	41485.7	55.7539	98.9762
0.09552	33139	1.54624e+06	1.52131e+06	41550.6	56.3309	98.7434
0.09576	33707	1.54698e+06	1.31976e+06	41615.4	56.9123	98.5184
0.096	34112	1.56975e+06	1.48013e+06	41680.3	57.4981	98.301
0.09624	34768	1.63683e+06	1.75734e+06	41787.1	58.473	97.9594
0.09648	35891	1.60745e+06	1.45543e+06	41894	59.46	97.6384
0.09672	35573	1.62588e+06	1.42883e+06	42000.9	60.4592	97.3376
0.09696	36566	1.6753e+06	1.67856e+06	42105.1	61.446	97.0635
0.0972	37022	1.69204e+06	1.70992e+06	42205.9	62.4112	96.8165
0.09744	37395	1.69079e+06	1.50952e+06	42306.8	63.3874	96.5871
0.09768	38172	1.71373e+06	1.59791e+06	42407.6	64.3745	96.3753
0.09792	38828	1.78306e+06	1.89718e+06	42504.5	65.334	96.188
0.09816	39250	1.75726e+06	1.62161e+06	42600.7	66.2971	96.0178
0.0984	40288	1.77552e+06	1.584e+06	42697	67.2703	95.8632
0.09864	40580	1.82683e+06	1.75024e+06	42827.9	68.6098	95.6782
0.09888	41254	1.85782e+06	1.98996e+06	43045.3	70.8767	95.434
0.09912	42190	1.84484e+06	1.62666e+06	43262.7	72.9537	95.2873
0.09936	42924	1.88553e+06	1.73277e+06	43480	74.7566	95.1407
0.0996	43828	1.96451e+06	2.17063e+06	43769.3	77.1503	94.853
0.09984	44299	1.95469e+06	1.89352e+06	44087.2	79.7694	94.416
0.10008	45531	1.96864e+06	1.7178e+06	44405.1	82.3681	93.8541
0.10032	46541	2.02976e+06	1.99595e+06	44710.3	84.8366	93.1994
0.10056	46873	2.11104e+06	2.2292e+06	44939.2	86.7679	92.5539
0.1008	48314	2.0832e+06	1.91e+06	45168	89.1527	91.4498
0.10104	49867	2.11566e+06	1.951e+06	45396.8	91.5338	90.2476
0.10128	51253	2.21065e+06	2.23655e+06	45494.8	92.5518	89.7036
0.10152	52381	2.21807e+06	2.21955e+06	45494.8	92.5511	89.704
0.10176	54083	2.22516e+06	1.9885e+06	45494.7	92.5503	89.7044
0.102	55768	2.299e+06	2.12111e+06	45494.6	92.5496	89.7048
0.10224	56488	2.42663e+06	2.7726e+06	44895.7	86.32	92.7478
0.10248	57245	2.37978e+06	2.0591e+06	44296.7	81.4846	94.0597
0.10272	58568	2.43973e+06	2.02999e+06	43697.7	76.5591	94.934
0.10296	59212	2.56418e+06	2.47927e+06	43054.4	70.9726	95.4255
0.1032	60402	2.5887e+06	2.49632e+06	42351.8	63.8267	96.4904
0.10344	61148	2.57732e+06	2.23526e+06	41649.2	57.2165	98.4043
0.10368	60931	2.6178e+06	2.50192e+06	40946.6	51.8195	102.195
0.10392	60791	2.74866e+06	2.9769e+06	40603.5	49.5841	104.722
0.10416	60711	2.72212e+06	2.57118e+06	40320.2	47.8577	107.066
0.1044	60442	2.76089e+06	2.40648e+06	40037	46.2314	109.658
0.10464	59721	2.87221e+06	2.8161e+06	39721.7	44.5311	112.856
0.10488	59309	2.95013e+06	3.29634e+06	39326.2	42.6558	117.28
0.10512	59224	2.91707e+06	2.58384e+06	38930.7	40.7967	121.962
0.10536	58471	2.97356e+06	2.72002e+06	38535.2	38.9466	126.914
0.1056	58050	3.09891e+06	3.09064e+06	38340.7	38.0418	129.455
0.10584	57653	3.04723e+06	2.86907e+06	38226.5	37.5129	130.978
0.10608	56961	3.04387e+06	2.73726e+06	38112.4	36.9856	132.527
0.10632	56374	3.12283e+06	3.0386e+06	38072.3	36.801	133.077
0.10656	55600	3.23916e+06	3.93961e+06	38476.9	38.675	127.668
0.1068	55399	3.17033e+06	2.92788e+06	38881.5	40.5658	122.563
0.10704	54684	3.18661e+06	3.00509e+06	39286.1	42.467	117.743
0.10728	54481	3.29384e+06	3.42087e+06	39607.9	43.9816	114.101
0.10752	54409	3.24336e+06	3.26452e+06	39867.5	45.3034	111.335
0.10776	55101	3.18908e+06	2.82896e+06	40127.2	46.7385	108.805
0.108	54910	3.22464e+06	3.05738e+06	40386.8	48.2543	106.493
0.10824	55064	3.39017e+06	4.04045e+06	40166.6	46.9633	108.44
0.10848	54869	3.25804e+06	2.98075e+06	39946.3	45.7309	110.543
0.10872	55587	3.26906e+06	2.98803e+06	39726.1	44.5541	112.809
0.10896	55799	3.35068e+06	3.25548e+06	39444.4	43.212	115.931
0.1092	55374	3.32702e+06	3.50068e+06	39080.6	41.5006	120.156
0.10944	55551	3.23853e+06	2.89885e+06	38716.9	39.7948	124.605
0.10968	55753	3.26118e+06	3.21224e+06	38353.1	38.0995	129.29
0.10992	55163	3.39495e+06	3.71444e+06	38129.4	37.0643	132.294
0.11016	54648	3.25805e+06	3.13215e+06	37929.1	36.1382	135.074
0.1104	54046	3.23338e+06	2.93184e+06	37728.7	35.1675	137.899
0.11064	53802	3.30131e+06	3.14696e+06	37512.5	34.0841	140.904
0.11088	52684	3.32473e+06	3.92738e+06	37256.6	32.7607	144.392
0.11112	52223	3.183e+06	2.96684e+06	37000.7	31.4013	147.796
0.11136	51201	3.16203e+06	3.00975e+06	36744.8	30.0148	151.108
0.1116	50738	3.26482e+06	3.33228e+06	36537	28.8746	153.723
0.11184	49660	3.12802e+06	3.10149e+06	36348.3	27.8331	156.033
0.11208	48374	3.03349e+06	2.76444e+06	36159.7	26.7092	157.899
0.11232	47305	3.04478e+06	3.01965e+06	35956.5	25.3702	159.12
0.11256	45921	3.10456e+06	3.74376e+06	35666.3	23.5481	160.907
0.1128	44120	2.93164e+06	2.78655e+06	35376.1	21.8299	162.746
0.11304	43031	2.91336e+06	2.75366e+06	35085.8	20.212	164.636
0.11328	41234	2.97578e+06	3.02933e+06	34691.1	18.1659	167.294
0.11352	39663	2.85961e+06	2.91607e+06	34217.9	16.1751	172.556
0.11376	37917	2.73118e+06	2.58533e+06	33744.8	14.5705	180.146
0.114	36312	2.72383e+06	2.68824e+06	33271.6	13.1467	188.928
0.11424	34587	2.81607e+06	3.21005e+06	33050.6	12.5374	193.477
0.11448	32813	2.62609e+06	2.61252e+06	32829.6	11.9605	198.333
0.11472	30781	2.56544e+06	2.49623e+06	32608.6	11.4206	203.165
0.11496	29246	2.59936e+06	2.81511e+06	32462.7	11.0708	206.35
0.1152	26982	2.54696e+06	2.88655e+06	32416.7	10.9611	207.368
0.11544	25337	2.43614e+06	2.42983e+06	32370.7	10.8516	208.393
0.11568	23872	2.44667e+06	2.47804e+06	32324.8	10.7423	209.426
0.11592	22543	2.5335e+06	2.93423e+06	32282.2	10.6411	210.39
0.11616	21096	2.38295e+06	2.49658e+06	32240.1	10.5415	211.348
0.1164	19810	2.34549e+06	2.26334e+06	32198.1	10.4421	212.313
0.11664	18376	2.40885e+06	2.58865e+06	32260.2	10.5891	210.89
0.11688	17126	2.37696e+06	2.88432e+06	32582.8	11.3587	203.722
0.11712	16149	2.15806e+06	2.29831e+06	32905.5	12.1549	196.631
0.11736	15107	2.07878e+06	2.28592e+06	33228.1	13.0241	189.801
0.1176	14419	2.10419e+06	2.76676e+06	33410.2	13.5464	186.225
0.11784	13379	1.91253e+06	2.26529e+06	33536.1	13.9217	183.865
0.11808	12827	1.82803e+06	1.93834e+06	33662	14.3091	181.593
0.11832	12276	1.90013e+06	2.11642e+06	33984.5	15.3595	176.159
0.11856	12010	2.0445e+06	2.62845e+06	35487	22.4749	162.037
0.1188	12426	2.22181e+06	2.14363e+06	36989.5	31.3413	147.943
0.11904	12056	2.48804e+06	2.45232e+06	38492	38.7455	127.472
0.11928	12372	2.71258e+06	3.1091e+06	45750.8	95.2011	88.2046
0.11952	12203	2.79676e+06	3.25637e+06	57326.7	214.801	48.5122
0.11976	0	2.69631e+06	1.91446e+06	68902.6	366.736	34.1808
