0	0	0	0	56648.6	206.383	49.7187
0.00024	0	0	0	56653.8	206.445	49.7079
0.00048	0	0	0	56659	206.508	49.6971
0.00072	0	0	0	56664.2	206.57	49.6863
0.00096	0	0	0	56669.5	206.633	49.6754
0.0012	0	0	0	56675	206.698	49.6641
0.00144	0	0	0	56680.4	206.763	49.6529
0.00168	0	0	0	56685.8	206.829	49.6417
0.00192	0	0	0	56691.4	206.896	49.6301
0.00216	0	0	0	56697.1	206.964	49.6185
0.0024	0	0	0	56702.7	207.031	49.6068
0.00264	0	0	0	56708.5	207.1	49.595
0.00288	0	0	0	56714.4	207.171	49.5829
0.00312	0	0	0	56720.2	207.241	49.5708
0.00336	0	0	0	56726.1	207.312	49.5587
0.0036	0	0	0	56732.2	207.385	49.5462
0.00384	0	0	0	56738.3	207.459	49.5336
0.00408	0	0	0	56744.5	207.533	49.521
0.00432	0	0	0	56750.7	207.607	49.5083
0.00456	0	0	0	56757.1	207.684	49.4952
0.0048	0	0	0	56763.5	207.761	49.4821
0.00504	0	0	0	56769.9	207.838	49.4689
0.00528	0	0	0	56776.4	207.917	49.4555
0.00552	0	0	0	56783.1	207.998	49.4418
0.00576	0	0	0	56789.8	208.078	49.4282
0.006	0	0	0	56796.5	208.159	49.4145
0.00624	0	0	0	56803.5	208.243	49.4003
0.00648	0	0	0	56810.5	208.327	49.3861
0.00672	0	0	0	56817.5	208.411	49.3718
0.00696	0	0	0	56824.6	208.497	49.3573
0.0072	0	0	0	56831.9	208.585	49.3425
0.00744	0	0	0	56839.2	208.673	49.3277
0.00768	0	0	0	56846.5	208.761	49.3128
0.00792	0	0	0	56854	208.853	49.2974
0.00816	0	0	0	56861.7	208.945	49.282
0.0084	0	0	0	56869.3	209.038	49.2665
0.00864	0	0	0	56877	209.131	49.2509
0.00888	0	0	0	56885	209.228	49.2347
0.00912	0	0	0	56893	209.324	49.2186
0.00936	0	0	0	56901	209.421	49.2024
0.0096	0	0	0	56909.3	209.521	49.1858
0.00984	0	1	0	56917.6	209.622	49.1689
0.01008	0	0	0	56926	209.724	49.1521
0.01032	0	0	0	56934.4	209.826	49.1351
0.01056	0	0	0	56943.2	209.932	49.1175
0.0108	0	0	0	56951.9	210.038	49.0999
0.01104	0	1	0	56960.7	210.145	49.0824
0.01128	0	0	0	56969.7	210.254	49.0643
0.01152	0	2	0	56978.9	210.365	49.0459
0.01176	0	0	0	56988.1	210.477	49.0275
0.012	0	0	0	56997.3	210.589	49.0092
0.01224	0	0	0	57006.9	210.706	48.9899
0.01248	0	0	0	57016.5	210.823	48.9707
0.01272	0	3	0	57026.2	210.941	48.9515
0.01296	0	0	2	57036	211.061	48.9318
0.0132	0	0	0	57046.2	211.188	48.9146
0.01344	0	0	0	57056.3	211.318	48.8999
0.01368	0	1	1	57066.4	211.448	48.8852
0.01392	0	1	0	57077	211.583	48.8699
0.01416	0	0	0	57087.6	211.72	48.8545
0.0144	0	0	0	57098.3	211.857	48.8391
0.01464	0	0	0	57109.1	211.996	48.8235
0.01488	0	3	0	57120.3	212.14	48.8074
0.01512	0	2	0	57131.5	212.284	48.7912
0.01536	0	1	0	57142.7	212.428	48.7751
0.0156	0	0	1	57154.3	212.577	48.7584
0.01584	0	0	0	57166.1	212.729	48.7414
0.01608	0	1	0	57177.9	212.881	48.7245
0.01632	0	1	1	57189.7	213.034	48.7075
0.01656	0	5	1	57202.2	213.194	48.6897
0.0168	0	1	0	57214.6	213.354	48.6719
0.01704	0	3	0	57227	213.514	48.6541
0.01728	0	0	1	57239.8	213.679	48.6358
0.01752	0	0	1	57252.9	213.848	48.6171
0.01776	0	5	2	57266	214.017	48.5985
0.018	0	4	1	57279.1	214.186	48.5798
0.01824	0	3	0	57292.9	214.365	48.5602
0.01848	0	4	0	57306.8	214.543	48.5405
0.01872	0	1	3	57320.6	214.722	48.5209
0.01896	0	8	1	57334.8	214.905	48.5008
0.0192	0	4	2	57349.4	215.094	48.4801
0.01944	0	3	1	57364	215.283	48.4594
0.01968	0	2	2	57378.6	215.473	48.4388
0.01992	0	4	3	57394	215.671	48.4172
0.02016	0	4	1	57409.4	215.872	48.3954
0.0204	0	3	4	57424.9	216.072	48.3736
0.02064	0	3	0	57440.6	216.276	48.3515
0.02088	0	4	0	57457	216.488	48.3286
0.02112	0	6	0	57473.4	216.701	48.3056
0.02136	0	7	0	57489.7	216.913	48.2827
0.0216	0	7	2	57506.8	217.135	48.2589
0.02184	0	6	0	57524.2	217.361	48.2347
0.02208	0	8	0	57541.5	217.586	48.2105
0.02232	0	9	4	57559	217.814	48.1861
0.02256	0	7	2	57577.5	218.053	48.1605
0.0228	0	6	3	57595.9	218.293	48.135
0.02304	0	7	1	57614.3	218.533	48.1095
0.02328	0	8	1	57633.4	218.782	48.0831
0.02352	0	5	7	57653	219.037	48.0561
0.02376	0	19	2	57672.6	219.292	48.0291
0.024	0	13	3	57692.1	219.548	48.0022
0.02424	0	11	5	57713	219.82	47.9736
0.02448	0	13	3	57733.8	220.092	47.945
0.02472	0	16	4	57754.6	220.364	47.9165
0.02496	0	17	2	57776	220.644	47.8873
0.0252	0	14	4	57798.2	220.934	47.857
0.02544	0	15	6	57820.4	221.225	47.8268
0.02568	0	13	0	57842.6	221.515	47.7967
0.02592	0	17	4	57866	221.822	47.7649
0.02616	0	24	3	57889.7	222.132	47.7329
0.0264	0	24	4	57913.3	222.442	47.701
0.02664	0	25	3	57937.4	222.759	47.6685
0.02688	0	27	4	57962.7	223.09	47.6346
0.02712	0	35	4	57987.9	223.422	47.6007
0.02736	0	30	5	58013.2	223.754	47.5669
0.0276	0	26	5	58039.7	224.103	47.5315
0.02784	0	33	4	58066.7	224.459	47.4955
0.02808	0	36	4	58093.7	224.815	47.4595
0.02832	0	27	8	58121	225.175	47.4233
0.02856	0	37	9	58150	225.556	47.385
0.0288	0	44	5	58178.9	225.938	47.3468
0.02904	0	52	9	58207.8	226.321	47.3087
0.02928	0	51	3	58238	226.719	47.2691
0.02952	0	42	6	58269	227.129	47.2285
0.02976	0	54	9	58300	227.539	47.188
0.03	0	69	5	58331	227.95	47.1476
0.03024	0	77	8	58364.3	228.391	47.1043
0.03048	0	65	9	58397.6	228.833	47.0612
0.03072	0	74	9	58430.9	229.275	47.0182
0.03096	0	80	12	58465.3	229.732	46.9738
0.0312	0	75	11	58501.1	230.208	46.9278
0.03144	0	71	5	58536.9	230.685	46.8819
0.03168	0	102	7	58572.8	231.163	46.8361
0.03192	0	88	7	58611	231.672	46.7876
0.03216	0	99	8	58649.5	232.186	46.7386
0.0324	0	119	11	58688.1	232.701	46.6899
0.03264	0	131	8	58727.5	233.228	46.6402
0.03288	0	139	7	58769	233.783	46.5881
0.03312	0	145	7	58810.6	234.31	46.5188
0.03336	0	160	6	58852.1	234.831	46.4465
0.0336	0	154	11	58895.9	235.38	46.3703
0.03384	0	193	9	58940.7	235.942	46.2926
0.03408	0	207	11	58985.5	236.503	46.2151
0.03432	0	250	7	59030.8	237.072	46.1367
0.03456	0	227	6	59079.2	237.679	46.0532
0.0348	0	229	10	59127.6	238.286	45.9698
0.03504	0	233	7	59176	238.893	45.8866
0.03528	0	279	6	59226.7	239.529	45.7996
0.03552	0	282	12	59279.1	240.187	45.7099
0.03576	0	335	4	59331.5	240.844	45.6203
0.036	0	349	10	59383.9	241.501	45.531
0.03624	0	355	7	59440.6	242.212	45.4345
0.03648	0	401	6	59497.4	242.924	45.3382
0.03672	0	445	10	59554.1	243.635	45.2422
0.03696	0	469	6	59612.8	244.371	45.1429
0.0372	0	485	11	59674.2	245.141	45.0394
0.03744	0	519	1	59735.6	245.911	44.9361
0.03768	0	586	4	59797.1	246.68	44.833
0.03792	0	614	5	59862.9	247.504	44.7229
0.03816	0	656	1	59929.4	248.337	44.612
0.0384	0	759	2	59995.9	249.17	44.5013
0.03864	0	770	8	60063.9	250.022	44.3882
0.03888	0	801	4	60135.9	250.922	44.2691
0.03912	0	924	5	60207.9	251.823	44.1502
0.03936	0	1115	3	60279.9	252.723	44.0317
0.0396	0	999	7	60356.2	253.676	43.9065
0.03984	0	1139	2	60434.3	254.651	43.7787
0.04008	0	1156	13	60512.3	255.626	43.6522
0.04032	0	1438	13	60591.4	256.646	43.5517
0.04056	0	1322	3	60676.2	257.744	43.4445
0.0408	0	1439	4	60761.1	258.844	43.338
0.04104	0	1604	8	60846	259.947	43.2322
0.04128	0	1683	8	60934.9	261.105	43.1221
0.04152	0	1915	5	61026.8	262.305	43.009
0.04176	0	1918	8	61118.8	263.508	42.8968
0.042	0	2100	8	61210.7	264.714	42.7854
0.04224	0	2332	5	61310.2	266.021	42.6659
0.04248	0	2548	10	61409.6	267.331	42.5473
0.04272	0	2575	11	61509	268.644	42.4296
0.04296	0	2937	12	61611.8	270.005	42.3089
0.0432	0	3063	9	61719.2	271.43	42.1839
0.04344	0	3211	8	61826.5	272.859	42.06
0.04368	0	3578	5	61933.9	274.291	41.9371
0.04392	0	3945	7	62048.4	275.823	41.8072
0.04416	0	4016	5	62164.1	277.375	41.6772
0.0444	0	4338	5	62279.8	278.942	41.5391
0.04464	0	4811	5	62398	280.568	41.3772
0.04488	0	4856	10	62522.4	282.277	41.2081
0.04512	0	5403	5	62646.8	283.984	41.0402
0.04536	0	6017	2	62771.2	285.689	40.8735
0.0456	0	6148	6	62901.6	287.473	40.7
0.04584	0	6692	4	63034.4	289.286	40.5247
0.04608	0	7341	6	63167.2	291.096	40.3508
0.04632	0	7734	6	63301.1	292.919	40.1766
0.04656	0	8222	7	63442.2	294.835	39.9946
0.0468	0	8766	6	63583.3	296.746	39.8141
0.04704	0	9729	2	63724.3	298.652	39.6351
0.04728	0	10273	4	63869.2	300.604	39.4528
0.04752	0	10993	5	64016.8	302.556	39.2764
0.04776	0	11907	2	64164.4	304.408	39.125
0.048	0	12528	4	64312.1	306.255	38.9753
0.04824	0	13714	1	64465.5	308.167	38.8216
0.04848	0	14630	6	64619	310.074	38.6697
0.04872	0	15864	4	64772.4	311.973	38.5197
0.04896	0	16831	4	64927.7	313.889	38.3696
0.0492	0	17698	0	65085.6	315.828	38.2189
0.04944	0	18864	5	65243.4	317.759	38.0702
0.04968	0	20213	5	65401.2	319.681	37.9232
0.04992	0	22027	2	65559.8	321.604	37.7775
0.05016	0	23404	4	65718.5	323.521	37.6331
0.0504	0	24646	8	65877.2	325.472	37.4783
0.05064	0	26778	8	66035	327.428	37.3229
0.05088	0	28279	4	66190.6	329.37	37.1682
0.05112	0	30159	3	66346.2	331.327	37.0122
0.05136	0	32355	3	66501.8	333.299	36.8549
0.0516	0	34354	2	66650.4	335.195	36.7034
0.05184	0	36456	4	66796.2	337.069	36.5537
0.05208	0	39191	3	66941.9	338.955	36.4029
0.05232	0	41219	2	67085.5	340.827	36.2532
0.05256	0	44021	5	67216.1	342.539	36.1162
0.0528	0	46541	4	67346.6	344.263	35.9784
0.05304	0	49216	2	67477.1	346.024	35.8347
0.05328	0	53047	3	67592.2	347.669	35.6923
0.05352	0	55863	0	67695.7	349.153	35.5656
0.05376	0	58695	4	67799.2	350.64	35.4402
0.054	0	62472	1	67902.7	352.132	35.3161
0.05424	0	65554	2	67973.9	353.16	35.2314
0.05448	0	69303	4	68045.1	354.191	35.1473
0.05472	0	73421	4	68116.3	355.223	35.0638
0.05496	0	75970	2	68170.6	356.011	35.0006
0.0552	0	80896	3	68202.4	356.472	34.9638
0.05544	0	84637	6	68234.1	356.933	34.9271
0.05568	0	88976	4	68265.8	357.395	34.8905
0.05592	0	92578	4	68254.6	357.232	34.9035
0.05616	0	96615	3	68236.2	356.964	34.9247
0.0564	0	101507	2	68217.8	356.697	34.9459
0.05664	0	105052	4	68184.5	356.212	34.9845
0.05688	0	110401	4	68113.9	355.187	35.0667
0.05712	0	115073	3	68043.3	354.164	35.1495
0.05736	0	118765	5	67972.7	353.142	35.2329
0.0576	0	122404	1	67861.5	351.538	35.3654
0.05784	0	126748	0	67734	349.704	35.519
0.05808	0	132393	4	67606.6	347.876	35.6746
0.05832	0	134526	4	67472.8	345.962	35.8401
0.05856	0	138883	1	67300.7	343.655	36.027
0.0588	0	143577	5	67128.6	341.39	36.2082
0.05904	0	146907	2	66956.4	339.143	36.3878
0.05928	0	149950	0	66760	336.603	36.5909
0.05952	0	152521	7	66545.5	333.855	36.8105
0.05976	0	155570	3	66330.9	331.134	37.0276
0.06	0	158538	2	66116.4	328.441	37.2422
0.06024	0	161595	8	65874	325.433	37.4814
0.06048	0	164518	3	65631.7	322.473	37.712
0.06072	0	167606	4	65389.4	319.537	37.9342
0.06096	0	169185	3	65141.2	316.509	38.1663
0.0612	0	170865	3	64885.2	313.365	38.4105
0.06144	0	173779	3	64629.2	310.2	38.6597
0.06168	0	176172	2	64373.2	307.017	38.9139
0.06192	0	176680	1	64112.7	303.76	39.1779
0.06216	0	176155	2	63851.4	300.366	39.475
0.0624	0	178524	2	63590.2	296.84	39.8053
0.06264	0	178618	5	63332	293.34	40.1366
0.06288	0	179836	5	63081.6	289.931	40.4627
0.06312	0	180605	2	62831.2	286.51	40.7935
0.06336	0	181994	2	62580.8	283.078	41.1292
0.0636	0	181188	2	62332.9	279.672	41.4663
0.06384	0	181899	7	62086	276.327	41.7648
0.06408	0	184010	4	61839.1	273.027	42.0455
0.06432	0	183959	3	61594.3	269.773	42.3294
0.06456	0	181706	2	61361.7	266.699	42.6043
0.0648	0	183703	2	61129.1	263.643	42.8843
0.06504	0	183780	13	60896.5	260.604	43.1696
0.06528	0	182811	8	60670.4	257.669	43.4518
0.06552	0	181806	7	60449.3	254.838	43.7543
0.06576	0	182620	4	60228.2	252.076	44.1169
0.066	0	180791	6	60007	249.31	44.4827
0.06624	0	179899	4	59809.8	246.84	44.8117
0.06648	0	181755	7	59612.5	244.368	45.1433
0.06672	0	178140	88	59415.3	241.895	45.4776
0.06696	0	177975	186	59235.1	239.635	45.7852
0.0672	0	175673	523	59077.6	237.659	46.0559
0.06744	0	176949	973	58920.2	235.684	46.3282
0.06768	0	174121	2099	58762.7	233.699	46.596
0.06792	0	172036	2665	58637.9	232.031	46.7534
0.06816	0	172486	3348	58518.5	230.441	46.9054
0.0684	0	172936	4028	58399.2	228.855	47.0591
0.06864	0	173352	5587	58295.4	227.479	47.194
0.06888	0	170757	8378	58230.6	226.621	47.2789
0.06912	0	172408	11134	58165.7	225.764	47.3643
0.06936	0	172107	14302	58100.8	224.908	47.4501
0.0696	0	172283	15830	58074.7	224.563	47.4849
0.06984	0	171935	19357	58063.9	224.422	47.4992
0.07008	0	175567	21734	58053.2	224.281	47.5134
0.07032	0	177676	25468	58051.6	224.26	47.5155
0.07056	0	177889	32089	58104.8	224.961	47.4448
0.0708	0	179288	33344	58158	225.662	47.3745
0.07104	0	182617	37751	58211.1	226.364	47.3044
0.07128	0	182016	44579	58298	227.512	47.1906
0.07152	0	186028	47171	58410	228.998	47.0451
0.07176	0	188803	48819	58522.1	230.488	46.9009
0.072	0	190600	57296	58634.2	231.981	46.7581
0.07224	0	194271	61210	58795.5	234.121	46.545
0.07248	0	197905	64837	58956.9	236.145	46.2646
0.07272	0	203238	69755	59118.2	238.169	45.9859
0.07296	0	207299	76043	59297.5	240.417	45.6785
0.0732	0	212484	80847	59500.6	242.964	45.3327
0.07344	0	219946	84802	59703.7	245.51	44.9898
0.07368	0	224070	90154	59906.8	248.055	44.6496
0.07392	0	228990	99319	60141.5	250.993	44.2598
0.07416	0	235874	102647	60381.6	253.993	43.8649
0.0744	0	243168	109737	60621.6	257.037	43.5134
0.07464	0	251101	116551	60872.4	260.291	43.1994
0.07488	0	258363	123159	61150	263.917	42.859
0.07512	0	267982	130696	61427.5	267.568	42.526
0.07536	0	277006	137168	61705.1	271.243	42.2002
0.0756	0	286846	143071	61980.5	274.914	41.8841
0.07584	0	296204	150326	62255	278.6	41.5732
0.07608	0	309175	155254	62529.4	282.374	41.1986
0.07632	0	322974	163757	62794.9	286.014	40.8418
0.07656	0	337300	172074	63006.5	288.906	40.5614
0.0768	0	350955	177476	63218.1	291.79	40.2843
0.07704	0	368675	185533	63429.7	294.665	40.0107
0.07728	0	387692	198206	63524.1	295.945	39.8897
0.07752	0	407076	205437	63530.6	296.033	39.8814
0.07776	0	432289	211510	63537.1	296.12	39.8731
0.078	0	455465	222212	63543.5	296.208	39.8648
0.07824	0	484397	240860	63118.9	290.439	40.4138
0.07848	0	517212	245848	62694.2	284.634	40.9765
0.07872	0	551571	257211	62269.6	278.801	41.5531
0.07896	0	591892	274265	61541.9	269.079	42.3909
0.0792	0	627176	284517	60410.1	254.348	43.8183
0.07944	0	665499	289755	59278.2	240.176	45.7114
0.07968	0	712185	301016	58146.4	225.509	47.3897
0.07992	0	761242	320536	56396.9	203.387	50.2475
0.08016	0	789812	323319	54544.3	182.332	54.2911
0.0804	0	815546	330707	52691.8	161.439	57.8326
0.08064	0	840846	349341	50787.6	140.675	62.7084
0.08088	0	860579	366951	48754.2	118.136	68.1642
0.08112	0	853703	365657	46720.8	104.701	81.496
0.08136	0	848947	382926	44687.4	84.6524	93.2524
0.0816	0	858219	426466	43047.1	70.8957	95.4323
0.08184	0	850965	444399	41563.9	56.4502	98.6965
0.08208	0	853201	475262	40080.8	46.4763	109.241
0.08232	0	863207	536650	38733.7	39.8737	124.394
0.08256	0	876378	605360	38203.4	37.4059	131.29
0.0828	0	873240	608820	37673	34.8917	138.678
0.08304	0	882473	652319	37142.7	32.1593	145.919
0.08328	0	900901	732965	37081	31.8309	146.738
0.08352	0	905585	757816	37370.7	33.3558	142.846
0.08376	0	909355	757068	37660.5	34.8295	138.853
0.084	0	929697	808583	37950.3	36.2389	134.773
0.08424	0	956459	907340	38650.1	39.4826	125.447
0.08448	0	951490	835548	39349.9	42.7671	117.008
0.08472	0	964128	848585	40049.7	46.3019	109.537
0.08496	0	982825	931373	40751.9	50.531	103.588
0.0852	0	988842	951568	41457.3	55.5024	99.0807
0.08544	0	990282	875168	42162.7	61.996	96.9202
0.08568	0	1.01071e+06	904551	42868.1	69.0257	95.627
0.08592	0	1.04042e+06	1.04909e+06	43308.3	73.3324	95.2615
0.08616	0	1.02782e+06	885363	43704.3	76.6131	94.9268
0.0864	0	1.03309e+06	858807	44100.2	79.8763	94.3954
0.08664	0	1.06785e+06	960600	44388.8	82.2352	93.886
0.08688	0	1.08564e+06	1.02102e+06	44408.9	82.3986	93.8468
0.08712	0	1.07423e+06	842970	44429	82.5618	93.8071
0.08736	0	1.08689e+06	887988	44449	82.725	93.7669
0.0876	0	1.11301e+06	1.08083e+06	44267.8	81.2488	94.112
0.08784	0	1.10144e+06	930097	44006.1	79.1029	94.5394
0.08808	0	1.10455e+06	857708	43744.3	76.9445	94.882
0.08832	0	1.13323e+06	977037	43447.1	74.4839	95.1667
0.08856	0	1.16608e+06	1.1306e+06	42937.1	69.7427	95.5456
0.0888	0	1.16841e+06	891568	42427.1	64.5675	96.3361
0.08904	0	1.20308e+06	929629	41917.1	59.6754	97.5715
0.08928	0	1.25879e+06	1.15584e+06	41374.2	54.8442	99.4968
0.08952	0	1.26244e+06	1.09663e+06	40806.5	50.8871	103.186
0.08976	0	1.26808e+06	964282	40238.8	47.3801	107.785
0.09	0	1.2959e+06	1.09904e+06	39671.1	44.2792	113.404
0.09024	0	1.34908e+06	1.37789e+06	39483.8	43.3975	115.486
0.09048	0	1.31402e+06	1.07383e+06	39296.5	42.5158	117.623
0.09072	0	1.31894e+06	1.11637e+06	39109.1	41.6346	119.817
0.09096	0	1.35558e+06	1.36538e+06	39158.7	41.8678	119.231
0.0912	0	1.35099e+06	1.37216e+06	39524.2	43.5878	115.032
0.09144	0	1.3334e+06	1.19027e+06	39889.7	45.423	111.11
0.09168	0	1.3381e+06	1.28284e+06	40255.2	47.4756	107.638
0.09192	0	1.38197e+06	1.52132e+06	40775.1	50.6822	103.416
0.09216	0	1.35431e+06	1.29533e+06	41320.8	54.4514	99.8074
0.0924	0	1.35474e+06	1.23204e+06	41866.5	59.2049	97.719
0.09264	0	1.37985e+06	1.3588e+06	42341.5	63.7268	96.512
0.09288	0	1.40752e+06	1.50484e+06	42640	66.6925	95.9529
0.09312	0	1.38969e+06	1.22211e+06	42938.4	69.7558	95.5442
0.09336	0	1.40267e+06	1.25155e+06	43236.8	72.7394	95.3008
0.0936	0	1.44834e+06	1.53575e+06	43321.2	73.4397	95.2537
0.09384	0	1.43571e+06	1.33841e+06	43320	73.4298	95.2544
0.09408	0	1.4407e+06	1.21628e+06	43318.8	73.4199	95.2552
0.09432	0	1.46518e+06	1.35982e+06	43307.5	73.3261	95.262
0.09456	0	1.51121e+06	1.6434e+06	43235.6	72.7295	95.3014
0.0948	0	1.48785e+06	1.2724e+06	43163.7	72.1328	95.3342
0.09504	0	1.49888e+06	1.30796e+06	43091.8	71.3687	95.392
0.09528	0	1.54582e+06	1.63447e+06	43064.5	71.0803	95.4162
0.09552	0	1.54627e+06	1.53564e+06	43070.8	71.1464	95.4105
0.09576	0	1.547e+06	1.3345e+06	43077.1	71.2126	95.4049
0.096	0	1.56978e+06	1.49398e+06	43083.3	71.2788	95.3994
0.09624	0	1.63686e+06	1.77189e+06	43118.4	71.6507	95.3696
0.09648	0	1.60749e+06	1.46979e+06	43153.4	72.0239	95.3418
0.09672	0	1.62592e+06	1.44318e+06	43188.5	72.3381	95.3237
0.09696	0	1.67534e+06	1.69336e+06	43218.7	72.5891	95.3097
0.0972	0	1.69208e+06	1.72427e+06	43242.5	72.7868	95.2979
0.09744	0	1.69082e+06	1.52331e+06	43266.4	72.9846	95.2853
0.09768	0	1.71376e+06	1.61247e+06	43290.2	73.1823	95.2721
0.09792	0	1.78311e+06	1.91157e+06	43299.2	73.2569	95.2669
0.09816	0	1.75732e+06	1.63597e+06	43305.7	73.311	95.263
0.0984	0	1.77556e+06	1.59864e+06	43312.3	73.3651	95.2591
0.09864	0	1.82686e+06	1.76523e+06	43334.4	73.5486	95.2456
0.09888	0	1.85786e+06	2.00411e+06	43395.5	74.0553	95.2049
0.09912	0	1.8449e+06	1.64069e+06	43456.5	74.5618	95.1594
0.09936	0	1.8856e+06	1.74559e+06	43517.6	75.0681	95.1093
0.0996	0	1.96457e+06	2.18336e+06	43588.8	75.6579	95.0448
0.09984	0	1.9548e+06	1.90498e+06	43664.1	76.2808	94.9698
0.10008	0	1.96872e+06	1.7281e+06	43739.3	76.9031	94.8877
0.10032	0	2.02985e+06	2.00561e+06	43795.7	77.3688	94.8215
0.10056	0	2.11114e+06	2.23822e+06	43738.9	76.8991	94.8882
0.1008	0	2.08334e+06	1.91861e+06	43682	76.4289	94.9509
0.10104	0	2.11573e+06	1.95942e+06	43625.1	75.9584	95.0095
0.10128	0	2.21122e+06	2.2444e+06	43446.6	74.4792	95.1672
0.10152	0	2.21832e+06	2.22745e+06	43176.7	72.2409	95.3287
0.10176	0	2.22553e+06	1.99785e+06	42906.9	69.4281	95.5803
0.102	0	2.29924e+06	2.1315e+06	42637.1	66.6634	95.9576
0.10224	0	2.42684e+06	2.78512e+06	41990.5	60.3615	97.366
0.10248	0	2.3798e+06	2.07743e+06	41343.8	54.6203	99.6725
0.10272	0	2.43974e+06	2.05594e+06	40697.2	50.1788	103.998
0.10296	0	2.5642e+06	2.51196e+06	40083.8	46.4934	109.212
0.1032	0	2.5887e+06	2.53702e+06	39514.7	43.543	115.138
0.10344	0	2.57733e+06	2.2844e+06	38945.6	40.8665	121.781
0.10368	0	2.61781e+06	2.56023e+06	38376.5	38.208	128.982
0.10392	0	2.74867e+06	3.04465e+06	38195.3	37.3685	131.399
0.10416	0	2.72212e+06	2.64302e+06	38078.8	36.8308	132.988
0.1044	0	2.7609e+06	2.48029e+06	37962.2	36.2951	134.603
0.10464	0	2.87222e+06	2.89337e+06	37851.3	35.7655	136.175
0.10488	0	2.95013e+06	3.375e+06	37754.3	35.2931	137.541
0.10512	0	2.91708e+06	2.66497e+06	37657.2	34.8131	138.898
0.10536	0	2.97356e+06	2.80325e+06	37560.2	34.3259	140.246
0.1056	0	3.09891e+06	3.17605e+06	37607.2	34.5629	139.594
0.10584	0	3.04724e+06	2.9542e+06	37711.9	35.0843	138.135
0.10608	0	3.04387e+06	2.82056e+06	37816.5	35.5971	136.666
0.10632	0	3.12284e+06	3.12073e+06	37959	36.28	134.649
0.10656	0	3.23917e+06	4.02057e+06	38328.3	37.9845	129.618
0.1068	0	3.17033e+06	3.001e+06	38697.6	39.7049	124.847
0.10704	0	3.18662e+06	3.07165e+06	39067	41.4365	120.319
0.10728	0	3.29384e+06	3.48156e+06	39302.2	42.5426	117.557
0.10752	1	3.24337e+06	3.32138e+06	39436.7	43.176	116.017
0.10776	0	3.18908e+06	2.88335e+06	39571.3	43.8096	114.506
0.108	0	3.22466e+06	3.10913e+06	39705.9	44.4487	113.025
0.10824	0	3.39018e+06	4.08866e+06	39454.5	43.2599	115.815
0.10848	0	3.25804e+06	3.03249e+06	39203.2	42.077	118.708
0.10872	0	3.26907e+06	3.04256e+06	38951.8	40.8959	121.705
0.10896	0	3.35068e+06	3.31312e+06	38681.4	39.6289	125.052
0.1092	0	3.32703e+06	3.56234e+06	38385.4	38.2495	128.864
0.10944	0	3.23854e+06	2.96467e+06	38089.4	36.88	132.841
0.10968	0	3.26119e+06	3.28221e+06	37793.5	35.485	136.99
0.10992	0	3.39495e+06	3.78844e+06	37663	34.8417	138.818
0.11016	0	3.25806e+06	3.20818e+06	37560	34.325	140.248
0.1104	0	3.23338e+06	3.0078e+06	37457.1	33.8008	141.666
0.11064	0	3.30131e+06	3.22407e+06	37354.9	33.2739	143.061
0.11088	0	3.32473e+06	4.00481e+06	37254.9	32.7516	144.415
0.11112	0	3.18301e+06	3.04472e+06	37154.8	32.2237	145.757
0.11136	0	3.16203e+06	3.08822e+06	37054.7	31.6909	147.085
0.1116	0	3.26483e+06	3.41001e+06	36992.2	31.3557	147.908
0.11184	0	3.12802e+06	3.17948e+06	36944.7	31.0999	148.529
0.11208	0	3.0335e+06	2.84121e+06	36897.2	30.8433	149.148
0.11232	0	3.04478e+06	3.09569e+06	36839.1	30.5282	149.899
0.11256	0	3.10457e+06	3.81847e+06	36717.3	29.8642	151.459
0.1128	0	2.93164e+06	2.86019e+06	36595.4	29.1963	152.995
0.11304	1	2.91336e+06	2.82779e+06	36473.6	28.5253	154.506
0.11328	0	2.97579e+06	3.10174e+06	36281.2	27.4617	156.84
0.11352	0	2.85961e+06	2.9879e+06	36035.8	25.8868	158.641
0.11376	0	2.73118e+06	2.65708e+06	35790.5	24.315	160.136
0.114	0	2.72384e+06	2.76073e+06	35545.1	22.8186	161.668
0.11424	0	2.81607e+06	3.28289e+06	35455	22.2872	162.24
0.11448	0	2.62609e+06	2.68362e+06	35364.9	21.7656	162.817
0.11472	0	2.56545e+06	2.56494e+06	35274.7	21.2537	163.4
0.11496	1	2.59936e+06	2.88185e+06	35199.9	20.8359	163.887
0.1152	0	2.54696e+06	2.95039e+06	35145.4	20.5359	164.244
0.11544	0	2.43614e+06	2.49082e+06	35090.9	20.2394	164.603
0.11568	0	2.44667e+06	2.53622e+06	35036.4	19.9463	164.963
0.11592	0	2.5335e+06	2.9891e+06	34834	18.8863	166.32
0.11616	1	2.38295e+06	2.5484e+06	34606.8	17.7514	167.874
0.1164	0	2.34549e+06	2.31257e+06	34379.7	16.7695	170.214
0.11664	0	2.40885e+06	2.63546e+06	34142.1	15.9049	173.697
0.11688	1	2.37696e+06	2.92836e+06	33878.5	15.0048	177.885
0.11712	0	2.15806e+06	2.33922e+06	33614.9	14.1629	182.431
0.11736	1	2.07878e+06	2.32366e+06	33351.3	13.3751	187.359
0.1176	0	2.10419e+06	2.80154e+06	32774.1	11.8204	199.603
0.11784	0	1.91253e+06	2.29816e+06	32071.3	10.144	215.26
0.11808	0	1.82803e+06	1.96984e+06	31368.6	8.54294	232.728
0.11832	1	1.90014e+06	2.14653e+06	30897.5	7.48365	245.546
0.11856	1	2.0445e+06	2.65699e+06	31816.2	9.55167	221.376
0.1188	0	2.22181e+06	2.16841e+06	32734.9	11.7244	200.468
0.11904	0	2.48804e+06	2.47267e+06	33653.6	14.283	181.741
0.11928	0	2.71259e+06	3.12422e+06	40655.1	49.9105	104.32
0.11952	0	2.79955e+06	3.25693e+06	52218.7	156.07	58.7683
0.11976	0	2.72637e+06	1.91448e+06	63782.3	299.434	39.562
