0	0	0	0	56656.7	206.48	49.7019
0.00024	0	0	0	56662	206.543	49.6909
0.00048	0	0	0	56667.3	206.607	49.68
0.00072	0	0	0	56672.6	206.67	49.6691
0.00096	0	0	0	56678	206.734	49.6579
0.0012	0	0	0	56683.5	206.8	49.6466
0.00144	0	0	0	56689	206.866	49.6352
0.00168	0	0	0	56694.5	206.932	49.6238
0.00192	0	0	0	56700.2	207.001	49.6121
0.00216	0	0	0	56705.9	207.07	49.6003
0.0024	0	0	0	56711.7	207.138	49.5885
0.00264	0	0	0	56717.5	207.208	49.5765
0.00288	0	0	0	56723.4	207.28	49.5642
0.00312	0	0	0	56729.4	207.351	49.5519
0.00336	0	0	0	56735.4	207.423	49.5397
0.0036	0	0	0	56741.5	207.497	49.527
0.00384	0	0	0	56747.8	207.572	49.5142
0.00408	0	0	0	56754	207.647	49.5015
0.00432	0	0	0	56760.3	207.722	49.4886
0.00456	0	0	0	56766.8	207.801	49.4753
0.0048	0	0	0	56773.3	207.879	49.462
0.00504	0	0	0	56779.8	207.957	49.4487
0.00528	0	0	0	56786.4	208.037	49.4351
0.00552	0	0	0	56793.2	208.119	49.4212
0.00576	0	0	0	56800	208.201	49.4074
0.006	0	0	0	56806.8	208.283	49.3936
0.00624	0	0	0	56813.9	208.368	49.3791
0.00648	0	0	0	56821	208.454	49.3647
0.00672	0	0	0	56828.1	208.539	49.3503
0.00696	0	0	0	56835.3	208.626	49.3356
0.0072	0	0	0	56842.7	208.716	49.3205
0.00744	0	0	0	56850.1	208.805	49.3055
0.00768	0	0	0	56857.5	208.895	49.2904
0.00792	0	0	0	56865.2	208.988	49.2748
0.00816	0	0	0	56873	209.082	49.2591
0.0084	0	0	0	56880.7	209.175	49.2435
0.00864	0	0	0	56888.6	209.27	49.2276
0.00888	0	0	0	56896.7	209.368	49.2112
0.00912	0	0	0	56904.8	209.467	49.1948
0.00936	0	0	0	56912.9	209.565	49.1785
0.0096	0	0	0	56921.3	209.666	49.1616
0.00984	0	1	0	56929.8	209.769	49.1445
0.01008	0	0	0	56938.3	209.872	49.1274
0.01032	0	0	0	56946.8	209.976	49.1102
0.01056	0	0	0	56955.7	210.084	49.0923
0.0108	0	0	0	56964.6	210.192	49.0745
0.01104	0	1	0	56973.5	210.3	49.0567
0.01128	0	0	0	56982.7	210.411	49.0383
0.01152	0	2	0	56992	210.525	49.0197
0.01176	0	0	0	57001.3	210.638	49.001
0.012	0	0	0	57010.7	210.752	48.9824
0.01224	0	0	0	57020.5	210.871	48.9629
0.01248	0	0	0	57030.3	210.99	48.9433
0.01272	0	3	0	57040.1	211.11	48.9238
0.01296	0	0	2	57050.1	211.238	48.9089
0.0132	0	0	0	57060.4	211.37	48.894
0.01344	0	0	0	57070.7	211.502	48.8791
0.01368	0	1	1	57081	211.634	48.8642
0.01392	0	1	0	57091.7	211.772	48.8486
0.01416	0	0	0	57102.5	211.911	48.833
0.0144	0	0	0	57113.3	212.05	48.8174
0.01464	0	0	0	57124.3	212.192	48.8015
0.01488	0	3	0	57135.7	212.338	48.7851
0.01512	0	2	0	57147.1	212.485	48.7687
0.01536	0	1	0	57158.5	212.631	48.7524
0.0156	0	0	1	57170.3	212.783	48.7354
0.01584	0	0	0	57182.3	212.938	48.7182
0.01608	0	1	0	57194.3	213.092	48.701
0.01632	0	1	1	57206.3	213.248	48.6837
0.01656	0	5	1	57219	213.41	48.6656
0.0168	0	1	0	57231.6	213.573	48.6475
0.01704	0	3	0	57244.3	213.736	48.6295
0.01728	0	0	1	57257.3	213.905	48.6109
0.01752	0	0	1	57270.6	214.077	48.5919
0.01776	0	5	2	57283.9	214.249	48.5729
0.018	0	4	1	57297.3	214.421	48.554
0.01824	0	3	0	57311.3	214.603	48.534
0.01848	0	4	0	57325.4	214.785	48.514
0.01872	0	1	3	57339.5	214.967	48.4941
0.01896	0	8	1	57353.9	215.153	48.4737
0.0192	0	4	2	57368.8	215.346	48.4527
0.01944	0	3	1	57383.7	215.538	48.4316
0.01968	0	2	2	57398.6	215.731	48.4107
0.01992	0	4	3	57414.2	215.934	48.3887
0.02016	0	4	1	57430	216.138	48.3665
0.0204	0	3	4	57445.7	216.342	48.3444
0.02064	0	3	0	57461.7	216.55	48.3219
0.02088	0	4	0	57478.4	216.766	48.2986
0.02112	0	6	0	57495.1	216.983	48.2752
0.02136	0	7	0	57511.8	217.199	48.2519
0.0216	0	7	2	57529.2	217.426	48.2277
0.02184	0	6	0	57546.9	217.655	48.2031
0.02208	0	8	0	57564.5	217.885	48.1785
0.02232	0	9	4	57582.4	218.118	48.1537
0.02256	0	7	2	57601.2	218.362	48.1277
0.0228	0	6	3	57620	218.607	48.1017
0.02304	0	7	1	57638.7	218.852	48.0757
0.02328	0	8	1	57658.2	219.105	48.0489
0.02352	0	5	7	57678.2	219.366	48.0214
0.02376	0	19	2	57698.2	219.626	47.9939
0.024	0	13	3	57718.1	219.887	47.9665
0.02424	0	11	5	57739.4	220.165	47.9374
0.02448	0	13	3	57760.6	220.443	47.9083
0.02472	0	16	4	57781.9	220.72	47.8793
0.02496	0	17	2	57803.7	221.006	47.8495
0.0252	0	14	4	57826.4	221.303	47.8187
0.02544	0	15	6	57849	221.599	47.788
0.02568	0	13	0	57871.7	221.896	47.7573
0.02592	0	17	4	57895.6	222.21	47.7249
0.02616	0	24	3	57919.8	222.527	47.6923
0.0264	0	24	4	57943.9	222.844	47.6598
0.02664	0	25	3	57968.6	223.167	47.6267
0.02688	0	27	4	57994.4	223.507	47.5921
0.02712	0	35	4	58020.2	223.846	47.5576
0.02736	0	30	5	58046	224.185	47.5231
0.0276	0	26	5	58073.1	224.542	47.487
0.02784	0	33	4	58100.7	224.906	47.4503
0.02808	0	36	4	58128.3	225.271	47.4137
0.02832	0	27	8	58156.2	225.639	47.3768
0.02856	0	37	9	58185.8	226.03	47.3377
0.0288	0	44	5	58215.4	226.421	47.2987
0.02904	0	52	9	58245	226.812	47.2599
0.02928	0	51	3	58275.9	227.22	47.2195
0.02952	0	42	6	58307.6	227.64	47.1781
0.02976	0	54	9	58339.3	228.06	47.1367
0.03	0	69	5	58371.1	228.481	47.0955
0.03024	0	77	8	58405.2	228.934	47.0513
0.03048	0	65	9	58439.3	229.387	47.0073
0.03072	0	74	9	58473.4	229.84	46.9634
0.03096	0	80	12	58508.7	230.309	46.9181
0.0312	0	75	11	58545.4	230.798	46.8711
0.03144	0	71	5	58582.1	231.288	46.8242
0.03168	0	102	7	58618.9	231.778	46.7775
0.03192	0	88	7	58658.1	232.3	46.7278
0.03216	0	99	8	58697.7	232.829	46.6778
0.0324	0	119	11	58737.2	233.358	46.628
0.03264	0	131	8	58777.7	233.897	46.5761
0.03288	0	139	7	58820.3	234.432	46.5018
0.03312	0	145	7	58863	234.967	46.4275
0.03336	0	160	6	58905.6	235.502	46.3534
0.0336	0	154	11	58950.7	236.067	46.2753
0.03384	0	193	9	58996.7	236.644	46.1956
0.03408	0	207	11	59042.7	237.222	46.1161
0.03432	0	250	7	59089.3	237.806	46.0358
0.03456	0	227	6	59139.1	238.431	45.95
0.0348	0	229	10	59189	239.056	45.8644
0.03504	0	233	7	59238.8	239.681	45.7789
0.03528	0	279	6	59291	240.335	45.6896
0.03552	0	282	12	59345	241.013	45.5974
0.03576	0	335	4	59399	241.69	45.5054
0.036	0	349	10	59453	242.367	45.4136
0.03624	0	355	7	59511.5	243.101	45.3143
0.03648	0	401	6	59570	243.834	45.2153
0.03672	0	445	10	59628.5	244.567	45.1165
0.03696	0	469	6	59689.1	245.327	45.0143
0.0372	0	485	11	59752.5	246.122	44.9077
0.03744	0	519	1	59816	246.917	44.8014
0.03768	0	586	4	59879.4	247.712	44.6953
0.03792	0	614	5	59947.5	248.564	44.5818
0.03816	0	656	1	60016.2	249.425	44.4674
0.0384	0	759	2	60085	250.286	44.3533
0.03864	0	770	8	60155.5	251.167	44.2368
0.03888	0	801	4	60230	252.099	44.1138
0.03912	0	924	5	60304.6	253.031	43.9912
0.03936	0	1115	3	60379.2	253.963	43.8689
0.0396	0	999	7	60458.3	254.951	43.7395
0.03984	0	1139	2	60539.3	255.974	43.6178
0.04008	0	1156	13	60620.3	257.02	43.5151
0.04032	0	1438	13	60702.3	258.082	43.4117
0.04056	0	1322	3	60790.5	259.227	43.3012
0.0408	0	1439	4	60878.8	260.374	43.1915
0.04104	0	1604	8	60967	261.524	43.0825
0.04128	0	1683	8	61059.5	262.733	42.969
0.04152	0	1915	5	61155.3	263.987	42.8525
0.04176	0	1918	8	61251.1	265.244	42.7368
0.042	0	2100	8	61346.9	266.504	42.622
0.04224	0	2332	5	61450.7	267.873	42.4985
0.04248	0	2548	10	61554.4	269.245	42.3761
0.04272	0	2575	11	61658.2	270.621	42.2547
0.04296	0	2937	12	61765.7	272.049	42.1301
0.0432	0	3063	9	61878	273.545	42.001
0.04344	0	3211	8	61990.3	275.045	41.873
0.04368	0	3578	5	62102.6	276.55	41.7461
0.04392	0	3945	7	62222.6	278.162	41.6118
0.04416	0	4016	5	62344	279.825	41.451
0.0444	0	4338	5	62465.4	281.493	41.2855
0.04464	0	4811	5	62589.4	283.197	41.1175
0.04488	0	4856	10	62720.2	284.99	40.9417
0.04512	0	5403	5	62851.1	286.781	40.7671
0.04536	0	6017	2	62981.9	288.569	40.5939
0.0456	0	6148	6	63119.3	290.444	40.4134
0.04584	0	6692	4	63259.3	292.35	40.2308
0.04608	0	7341	6	63399.3	294.253	40.0498
0.04632	0	7734	6	63540.6	296.169	39.8685
0.04656	0	8222	7	63689.8	298.186	39.6788
0.0468	0	8766	6	63839	300.198	39.4906
0.04704	0	9729	2	63988.2	302.197	39.3059
0.04728	0	10273	4	64141.7	304.123	39.1483
0.04752	0	10993	5	64298.2	306.082	38.9893
0.04776	0	11907	2	64454.8	308.034	38.8323
0.048	0	12528	4	64611.4	309.98	38.6772
0.04824	0	13714	1	64774.7	312.001	38.5175
0.04848	0	14630	6	64938	314.015	38.3598
0.04872	0	15864	4	65101.2	316.019	38.2041
0.04896	0	16831	4	65266.7	318.043	38.0483
0.0492	0	17698	0	65435.3	320.095	37.8918
0.04944	0	18864	5	65603.8	322.136	37.7374
0.04968	0	20213	5	65772.3	324.181	37.5808
0.04992	0	22027	2	65942.2	326.275	37.4145
0.05016	0	23404	4	66112.2	328.389	37.2463
0.0504	0	24646	8	66282.3	330.521	37.0765
0.05064	0	26778	8	66451.6	332.66	36.9059
0.05088	0	28279	4	66618.9	334.792	36.7356
0.05112	0	30159	3	66786.3	336.941	36.5639
0.05136	0	32355	3	66953.7	339.108	36.3907
0.0516	0	34354	2	67113.9	341.199	36.2235
0.05184	0	36456	4	67271.3	343.268	36.058
0.05208	0	39191	3	67428.8	345.353	35.8913
0.05232	0	41219	2	67583.9	347.55	35.7025
0.05256	0	44021	5	67725.5	349.582	35.5293
0.0528	0	46541	4	67867.2	351.62	35.3585
0.05304	0	49216	2	68008.8	353.665	35.1901
0.05328	0	53047	3	68134.1	355.48	35.0432
0.05352	0	55863	0	68247	357.121	34.9122
0.05376	0	58695	4	68359.9	358.766	34.7828
0.054	0	62472	1	68472.8	360.416	34.6548
0.05424	0	65554	2	68551.4	361.567	34.5665
0.05448	0	69303	4	68630	362.72	34.479
0.05472	0	73421	4	68708.6	363.875	34.3922
0.05496	0	75970	2	68769.1	364.766	34.3258
0.0552	0	80896	3	68805.4	365.301	34.2861
0.05544	0	84637	6	68841.8	365.837	34.2466
0.05568	0	88976	4	68878.1	366.374	34.2072
0.05592	0	92578	4	68868.1	366.226	34.218
0.05616	0	96615	3	68850.4	365.965	34.2372
0.0564	0	101507	2	68832.8	365.705	34.2564
0.05664	0	105052	4	68799	365.206	34.2931
0.05688	0	110401	4	68725	364.116	34.3742
0.05712	0	115073	3	68651	363.028	34.4558
0.05736	0	118765	5	68577	361.942	34.538
0.0576	0	122404	1	68459	360.215	34.6703
0.05784	0	126748	0	68323.6	358.236	34.8243
0.05808	0	132393	4	68188.1	356.264	34.9804
0.05832	0	134526	4	68045.7	354.199	35.1466
0.05856	0	138883	1	67862	351.546	35.3647
0.0588	0	143577	5	67678.4	348.904	35.5867
0.05904	0	146907	2	67494.7	346.275	35.8128
0.05928	0	149950	0	67284.9	343.447	36.0437
0.05952	0	152521	7	67055.4	340.433	36.2847
0.05976	0	155570	3	66826	337.453	36.523
0.06	0	158538	2	66596.5	334.505	36.7585
0.06024	0	161595	8	66337.3	331.214	37.0212
0.06048	0	164518	3	66078	327.963	37.2802
0.06072	0	167606	4	65818.8	324.753	37.5354
0.06096	0	169185	3	65553.4	321.527	37.7833
0.0612	0	170865	3	65279.9	318.203	38.0361
0.06144	0	173779	3	65006.3	314.855	38.2944
0.06168	0	176172	2	64732.7	311.482	38.5584
0.06192	0	176680	1	64454.6	308.031	38.8326
0.06216	0	176155	2	64175.7	304.549	39.1135
0.0624	0	178524	2	63896.8	300.976	39.4181
0.06264	0	178618	5	63621.5	297.262	39.7655
0.06288	0	179836	5	63354.8	293.649	40.1071
0.06312	0	180605	2	63088.2	290.02	40.4541
0.06336	0	181994	2	62821.6	286.378	40.8063
0.0636	0	181188	2	62557.7	282.761	41.1604
0.06384	0	181899	7	62294.9	279.15	41.5183
0.06408	0	184010	4	62032.1	275.605	41.8256
0.06432	0	183959	3	61771.6	272.127	42.1233
0.06456	0	181706	2	61524.3	268.846	42.4116
0.0648	0	183703	2	61277	265.584	42.7057
0.06504	0	183780	13	61029.7	262.342	43.0056
0.06528	0	182811	8	60789.3	259.21	43.3028
0.06552	0	181806	7	60554.1	256.164	43.5991
0.06576	0	182620	4	60318.8	253.209	43.9678
0.066	0	180791	6	60083.6	250.268	44.3556
0.06624	0	179899	4	59874.1	247.645	44.7042
0.06648	0	181755	7	59664.6	245.02	45.0556
0.06672	0	178140	88	59455	242.393	45.4101
0.06696	0	177975	186	59264	239.997	45.7358
0.0672	0	175673	523	59097.6	237.91	46.0214
0.06744	0	176949	973	58931.3	235.823	46.309
0.06768	0	174121	2099	58764.9	233.728	46.5933
0.06792	0	172036	2665	58633.9	231.978	46.7584
0.06816	0	172486	3348	58508.8	230.311	46.9179
0.0684	0	172936	4028	58383.7	228.649	47.0792
0.06864	0	173352	5587	58275.6	227.216	47.2199
0.06888	0	170757	8378	58210	226.349	47.3059
0.06912	0	172408	11134	58144.4	225.482	47.3924
0.06936	0	172107	14302	58078.7	224.617	47.4795
0.0696	0	172283	15830	58055.5	224.31	47.5105
0.06984	0	171935	19357	58049.1	224.227	47.5189
0.07008	0	175567	21734	58042.7	224.143	47.5274
0.07032	0	177676	25468	58046.4	224.192	47.5225
0.07056	0	177889	32089	58110.4	225.035	47.4374
0.0708	0	179288	33344	58174.4	225.879	47.3528
0.07104	0	182617	37751	58238.4	226.724	47.2686
0.07128	0	182016	44579	58339.7	228.065	47.1363
0.07152	0	186028	47171	58469	229.781	46.9691
0.07176	0	188803	48819	58598.2	231.502	46.8037
0.072	0	190600	57296	58727.5	233.228	46.6402
0.07224	0	194271	61210	58911.9	235.581	46.3426
0.07248	0	197905	64837	59096.3	237.894	46.0237
0.07272	0	203238	69755	59280.8	240.207	45.7071
0.07296	0	207299	76043	59485.5	242.775	45.3583
0.0732	0	212484	80847	59717.5	245.683	44.9666
0.07344	0	219946	84802	59949.4	248.588	44.5786
0.07368	0	224070	90154	60181.3	251.49	44.1941
0.07392	0	228990	99319	60450.1	254.848	43.7529
0.07416	0	235874	102647	60725	258.377	43.3831
0.0744	0	243168	109737	61000	261.954	43.042
0.07464	0	251101	116551	61287.6	265.724	42.6929
0.07488	0	258363	123159	61607	269.942	42.3145
0.07512	0	267982	130696	61926.5	274.192	41.9456
0.07536	0	277006	137168	62245.9	278.475	41.5857
0.0756	0	286846	143071	62565.4	282.867	41.1499
0.07584	0	296204	150326	62884.9	287.245	40.7221
0.07608	0	309175	155254	63204.5	291.605	40.3021
0.07632	0	322974	163757	63514.6	295.817	39.9018
0.07656	0	337300	172074	63768.3	299.245	39.5796
0.0768	0	350955	177476	64022	302.622	39.271
0.07704	0	368675	185533	64275.7	305.8	39.0121
0.07728	0	387692	198206	64401.4	307.369	38.8856
0.07752	0	407076	205437	64431.2	307.741	38.8558
0.07776	0	432289	211510	64461.1	308.112	38.8261
0.078	0	455465	222212	64490.9	308.483	38.7964
0.07824	0	484397	240860	64045.1	302.911	39.2473
0.07848	0	517212	245848	63599.3	296.963	39.7937
0.07872	0	551571	257211	63153.5	290.91	40.3686
0.07896	0	591892	274265	62371.9	280.209	41.4129
0.0792	0	627176	284517	61142.5	263.819	42.868
0.07944	0	665499	289755	59913.2	248.135	44.6389
0.07968	0	712185	301016	58683.8	232.644	46.6952
0.07992	0	761242	320536	56768.7	207.824	49.4713
0.08016	0	789812	323319	54739.4	184.502	53.8895
0.0804	0	815546	330707	52710	161.646	57.7978
0.08064	0	840846	349341	50623.1	138.935	63.2262
0.08088	0	860579	366951	48392.4	114.547	69.3602
0.08112	0	853703	365657	46161.7	99.4173	85.5737
0.08136	0	848947	382926	43931	78.485	94.6464
0.0816	0	858219	426466	42136.2	61.742	96.9855
0.08184	0	850965	444399	40515.7	49.0379	105.422
0.08208	0	853201	475262	38895.1	40.6298	122.396
0.08232	0	863207	536650	37425.6	33.639	142.098
0.08256	0	876378	605360	36861.6	30.6506	149.608
0.0828	0	873240	608820	36297.7	27.5533	156.641
0.08304	0	882473	652319	35733.8	23.9627	160.487
0.08328	0	900901	732965	35688.9	23.6865	160.766
0.08352	0	905585	757816	36033.3	25.8701	158.656
0.08376	0	909355	757068	36377.7	27.9955	155.677
0.084	0	929697	808583	36722	29.8904	151.398
0.08424	0	956459	907340	37518.4	34.1143	140.822
0.08448	0	951490	835548	38314.8	37.922	129.797
0.08472	0	964128	848585	39111.2	41.6446	119.792
0.08496	0	982825	931373	39908.8	45.5262	110.918
0.0852	0	988842	951568	40707.8	50.2468	103.918
0.08544	0	990282	875168	41506.8	55.9414	98.8995
0.08568	0	1.01071e+06	904551	42305.9	63.3789	96.589
0.08592	0	1.04042e+06	1.04909e+06	42807.3	68.3985	95.7053
0.08616	0	1.02782e+06	885363	43259.2	72.9252	95.2892
0.0864	0	1.03309e+06	858807	43711.1	76.6696	94.9194
0.08664	0	1.06785e+06	960600	44042.9	79.4052	94.4845
0.08688	0	1.08564e+06	1.02102e+06	44074.4	79.6641	94.4361
0.08712	0	1.07423e+06	842970	44105.9	79.9228	94.3864
0.08736	0	1.08689e+06	887988	44137.4	80.1813	94.3355
0.0876	0	1.11301e+06	1.08083e+06	43943.8	78.5899	94.6287
0.08784	0	1.10144e+06	930097	43660.1	76.2475	94.974
0.08808	0	1.10455e+06	857708	43376.4	73.8969	95.2181
0.08832	0	1.13323e+06	977037	43053	70.9584	95.4268
0.08856	0	1.16608e+06	1.1306e+06	42491.7	65.2071	96.2117
0.0888	0	1.16841e+06	891568	41930.5	59.7995	97.5335
0.08904	0	1.20308e+06	929629	41369.2	54.8072	99.5256
0.08928	0	1.25879e+06	1.15584e+06	40770.5	50.652	103.45
0.08952	0	1.26244e+06	1.09663e+06	40143.7	46.8329	108.651
0.08976	0	1.26808e+06	964282	39517	43.5539	115.112
0.09	0	1.2959e+06	1.09904e+06	38890.2	40.6069	122.456
0.09024	0	1.34908e+06	1.37789e+06	38685.3	39.6473	125.002
0.09048	0	1.31402e+06	1.07383e+06	38480.4	38.6912	127.623
0.09072	0	1.31894e+06	1.11637e+06	38275.5	37.7395	130.322
0.09096	0	1.35558e+06	1.36538e+06	38333.6	38.0089	129.548
0.0912	0	1.35099e+06	1.37216e+06	38742.4	39.9142	124.285
0.09144	0	1.3334e+06	1.19027e+06	39151.2	41.8325	119.319
0.09168	0	1.3381e+06	1.28284e+06	39560	43.7564	114.632
0.09192	0	1.38197e+06	1.52132e+06	40139.9	46.8108	108.687
0.09216	0	1.35431e+06	1.29533e+06	40748.2	50.5074	103.615
0.0924	0	1.35474e+06	1.23204e+06	41356.6	54.714	99.5986
0.09264	0	1.37985e+06	1.3588e+06	41886.2	59.3872	97.6612
0.09288	0	1.40752e+06	1.50484e+06	42218.9	62.5363	96.786
0.09312	0	1.38969e+06	1.22211e+06	42551.7	65.8049	96.1026
0.09336	0	1.40267e+06	1.25155e+06	42884.4	69.1946	95.607
0.0936	0	1.44834e+06	1.53575e+06	42979	70.1801	95.5001
0.09384	0	1.43571e+06	1.33841e+06	42978.3	70.1725	95.5009
0.09408	0	1.4407e+06	1.21628e+06	42977.5	70.1649	95.5016
0.09432	0	1.46518e+06	1.35982e+06	42965.6	70.0399	95.5143
0.09456	0	1.51121e+06	1.6434e+06	42886.3	69.2142	95.6048
0.0948	0	1.48785e+06	1.2724e+06	42807.1	68.3955	95.7057
0.09504	0	1.49888e+06	1.30796e+06	42727.8	67.5838	95.8171
0.09528	0	1.54582e+06	1.63447e+06	42698.4	67.2849	95.8611
0.09552	0	1.54627e+06	1.53564e+06	42706.5	67.3672	95.8488
0.09576	0	1.547e+06	1.3345e+06	42714.6	67.4495	95.8367
0.096	0	1.56978e+06	1.49398e+06	42722.7	67.5319	95.8246
0.09624	1	1.63686e+06	1.77189e+06	42763.5	67.9482	95.7657
0.09648	0	1.60749e+06	1.46979e+06	42804.2	68.3664	95.7095
0.09672	0	1.62592e+06	1.44318e+06	42845	68.7864	95.6561
0.09696	0	1.67534e+06	1.69336e+06	42880.8	69.1566	95.6115
0.0972	0	1.69208e+06	1.72427e+06	42909.9	69.459	95.5768
0.09744	0	1.69082e+06	1.52331e+06	42939	69.7623	95.5435
0.09768	0	1.71376e+06	1.61247e+06	42968.2	70.0666	95.5116
0.09792	0	1.78311e+06	1.91157e+06	42981.6	70.2076	95.4973
0.09816	0	1.75732e+06	1.63597e+06	42992.5	70.3214	95.4861
0.0984	0	1.77556e+06	1.59864e+06	43003.3	70.4354	95.475
0.09864	0	1.82686e+06	1.76523e+06	43031.8	70.7351	95.4468
0.09888	0	1.85786e+06	2.00411e+06	43104.5	71.503	95.3812
0.09912	0	1.8449e+06	1.64069e+06	43177.1	72.2436	95.3286
0.09936	0	1.8856e+06	1.74559e+06	43249.7	72.8462	95.2942
0.0996	0	1.96457e+06	2.18336e+06	43334.3	73.5484	95.2456
0.09984	1	1.9548e+06	1.90498e+06	43423.8	74.2902	95.1844
0.10008	0	1.96872e+06	1.7281e+06	43513.2	75.0317	95.113
0.10032	2	2.02985e+06	2.00561e+06	43581.8	75.6	95.0515
0.10056	2	2.11114e+06	2.23822e+06	43525.3	75.1319	95.1026
0.1008	1	2.08334e+06	1.91861e+06	43468.8	74.6636	95.1497
0.10104	4	2.11573e+06	1.95942e+06	43412.3	74.1951	95.1928
0.10128	4	2.21122e+06	2.2444e+06	43220.9	72.6071	95.3086
0.10152	6	2.21832e+06	2.22745e+06	42928.3	69.65	95.5556
0.10176	6	2.22553e+06	1.99785e+06	42635.6	66.6486	95.96
0.102	8	2.29924e+06	2.13149e+06	42343	63.741	96.509
0.10224	5	2.42684e+06	2.78512e+06	41631.7	57.0588	98.4631
0.10248	5	2.3798e+06	2.07743e+06	40920.4	51.6431	102.376
0.10272	9	2.43974e+06	2.05594e+06	40209.1	47.2079	108.053
0.10296	13	2.5642e+06	2.51196e+06	39534.8	43.6375	114.914
0.1032	16	2.5887e+06	2.53702e+06	38909.7	40.6982	122.218
0.10344	12	2.57732e+06	2.2844e+06	38284.7	37.7822	130.199
0.10368	16	2.61781e+06	2.56022e+06	37659.6	34.8251	138.865
0.10392	15	2.74867e+06	3.04465e+06	37465.8	33.8456	141.546
0.10416	26	2.72212e+06	2.64302e+06	37343.8	33.2162	143.212
0.1044	30	2.7609e+06	2.48028e+06	37221.9	32.578	144.859
0.10464	25	2.87222e+06	2.89336e+06	37105.9	31.964	146.407
0.10488	24	2.95013e+06	3.37499e+06	37005.1	31.4247	147.739
0.10512	38	2.91707e+06	2.66495e+06	36904.2	30.8811	149.057
0.10536	19	2.97356e+06	2.80324e+06	36803.3	30.3338	150.36
0.1056	29	3.09891e+06	3.17603e+06	36862.2	30.6538	149.601
0.10584	35	3.04724e+06	2.95418e+06	36985	31.317	148.002
0.10608	40	3.04387e+06	2.82054e+06	37107.8	31.9742	146.382
0.10632	47	3.12284e+06	3.12072e+06	37272.6	32.8446	144.176
0.10656	45	3.23917e+06	4.02055e+06	37689.3	34.9725	138.451
0.1068	44	3.17033e+06	3.00098e+06	38105.9	36.956	132.615
0.10704	51	3.18662e+06	3.07164e+06	38522.6	38.8877	127.077
0.10728	60	3.29384e+06	3.48154e+06	38789.8	40.1362	123.694
0.10752	67	3.24337e+06	3.32135e+06	38945	40.8636	121.789
0.10776	63	3.18908e+06	2.88332e+06	39100.1	41.5924	119.924
0.108	64	3.22466e+06	3.1091e+06	39255.3	42.3221	118.1
0.10824	64	3.39018e+06	4.08864e+06	38981	41.0327	121.352
0.10848	68	3.25804e+06	3.03247e+06	38706.7	39.7473	124.733
0.10872	70	3.26906e+06	3.04253e+06	38432.4	38.468	128.248
0.10896	74	3.35068e+06	3.31309e+06	38136.8	37.0986	132.193
0.1092	72	3.32702e+06	3.5623e+06	37812.9	35.5796	136.716
0.10944	78	3.23853e+06	2.96462e+06	37489	33.9642	141.227
0.10968	92	3.26118e+06	3.28217e+06	37165.1	32.2781	145.62
0.10992	95	3.39495e+06	3.78841e+06	37025.4	31.534	147.471
0.11016	76	3.25806e+06	3.20813e+06	36916.5	30.9477	148.897
0.1104	102	3.23338e+06	3.00775e+06	36807.6	30.357	150.305
0.11064	81	3.30131e+06	3.22401e+06	36699.9	29.769	151.68
0.11088	83	3.32473e+06	4.00477e+06	36595.1	29.1944	152.999
0.11112	83	3.183e+06	3.04466e+06	36490.3	28.6175	154.3
0.11136	101	3.16203e+06	3.08816e+06	36385.5	28.0389	155.582
0.1116	106	3.26482e+06	3.40996e+06	36324	27.6989	156.326
0.11184	102	3.12802e+06	3.17941e+06	36279.9	27.4544	156.855
0.11208	109	3.03349e+06	2.84112e+06	36235.7	27.2098	157.382
0.11232	107	3.04478e+06	3.09561e+06	36180.3	26.8484	157.776
0.11256	112	3.10456e+06	3.81839e+06	36057.8	26.0311	158.509
0.1128	115	2.93164e+06	2.86011e+06	35935.3	25.2332	159.25
0.11304	116	2.91336e+06	2.82769e+06	35812.7	24.4544	159.999
0.11328	103	2.97579e+06	3.10165e+06	35616.5	23.2461	161.219
0.11352	101	2.85961e+06	2.98781e+06	35365	21.7664	162.817
0.11376	93	2.73118e+06	2.65698e+06	35113.5	20.3619	164.454
0.114	101	2.72384e+06	2.76063e+06	34862	19.0304	166.131
0.11424	104	2.81607e+06	3.2828e+06	34799	18.7079	166.557
0.11448	103	2.62609e+06	2.68351e+06	34736	18.3898	166.986
0.11472	101	2.56544e+06	2.56484e+06	34672.9	18.0761	167.418
0.11496	107	2.59936e+06	2.88175e+06	34639.5	17.9115	167.648
0.1152	87	2.54696e+06	2.9503e+06	34645.6	17.9412	167.607
0.11544	113	2.43614e+06	2.49072e+06	34651.6	17.9709	167.565
0.11568	81	2.44667e+06	2.53611e+06	34657.7	18.0007	167.523
0.11592	90	2.5335e+06	2.98899e+06	34544.8	17.4513	168.305
0.11616	76	2.38295e+06	2.54831e+06	34412.1	16.8917	169.759
0.1164	107	2.34549e+06	2.31246e+06	34279.4	16.3981	171.652
0.11664	107	2.40885e+06	2.63535e+06	34160.7	15.9705	173.416
0.11688	81	2.37696e+06	2.92826e+06	34076.9	15.6764	174.702
0.11712	70	2.15806e+06	2.33912e+06	33993.1	15.3886	176.022
0.11736	98	2.07878e+06	2.32354e+06	33909.3	15.1068	177.378
0.1176	65	2.10419e+06	2.80144e+06	33544.3	13.9466	183.714
0.11784	74	1.91253e+06	2.29803e+06	33066.8	12.5809	193.133
0.11808	74	1.82803e+06	1.96973e+06	32589.3	11.3743	203.581
0.11832	73	1.90013e+06	2.14642e+06	32332.8	10.7613	209.245
0.11856	84	2.0445e+06	2.65686e+06	33402	13.5224	186.381
0.1188	68	2.22181e+06	2.1683e+06	34471.2	17.1169	168.943
0.11904	75	2.48804e+06	2.47257e+06	35540.3	22.7899	161.699
0.11928	63	2.71258e+06	3.12413e+06	42622	66.5112	95.9823
0.11952	60	2.79954e+06	3.25689e+06	54213	178.65	54.9665
0.11976	0	2.7263e+06	1.91447e+06	65804.1	324.571	37.5498
