0	0	0	0	56655.6	206.466	49.7043
0.00024	0	0	0	56660.9	206.53	49.6933
0.00048	0	0	0	56666.2	206.593	49.6823
0.00072	0	0	0	56671.5	206.657	49.6714
0.00096	0	0	0	56676.9	206.721	49.6602
0.0012	0	0	0	56682.4	206.788	49.6488
0.00144	0	0	0	56687.9	206.854	49.6374
0.00168	0	0	0	56693.5	206.92	49.626
0.00192	0	0	0	56699.2	206.989	49.6142
0.00216	0	0	0	56704.9	207.058	49.6023
0.0024	0	0	0	56710.7	207.127	49.5904
0.00264	0	0	0	56716.5	207.197	49.5785
0.00288	0	0	0	56722.5	207.269	49.5661
0.00312	0	0	0	56728.5	207.341	49.5538
0.00336	0	0	0	56734.5	207.413	49.5414
0.0036	0	0	0	56740.7	207.487	49.5287
0.00384	0	0	0	56747	207.562	49.5159
0.00408	0	0	0	56753.2	207.638	49.5031
0.00432	0	0	0	56759.5	207.713	49.4902
0.00456	0	0	0	56766	207.792	49.4768
0.0048	0	0	0	56772.6	207.871	49.4634
0.00504	0	0	0	56779.1	207.949	49.4501
0.00528	0	0	0	56785.8	208.03	49.4364
0.00552	0	0	0	56792.6	208.112	49.4224
0.00576	0	0	0	56799.5	208.194	49.4085
0.006	0	0	0	56806.3	208.276	49.3946
0.00624	0	0	0	56813.4	208.362	49.3801
0.00648	0	0	0	56820.5	208.448	49.3656
0.00672	0	0	0	56827.7	208.534	49.3511
0.00696	0	0	0	56834.9	208.622	49.3363
0.0072	0	0	0	56842.4	208.712	49.3211
0.00744	0	0	0	56849.8	208.802	49.306
0.00768	0	0	0	56857.3	208.892	49.2909
0.00792	0	0	0	56865	208.986	49.2752
0.00816	0	0	0	56872.8	209.08	49.2594
0.0084	0	0	0	56880.6	209.174	49.2436
0.00864	0	0	0	56888.5	209.27	49.2276
0.00888	0	0	0	56896.7	209.369	49.2111
0.00912	0	0	0	56904.9	209.468	49.1947
0.00936	0	0	0	56913	209.566	49.1782
0.0096	0	0	0	56921.5	209.669	49.1612
0.00984	0	1	0	56930	209.772	49.144
0.01008	0	0	0	56938.6	209.876	49.1268
0.01032	0	0	0	56947.2	209.981	49.1095
0.01056	0	0	0	56956.1	210.089	49.0915
0.0108	0	0	0	56965.1	210.198	49.0735
0.01104	0	1	0	56974.1	210.307	49.0555
0.01128	0	0	0	56983.3	210.419	49.0371
0.01152	0	2	0	56992.7	210.533	49.0183
0.01176	0	0	0	57002.1	210.648	48.9995
0.012	0	0	0	57011.5	210.762	48.9807
0.01224	0	0	0	57021.4	210.882	48.961
0.01248	0	0	0	57031.3	211.003	48.9413
0.01272	0	3	0	57041.2	211.123	48.9218
0.01296	0	0	2	57051.2	211.253	48.9072
0.0132	0	0	0	57061.6	211.386	48.8921
0.01344	0	0	0	57072	211.52	48.8771
0.01368	0	1	1	57082.4	211.653	48.8621
0.01392	0	1	0	57093.2	211.792	48.8464
0.01416	0	0	0	57104.2	211.933	48.8306
0.0144	0	0	0	57115.1	212.073	48.8148
0.01464	0	0	0	57126.2	212.216	48.7988
0.01488	0	3	0	57137.7	212.363	48.7823
0.01512	0	2	0	57149.2	212.511	48.7657
0.01536	0	1	0	57160.7	212.659	48.7492
0.0156	0	0	1	57172.6	212.813	48.7321
0.01584	0	0	0	57184.7	212.969	48.7147
0.01608	0	1	0	57196.8	213.125	48.6973
0.01632	0	1	1	57209	213.282	48.6798
0.01656	0	5	1	57221.8	213.447	48.6615
0.0168	0	1	0	57234.6	213.612	48.6433
0.01704	0	3	0	57247.4	213.776	48.6251
0.01728	0	0	1	57260.5	213.946	48.6063
0.01752	0	0	1	57274	214.121	48.5871
0.01776	0	5	2	57287.5	214.295	48.5679
0.018	0	4	1	57301	214.469	48.5487
0.01824	0	3	0	57315.2	214.653	48.5285
0.01848	0	4	0	57329.5	214.837	48.5083
0.01872	0	1	3	57343.7	215.021	48.4881
0.01896	0	8	1	57358.3	215.21	48.4675
0.0192	0	4	2	57373.4	215.405	48.4462
0.01944	0	3	1	57388.5	215.6	48.4249
0.01968	0	2	2	57403.6	215.796	48.4036
0.01992	0	4	3	57419.4	216.001	48.3813
0.02016	0	4	1	57435.4	216.208	48.3589
0.0204	0	3	4	57451.3	216.415	48.3365
0.02064	0	3	0	57467.6	216.626	48.3137
0.02088	0	4	0	57484.5	216.846	48.29
0.02112	0	6	0	57501.4	217.065	48.2664
0.02136	0	7	0	57518.4	217.285	48.2428
0.0216	0	7	2	57536	217.514	48.2182
0.02184	0	6	0	57554	217.748	48.1932
0.02208	0	8	0	57571.9	217.981	48.1682
0.02232	0	9	4	57590	218.217	48.1431
0.02256	0	7	2	57609.1	218.466	48.1166
0.0228	0	6	3	57628.2	218.715	48.0902
0.02304	0	7	1	57647.3	218.963	48.0639
0.02328	0	8	1	57667.1	219.221	48.0366
0.02352	0	5	7	57687.4	219.487	48.0086
0.02376	0	19	2	57707.8	219.752	47.9807
0.024	0	13	3	57728.1	220.017	47.9528
0.02424	0	11	5	57749.7	220.3	47.9232
0.02448	0	13	3	57771.4	220.583	47.8936
0.02472	0	16	4	57793	220.866	47.8641
0.02496	0	17	2	57815.3	221.157	47.8338
0.0252	0	14	4	57838.4	221.46	47.8024
0.02544	0	15	6	57861.4	221.762	47.7711
0.02568	0	13	0	57884.5	222.065	47.7399
0.02592	0	17	4	57909	222.385	47.7069
0.02616	0	24	3	57933.6	222.709	47.6737
0.0264	0	24	4	57958.3	223.032	47.6405
0.02664	0	25	3	57983.4	223.363	47.6068
0.02688	0	27	4	58009.8	223.709	47.5715
0.02712	0	35	4	58036.1	224.056	47.5362
0.02736	0	30	5	58062.5	224.403	47.5011
0.0276	0	26	5	58090.2	224.769	47.4642
0.02784	0	33	4	58118.5	225.141	47.4267
0.02808	0	36	4	58146.8	225.514	47.3892
0.02832	0	27	8	58175.4	225.892	47.3515
0.02856	0	37	9	58205.7	226.293	47.3115
0.0288	0	44	5	58236.1	226.694	47.2716
0.02904	0	52	9	58266.4	227.095	47.2318
0.02928	0	51	3	58298.1	227.514	47.1905
0.02952	0	42	6	58330.6	227.945	47.148
0.02976	0	54	9	58363.2	228.377	47.1057
0.03	0	69	5	58395.8	228.81	47.0634
0.03024	0	77	8	58430.9	229.276	47.0181
0.03048	0	65	9	58466	229.742	46.9729
0.03072	0	74	9	58501.1	230.209	46.9278
0.03096	0	80	12	58537.4	230.692	46.8813
0.0312	0	75	11	58575.3	231.197	46.8329
0.03144	0	71	5	58613.2	231.702	46.7847
0.03168	0	102	7	58651.1	232.208	46.7366
0.03192	0	88	7	58691.6	232.748	46.6854
0.03216	0	99	8	58732.5	233.295	46.6339
0.0324	0	119	11	58773.4	233.842	46.5826
0.03264	0	131	8	58815.3	234.368	46.5107
0.03288	0	139	7	58859.4	234.922	46.4337
0.03312	0	145	7	58903.6	235.477	46.357
0.03336	0	160	6	58947.8	236.031	46.2803
0.0336	0	154	11	58994.5	236.617	46.1994
0.03384	0	193	9	59042.3	237.216	46.1168
0.03408	0	207	11	59090.1	237.816	46.0344
0.03432	0	250	7	59138.5	238.422	45.9511
0.03456	0	227	6	59190.4	239.073	45.8619
0.0348	0	229	10	59242.3	239.724	45.773
0.03504	0	233	7	59294.1	240.375	45.6842
0.03528	0	279	6	59348.6	241.058	45.5911
0.03552	0	282	12	59405.1	241.766	45.495
0.03576	0	335	4	59461.5	242.474	45.3991
0.036	0	349	10	59517.9	243.181	45.3034
0.03624	0	355	7	59579.2	243.95	45.1996
0.03648	0	401	6	59640.6	244.719	45.096
0.03672	0	445	10	59701.9	245.488	44.9927
0.03696	0	469	6	59765.6	246.286	44.8858
0.0372	0	485	11	59832.4	247.123	44.7739
0.03744	0	519	1	59899.2	247.959	44.6623
0.03768	0	586	4	59965.9	248.795	44.551
0.03792	0	614	5	60037.8	249.694	44.4317
0.03816	0	656	1	60110.4	250.604	44.3112
0.0384	0	759	2	60183.1	251.513	44.1911
0.03864	0	770	8	60257.6	252.444	44.0684
0.03888	0	801	4	60336.7	253.432	43.9384
0.03912	0	924	5	60415.8	254.42	43.8089
0.03936	0	1115	3	60494.9	255.408	43.6798
0.0396	0	999	7	60579.2	256.489	43.5672
0.03984	0	1139	2	60665.5	257.605	43.458
0.04008	0	1156	13	60751.8	258.724	43.3496
0.04032	0	1438	13	60839.3	259.861	43.2404
0.04056	0	1322	3	60933.9	261.092	43.1233
0.0408	0	1439	4	61028.5	262.327	43.007
0.04104	0	1604	8	61123.1	263.565	42.8916
0.04128	0	1683	8	61222.7	264.87	42.771
0.04152	0	1915	5	61325.9	266.228	42.647
0.04176	0	1918	8	61429.2	267.59	42.524
0.042	0	2100	8	61532.5	268.954	42.402
0.04224	0	2332	5	61645	270.446	42.2701
0.04248	0	2548	10	61757.6	271.941	42.1394
0.04272	0	2575	11	61870.2	273.441	42.0099
0.04296	0	2937	12	61987	275.002	41.8767
0.0432	0	3063	9	62109.6	276.644	41.7382
0.04344	0	3211	8	62232.2	278.291	41.6011
0.04368	0	3578	5	62354.8	279.974	41.4362
0.04392	0	3945	7	62486.7	281.787	41.2565
0.04416	0	4016	5	62620.1	283.618	41.0761
0.0444	0	4338	5	62753.6	285.447	40.8971
0.04464	0	4811	5	62890.3	287.318	40.7151
0.04488	0	4856	10	63035.2	289.297	40.5237
0.04512	0	5403	5	63180.1	291.273	40.3338
0.04536	0	6017	2	63325.1	293.245	40.1456
0.0456	0	6148	6	63478.1	295.322	39.9485
0.04584	0	6692	4	63634.4	297.438	39.749
0.04608	0	7341	6	63790.7	299.548	39.5513
0.04632	0	7734	6	63948.7	301.674	39.3533
0.04656	0	8222	7	64116.7	303.81	39.1738
0.0468	0	8766	6	64284.6	305.912	39.003
0.04704	0	9729	2	64452.6	308.007	38.8345
0.04728	0	10273	4	64626.1	310.162	38.6627
0.04752	0	10993	5	64803.7	312.36	38.4892
0.04776	0	11907	2	64981.4	314.549	38.3182
0.048	0	12528	4	65159	316.728	38.1495
0.04824	0	13714	1	65345.9	319.008	37.9746
0.04848	0	14630	6	65532.7	321.276	37.8023
0.04872	0	15864	4	65719.5	323.532	37.6322
0.04896	0	16831	4	65909.7	325.873	37.4464
0.0492	0	17698	0	66104.4	328.291	37.2541
0.04944	0	18864	5	66299	330.732	37.0597
0.04968	0	20213	5	66493.7	333.196	36.8631
0.04992	0	22027	2	66691.5	335.722	36.6614
0.05016	0	23404	4	66889.8	338.278	36.457
0.0504	0	24646	8	67088	340.86	36.2506
0.05064	0	26778	8	67286	343.461	36.0426
0.05088	0	28279	4	67483	346.108	35.8273
0.05112	0	30159	3	67680.1	348.929	35.5846
0.05136	0	32355	3	67877.2	351.764	35.3466
0.0516	0	34354	2	68067.1	354.509	35.1215
0.05184	0	36456	4	68254.2	357.226	34.9039
0.05208	0	39191	3	68441.3	359.955	34.6904
0.05232	0	41219	2	68626	362.661	34.4835
0.05256	0	44021	5	68796.2	365.166	34.2962
0.0528	0	46541	4	68966.5	367.681	34.112
0.05304	0	49216	2	69136.8	370.206	33.9311
0.05328	0	53047	3	69288.2	372.372	33.8127
0.05352	0	55863	0	69425.6	374.296	33.7217
0.05376	0	58695	4	69563	376.212	33.6307
0.054	0	62472	1	69700.3	378.121	33.5394
0.05424	0	65554	2	69798	379.474	33.4745
0.05448	0	69303	4	69895.7	380.824	33.4094
0.05472	0	73421	4	69993.4	382.169	33.3443
0.05496	0	75970	2	70069.9	383.22	33.2932
0.0552	0	80896	3	70118.1	383.881	33.261
0.05544	0	84637	6	70166.4	384.541	33.2288
0.05568	0	88976	4	70214.6	385.2	33.1966
0.05592	0	92578	4	70207.6	385.104	33.2012
0.05616	0	96615	3	70191.4	384.883	33.2121
0.0564	0	101507	2	70175.2	384.662	33.2229
0.05664	0	105052	4	70139.8	384.177	33.2466
0.05688	0	110401	4	70056.2	383.032	33.3024
0.05712	0	115073	3	69972.6	381.883	33.3581
0.05736	0	118765	5	69889.1	380.732	33.4138
0.0576	0	122404	1	69752.5	378.844	33.5047
0.05784	0	126748	0	69594.7	376.654	33.6096
0.05808	0	132393	4	69436.9	374.454	33.7142
0.05832	0	134526	4	69270.9	372.13	33.8241
0.05856	0	138883	1	69055.7	369.003	34.0168
0.0588	0	143577	5	68840.5	365.818	34.248
0.05904	0	146907	2	68625.2	362.65	34.4843
0.05928	0	149950	0	68378.5	359.038	34.7615
0.05952	0	152521	7	68108.3	355.106	35.0732
0.05976	0	155570	3	67838	351.2	35.3935
0.06	0	158538	2	67567.8	347.319	35.7224
0.06024	0	161595	8	67262.4	343.15	36.0674
0.06048	0	164518	3	66957.1	339.152	36.3872
0.06072	0	167606	4	66651.7	335.212	36.7021
0.06096	0	169185	3	66339.4	331.241	37.0191
0.0612	0	170865	3	66017.9	327.215	37.3398
0.06144	0	173779	3	65696.4	323.253	37.6534
0.06168	0	176172	2	65374.8	319.36	37.9477
0.06192	0	176680	1	65048.7	315.375	38.254
0.06216	0	176155	2	64721.7	311.346	38.5691
0.0624	0	178524	2	64394.8	307.286	38.8923
0.06264	0	178618	5	64072.4	303.255	39.2191
0.06288	0	179836	5	63761.6	299.155	39.588
0.06312	0	180605	2	63450.8	294.951	39.9836
0.06336	0	181994	2	63140	290.726	40.3863
0.0636	0	181188	2	62832.2	286.524	40.7922
0.06384	0	181899	7	62525.7	282.322	41.2037
0.06408	0	184010	4	62219.2	278.115	41.6157
0.06432	0	183959	3	61915.3	274.043	41.9583
0.06456	0	181706	2	61627.1	270.208	42.291
0.0648	0	183703	2	61338.9	266.399	42.6315
0.06504	0	183780	13	61050.7	262.617	42.9798
0.06528	0	182811	8	60770	258.96	43.3269
0.06552	0	181806	7	60494.9	255.407	43.6799
0.06576	0	182620	4	60219.8	251.971	44.1307
0.066	0	180791	6	59944.7	248.529	44.5864
0.06624	0	179899	4	59699.4	245.457	44.997
0.06648	0	181755	7	59454.2	242.382	45.4115
0.06672	0	178140	88	59208.9	239.306	45.8301
0.06696	0	177975	186	58985.9	236.508	46.2144
0.0672	0	175673	523	58792.5	234.083	46.5503
0.06744	0	176949	973	58599.1	231.513	46.8026
0.06768	0	174121	2099	58405.7	228.941	47.0507
0.06792	0	172036	2665	58254.4	226.935	47.2477
0.06816	0	172486	3348	58110	225.029	47.4379
0.0684	0	172936	4028	57965.7	223.13	47.6305
0.06864	0	173352	5587	57842.1	221.509	47.7973
0.06888	0	170757	8378	57770.4	220.57	47.895
0.06912	0	172408	11134	57698.6	219.632	47.9933
0.06936	0	172107	14302	57626.9	218.697	48.0921
0.0696	0	172283	15830	57607	218.438	48.1196
0.06984	0	171935	19357	57607.8	218.449	48.1184
0.07008	0	175567	21734	57608.7	218.46	48.1172
0.07032	0	177676	25468	57622.1	218.635	48.0987
0.07056	0	177889	32089	57710.6	219.789	47.9768
0.0708	0	179288	33344	57799.2	220.947	47.8557
0.07104	0	182617	37751	57887.7	222.107	47.7355
0.07128	0	182016	44579	58023.3	223.888	47.5533
0.07152	0	186028	47171	58194.2	226.14	47.3266
0.07176	0	188803	48819	58365.1	228.402	47.1033
0.072	0	190600	57296	58536	230.673	46.8831
0.07224	0	194271	61210	58777.7	233.898	46.5761
0.07248	0	197905	64837	59019.5	236.93	46.1563
0.07272	0	203238	69755	59261.2	239.962	45.7405
0.07296	0	207299	76043	59529.9	243.332	45.283
0.0732	0	212484	80847	59834.5	247.15	44.7703
0.07344	0	219946	84802	60139.2	250.963	44.2637
0.07368	0	224070	90154	60443.8	254.769	43.7633
0.07392	0	228990	99319	60798.9	259.335	43.2908
0.07416	0	235874	102647	61162.5	264.081	42.8438
0.0744	0	243168	109737	61526	268.869	42.4096
0.07464	2	251101	116550	61907.5	273.938	41.9673
0.07488	1	258363	123159	62333.6	279.682	41.4653
0.07512	3	267982	130696	62759.7	285.531	40.8889
0.07536	7	277006	137168	63185.8	291.35	40.3265
0.0756	13	286845	143071	63616.6	297.196	39.7717
0.07584	20	296195	150325	64049.2	302.963	39.243
0.07608	27	309171	155252	64481.8	308.37	38.8054
0.07632	35	322947	163756	64903.4	313.589	38.393
0.07656	68	337268	172071	65258.7	317.946	38.0558
0.0768	81	350918	177476	65614.1	322.26	37.728
0.07704	116	368622	185532	65969.4	326.613	37.3876
0.07728	167	387594	198206	66166.8	329.071	37.192
0.07752	222	406939	205437	66245.6	330.06	37.1132
0.07776	391	432098	211509	66324.5	331.053	37.0341
0.078	577	455172	222211	66403.3	332.049	36.9546
0.07824	709	483940	240857	65893	325.668	37.4628
0.07848	1009	516507	245848	65382.7	319.456	37.9404
0.07872	1344	550592	257208	64872.4	313.208	38.4228
0.07896	1750	590491	274265	63946.9	301.649	39.3556
0.0792	2283	625440	284517	62467.6	281.524	41.2825
0.07944	2912	663443	289755	60988.3	261.802	43.0563
0.07968	3843	709809	301015	59509.1	243.071	45.3184
0.07992	4733	758236	320535	57183.1	212.948	48.717
0.08016	5531	786732	323319	54716.1	184.242	53.9376
0.0804	6559	812711	330705	52249	156.412	58.7065
0.08064	7452	838108	349339	49710.6	128.656	65.6715
0.08088	8467	858449	366944	46993.8	106.345	79.2335
0.08112	9158	852559	365630	44277	81.3236	94.0955
0.08136	9751	848879	382220	41560.2	56.4167	98.7096
0.0816	10382	858202	424809	39374.5	42.883	116.726
0.08184	11029	850957	441097	37401.2	33.5136	142.43
0.08208	11312	853196	469990	35428	22.1299	162.413
0.08232	11406	863206	529540	33639.4	14.2387	181.993
0.08256	11290	876377	596589	32958.8	12.2938	195.457
0.0828	11473	873240	599096	32278.1	10.6315	210.482
0.08304	11284	882472	641487	31597.5	9.0534	226.821
0.08328	10844	900900	721489	31559.5	8.96791	227.786
0.08352	10682	905585	746507	32003.6	9.9856	216.861
0.08376	10438	909355	746075	32447.6	11.0348	206.682
0.084	10382	929696	798521	32891.6	12.1192	196.938
0.08424	10166	956458	897735	33915.9	15.1289	177.269
0.08448	10300	951486	827103	34940.2	19.437	165.604
0.08472	10479	964127	840498	35964.6	25.4223	159.071
0.08496	10692	982822	923840	37001.8	31.4073	147.782
0.0852	10932	988836	944920	38056.4	36.7278	133.296
0.08544	11037	990277	869389	39110.9	41.6432	119.796
0.08568	11527	1.0107e+06	899682	40165.5	46.9571	108.45
0.08592	12055	1.04041e+06	1.0453e+06	40867.6	51.2906	102.747
0.08616	12473	1.02779e+06	881737	41511	55.9786	98.8844
0.0864	13186	1.03305e+06	855589	42154.4	61.9168	96.9404
0.08664	13645	1.06782e+06	958028	42651.7	66.8114	95.934
0.08688	14221	1.08558e+06	1.01878e+06	42783.8	68.1563	95.7373
0.08712	15058	1.07419e+06	840303	42915.8	69.5204	95.5699
0.08736	15613	1.08684e+06	885556	43047.8	70.9037	95.4316
0.0876	16294	1.11299e+06	1.07823e+06	42899.3	69.349	95.5892
0.08784	16936	1.10139e+06	927129	42638.6	66.6784	95.9552
0.08808	17683	1.1045e+06	854160	42377.8	64.0824	96.4359
0.08832	18629	1.13321e+06	972968	42062.8	61.0437	97.1725
0.08856	18974	1.16605e+06	1.1258e+06	41421.6	55.1971	99.2268
0.0888	19468	1.16839e+06	885403	40780.5	50.717	103.376
0.08904	19932	1.20306e+06	922030	40139.3	46.8077	108.692
0.08928	19962	1.25878e+06	1.14668e+06	39411.1	43.0552	116.309
0.08952	20287	1.26243e+06	1.08539e+06	38617.5	39.3304	125.861
0.08976	20638	1.26807e+06	950795	37823.9	35.6329	136.562
0.09	20663	1.2959e+06	1.08307e+06	37030.3	31.5601	147.407
0.09024	20692	1.34908e+06	1.35928e+06	36702.4	29.7829	151.647
0.09048	20523	1.31402e+06	1.0542e+06	36374.5	27.9778	155.716
0.09072	20261	1.31894e+06	1.09614e+06	36046.5	25.9572	158.576
0.09096	19938	1.35558e+06	1.3446e+06	36045.6	25.9507	158.582
0.0912	20053	1.35099e+06	1.35133e+06	36480.5	28.5634	154.421
0.09144	19859	1.3334e+06	1.17064e+06	36915.4	30.9418	148.911
0.09168	19835	1.3381e+06	1.26391e+06	37350.4	33.2502	143.123
0.09192	19599	1.38197e+06	1.50417e+06	38039.3	36.6492	133.532
0.09216	19807	1.3543e+06	1.28014e+06	38770.6	40.0462	123.933
0.0924	19766	1.35473e+06	1.21888e+06	39501.9	43.4827	115.282
0.09264	20080	1.37984e+06	1.34705e+06	40149	46.8631	108.602
0.09288	20544	1.40749e+06	1.49488e+06	40585.9	49.4744	104.86
0.09312	20796	1.38967e+06	1.21288e+06	41022.8	52.3389	101.678
0.09336	21018	1.40264e+06	1.24343e+06	41459.7	55.5241	99.0716
0.0936	21668	1.44832e+06	1.52788e+06	41615.4	56.9119	98.5185
0.09384	22247	1.43568e+06	1.33065e+06	41658.5	57.3009	98.3731
0.09408	22642	1.44068e+06	1.20808e+06	41701.6	57.692	98.2311
0.09432	23359	1.46511e+06	1.35211e+06	41730.9	57.9587	98.1365
0.09456	23673	1.51116e+06	1.6351e+06	41677.2	57.4701	98.3112
0.0948	24283	1.48782e+06	1.26369e+06	41623.5	56.9845	98.4911
0.09504	24577	1.49885e+06	1.29894e+06	41569.7	56.502	98.6762
0.09528	25367	1.5458e+06	1.62457e+06	41577.7	56.5734	98.6484
0.09552	25571	1.54624e+06	1.52547e+06	41632	57.0611	98.4623
0.09576	26594	1.54698e+06	1.32403e+06	41686.2	57.5519	98.2815
0.096	26702	1.56975e+06	1.48412e+06	41740.5	58.0457	98.1061
0.09624	27048	1.63683e+06	1.76122e+06	41838.1	58.9424	97.8037
0.09648	27644	1.60745e+06	1.45958e+06	41935.8	59.8492	97.5184
0.09672	27943	1.62588e+06	1.43283e+06	42033.4	60.7663	97.2499
0.09696	28559	1.6753e+06	1.68261e+06	42128.9	61.6727	97.0036
0.0972	29179	1.69204e+06	1.71352e+06	42221.5	62.5611	96.78
0.09744	29815	1.69079e+06	1.51327e+06	42314.1	63.4586	96.5712
0.09768	30517	1.71373e+06	1.60165e+06	42406.7	64.3655	96.3771
0.09792	31205	1.78306e+06	1.90069e+06	42495.1	65.2404	96.2055
0.09816	31647	1.75726e+06	1.62505e+06	42582.8	66.1169	96.0483
0.0984	32224	1.77552e+06	1.58771e+06	42670.5	67.0017	95.9042
0.09864	32861	1.82683e+06	1.75386e+06	42790.9	68.2296	95.7275
0.09888	33635	1.85782e+06	1.99318e+06	42992.9	70.3256	95.4857
0.09912	34715	1.84484e+06	1.62992e+06	43194.8	72.391	95.3208
0.09936	34718	1.88553e+06	1.73578e+06	43396.8	74.0665	95.2039
0.0996	35687	1.96451e+06	2.17344e+06	43659	76.2389	94.9751
0.09984	36639	1.95469e+06	1.89589e+06	43945.3	78.6028	94.6266
0.10008	37641	1.96864e+06	1.71972e+06	44231.6	80.9531	94.1761
0.10032	37994	2.02976e+06	1.99769e+06	44502.1	83.1555	93.6583
0.10056	39050	2.11104e+06	2.23052e+06	44677.4	84.5718	93.2754
0.1008	39699	2.08325e+06	1.91105e+06	44852.7	85.9776	92.856
0.10104	41272	2.11568e+06	1.95187e+06	45028.1	87.6946	92.1368
0.10128	42249	2.2111e+06	2.23684e+06	45061.9	88.0477	91.9739
0.10152	43565	2.21821e+06	2.21972e+06	44989.7	87.2949	92.3186
0.10176	44386	2.22547e+06	1.98878e+06	44917.5	86.542	92.6532
0.102	45647	2.29921e+06	2.12143e+06	44845.3	85.918	92.8746
0.10224	46694	2.4268e+06	2.77317e+06	44187.7	80.5932	94.2518
0.10248	47534	2.37978e+06	2.06084e+06	43530.1	75.1711	95.0985
0.10272	48692	2.43973e+06	2.03312e+06	42872.5	69.0704	95.6217
0.10296	49367	2.56418e+06	2.48346e+06	42186.4	62.223	96.863
0.1032	49608	2.5887e+06	2.50205e+06	41462.3	55.5471	99.062
0.10344	49813	2.57732e+06	2.24275e+06	40738.3	50.4433	103.689
0.10368	49381	2.6178e+06	2.51065e+06	40014.3	46.105	109.877
0.10392	49738	2.74866e+06	2.98759e+06	39681.4	44.3274	113.291
0.10416	49382	2.72212e+06	2.58281e+06	39413.6	43.0672	116.28
0.1044	48941	2.76089e+06	2.41851e+06	39145.9	41.8074	119.382
0.10464	49090	2.87221e+06	2.82915e+06	38856.5	40.4486	122.87
0.10488	48321	2.95013e+06	3.31005e+06	38513	38.8433	127.2
0.10512	48091	2.91707e+06	2.59854e+06	38169.6	37.2497	131.748
0.10536	47717	2.97356e+06	2.73579e+06	37826.1	35.6436	136.531
0.1056	46570	3.09891e+06	3.10725e+06	37689.6	34.9739	138.447
0.10584	45677	3.04723e+06	2.88618e+06	37635.8	34.706	139.197
0.10608	45543	3.04387e+06	2.75423e+06	37582	34.4359	139.944
0.10632	44773	3.12283e+06	3.05573e+06	37597.9	34.516	139.724
0.10656	44049	3.23916e+06	3.95693e+06	38032	36.6155	133.633
0.1068	43774	3.17033e+06	2.94336e+06	38466.1	38.6246	127.809
0.10704	43162	3.18661e+06	3.01931e+06	38900.2	40.6535	122.334
0.10728	43094	3.29384e+06	3.43391e+06	39226.7	42.1875	118.433
0.10752	43082	3.24336e+06	3.27651e+06	39472.5	43.3444	115.613
0.10776	42772	3.18908e+06	2.84037e+06	39718.3	44.5134	112.892
0.108	42398	3.22464e+06	3.06823e+06	39964.1	45.8283	110.367
0.10824	42870	3.39017e+06	4.05055e+06	39710.2	44.4712	112.979
0.10848	43034	3.25804e+06	2.9916e+06	39456.3	43.2682	115.796
0.10872	43128	3.26906e+06	2.99897e+06	39202.4	42.0732	118.718
0.10896	42770	3.35068e+06	3.26733e+06	38891.4	40.6121	122.442
0.1092	42532	3.32702e+06	3.51332e+06	38504.2	38.802	127.315
0.10944	42095	3.23853e+06	2.91258e+06	38117	37.007	132.464
0.10968	42530	3.26118e+06	3.22675e+06	37729.8	35.1729	137.884
0.10992	42071	3.39495e+06	3.73024e+06	37501.7	34.0289	141.053
0.11016	41148	3.25805e+06	3.14874e+06	37300	32.9881	143.805
0.1104	40592	3.23338e+06	2.94856e+06	37098.4	31.924	146.507
0.11064	40280	3.30131e+06	3.16437e+06	36886.9	30.7873	149.282
0.11088	39877	3.32473e+06	3.94525e+06	36650.5	29.4988	152.303
0.11112	39110	3.183e+06	2.98489e+06	36414.2	28.1973	155.233
0.11136	38683	3.16203e+06	3.02827e+06	36177.8	26.8317	157.791
0.1116	37643	3.26482e+06	3.35106e+06	35997	25.6326	158.875
0.11184	36686	3.12802e+06	3.12071e+06	35838.2	24.615	159.843
0.11208	35904	3.03349e+06	2.78334e+06	35679.5	23.629	160.825
0.11232	35011	3.04478e+06	3.0385e+06	35508.2	22.5995	161.902
0.11256	34151	3.10456e+06	3.76237e+06	35261.2	21.1778	163.487
0.1128	33557	2.93164e+06	2.8051e+06	35014.2	19.8278	165.111
0.11304	32457	2.91336e+06	2.77242e+06	34767.3	18.5472	166.773
0.11328	31549	2.97578e+06	3.04788e+06	34427.1	16.9486	169.55
0.11352	30616	2.85961e+06	2.93439e+06	34017.1	15.4704	175.64
0.11376	29371	2.73118e+06	2.60376e+06	33607.1	14.1386	182.573
0.114	28019	2.72383e+06	2.70698e+06	33197.1	12.9375	190.429
0.11424	26734	2.81607e+06	3.22886e+06	33047.8	12.5298	193.537
0.11448	25372	2.62609e+06	2.63088e+06	32898.5	12.1369	196.785
0.11472	24846	2.56544e+06	2.51389e+06	32749.2	11.7588	200.166
0.11496	23211	2.59936e+06	2.83226e+06	32672.2	11.5734	201.801
0.1152	22060	2.54696e+06	2.90304e+06	32691.5	11.6198	201.389
0.11544	20541	2.43614e+06	2.44546e+06	32710.8	11.6663	200.979
0.11568	19464	2.44667e+06	2.49306e+06	32730.1	11.7127	200.57
0.11592	18322	2.5335e+06	2.94823e+06	32735.1	11.7247	200.465
0.11616	17414	2.38295e+06	2.50966e+06	32737.7	11.731	200.41
0.1164	16164	2.34549e+06	2.27549e+06	32740.3	11.7373	200.355
0.11664	15436	2.40885e+06	2.59999e+06	32836.3	11.9774	198.182
0.11688	14363	2.37696e+06	2.89507e+06	33165.7	12.8506	191.07
0.11712	13662	2.15806e+06	2.3079e+06	33495.2	13.7985	184.621
0.11736	13032	2.07878e+06	2.2947e+06	33824.7	14.8282	178.784
0.1176	12238	2.10419e+06	2.77453e+06	33991.3	15.3826	176.05
0.11784	11528	1.91253e+06	2.27252e+06	34092.9	15.7321	174.453
0.11808	11018	1.82803e+06	1.94512e+06	34194.4	16.0907	172.907
0.11832	10326	1.90013e+06	2.12262e+06	34491.8	17.1979	168.675
0.11856	10245	2.0445e+06	2.63417e+06	35964	25.4186	159.075
0.1188	10154	2.22181e+06	2.14853e+06	37436.2	33.6938	141.952
0.11904	9483	2.48804e+06	2.45647e+06	38908.4	40.6922	122.234
0.11928	9712	2.71258e+06	3.11207e+06	46159.8	99.3978	85.5866
0.11952	9163	2.79723e+06	3.25638e+06	57745.5	220.245	47.929
0.11976	0	2.70224e+06	1.91446e+06	69331.2	372.975	33.7842
