0	0	0	0	56654.2	206.449	49.7072
0.00024	0	0	0	56659.4	206.512	49.6963
0.00048	0	0	0	56664.7	206.575	49.6854
0.00072	0	0	0	56670	206.638	49.6745
0.00096	0	0	0	56675.3	206.703	49.6634
0.0012	0	0	0	56680.8	206.768	49.6521
0.00144	0	0	0	56686.3	206.834	49.6408
0.00168	0	0	0	56691.7	206.9	49.6295
0.00192	0	0	0	56697.4	206.968	49.6178
0.00216	0	0	0	56703.1	207.036	49.606
0.0024	0	0	0	56708.8	207.105	49.5943
0.00264	0	0	0	56714.6	207.174	49.5824
0.00288	0	0	0	56720.6	207.245	49.5701
0.00312	0	0	0	56726.5	207.317	49.5579
0.00336	0	0	0	56732.5	207.388	49.5457
0.0036	0	0	0	56738.6	207.462	49.5331
0.00384	0	0	0	56744.8	207.536	49.5204
0.00408	0	0	0	56751	207.611	49.5076
0.00432	0	0	0	56757.2	207.686	49.4948
0.00456	0	0	0	56763.7	207.764	49.4816
0.0048	0	0	0	56770.2	207.842	49.4683
0.00504	0	0	0	56776.6	207.92	49.4551
0.00528	0	0	0	56783.3	207.999	49.4415
0.00552	0	0	0	56790	208.081	49.4277
0.00576	0	0	0	56796.8	208.162	49.414
0.006	0	0	0	56803.5	208.244	49.4002
0.00624	0	0	0	56810.6	208.329	49.3858
0.00648	0	0	0	56817.7	208.414	49.3714
0.00672	0	0	0	56824.7	208.499	49.3571
0.00696	0	0	0	56831.9	208.586	49.3424
0.0072	0	0	0	56839.3	208.675	49.3274
0.00744	0	0	0	56846.6	208.764	49.3125
0.00768	0	0	0	56854	208.853	49.2975
0.00792	0	0	0	56861.7	208.945	49.282
0.00816	0	0	0	56869.4	209.039	49.2663
0.0084	0	0	0	56877.1	209.132	49.2507
0.00864	0	0	0	56884.9	209.226	49.2349
0.00888	0	0	0	56893	209.324	49.2186
0.00912	0	0	0	56901.1	209.422	49.2023
0.00936	0	0	0	56909.1	209.519	49.186
0.0096	0	0	0	56917.5	209.62	49.1692
0.00984	0	1	0	56925.9	209.723	49.1522
0.01008	0	0	0	56934.4	209.825	49.1352
0.01032	0	0	0	56942.9	209.929	49.1181
0.01056	0	0	0	56951.8	210.036	49.1003
0.0108	0	0	0	56960.6	210.144	49.0825
0.01104	0	1	0	56969.5	210.251	49.0648
0.01128	0	0	0	56978.6	210.362	49.0465
0.01152	0	2	0	56987.9	210.475	49.0279
0.01176	0	0	0	56997.1	210.587	49.0094
0.012	0	0	0	57006.4	210.7	48.9908
0.01224	0	0	0	57016.2	210.819	48.9714
0.01248	0	0	0	57025.9	210.938	48.952
0.01272	0	3	0	57035.7	211.056	48.9325
0.01296	0	0	2	57045.6	211.181	48.9153
0.0132	0	0	0	57055.9	211.312	48.9005
0.01344	0	0	0	57066.1	211.444	48.8856
0.01368	0	1	1	57076.4	211.575	48.8708
0.01392	0	1	0	57087.1	211.713	48.8553
0.01416	0	0	0	57097.8	211.851	48.8398
0.0144	0	0	0	57108.6	211.989	48.8242
0.01464	0	0	0	57119.5	212.13	48.8084
0.01488	0	3	0	57130.8	212.276	48.7921
0.01512	0	2	0	57142.2	212.421	48.7758
0.01536	0	1	0	57153.5	212.567	48.7595
0.0156	0	0	1	57165.2	212.718	48.7426
0.01584	0	0	0	57177.2	212.872	48.7255
0.01608	0	1	0	57189.1	213.025	48.7084
0.01632	0	1	1	57201.1	213.18	48.6912
0.01656	0	5	1	57213.7	213.342	48.6732
0.0168	0	1	0	57226.2	213.504	48.6552
0.01704	0	3	0	57238.8	213.666	48.6372
0.01728	0	0	1	57251.8	213.833	48.6187
0.01752	0	0	1	57265	214.005	48.5999
0.01776	0	5	2	57278.3	214.176	48.581
0.018	0	4	1	57291.5	214.347	48.5621
0.01824	0	3	0	57305.5	214.528	48.5422
0.01848	0	4	0	57319.5	214.709	48.5224
0.01872	0	1	3	57333.5	214.889	48.5025
0.01896	0	8	1	57347.9	215.075	48.4822
0.0192	0	4	2	57362.7	215.266	48.4613
0.01944	0	3	1	57377.5	215.458	48.4404
0.01968	0	2	2	57392.3	215.65	48.4195
0.01992	0	4	3	57407.8	215.851	48.3976
0.02016	0	4	1	57423.5	216.054	48.3756
0.0204	0	3	4	57439.2	216.257	48.3536
0.02064	0	3	0	57455.1	216.464	48.3312
0.02088	0	4	0	57471.7	216.679	48.308
0.02112	0	6	0	57488.2	216.894	48.2848
0.02136	0	7	0	57504.8	217.109	48.2616
0.0216	0	7	2	57522.1	217.334	48.2375
0.02184	0	6	0	57539.7	217.562	48.213
0.02208	0	8	0	57557.3	217.791	48.1886
0.02232	0	9	4	57575	218.022	48.1639
0.02256	0	7	2	57593.7	218.265	48.138
0.0228	0	6	3	57612.4	218.508	48.1122
0.02304	0	7	1	57631	218.751	48.0863
0.02328	0	8	1	57650.4	219.003	48.0596
0.02352	0	5	7	57670.2	219.262	48.0323
0.02376	0	19	2	57690.1	219.521	48.005
0.024	0	13	3	57709.9	219.78	47.9777
0.02424	0	11	5	57731.1	220.056	47.9488
0.02448	0	13	3	57752.2	220.332	47.9199
0.02472	0	16	4	57773.3	220.608	47.891
0.02496	0	17	2	57795	220.892	47.8614
0.0252	0	14	4	57817.5	221.187	47.8308
0.02544	0	15	6	57840	221.481	47.8002
0.02568	0	13	0	57862.5	221.776	47.7697
0.02592	0	17	4	57886.3	222.088	47.7375
0.02616	0	24	3	57910.3	222.403	47.7051
0.0264	0	24	4	57934.3	222.717	47.6728
0.02664	0	25	3	57958.7	223.039	47.6399
0.02688	0	27	4	57984.4	223.375	47.6055
0.02712	0	35	4	58010	223.712	47.5712
0.02736	0	30	5	58035.6	224.049	47.5369
0.0276	0	26	5	58062.5	224.404	47.501
0.02784	0	33	4	58090	224.765	47.4645
0.02808	0	36	4	58117.4	225.127	47.4281
0.02832	0	27	8	58145.1	225.492	47.3914
0.02856	0	37	9	58174.5	225.88	47.3526
0.0288	0	44	5	58203.9	226.268	47.3139
0.02904	0	52	9	58233.3	226.657	47.2753
0.02928	0	51	3	58263.9	227.062	47.2352
0.02952	0	42	6	58295.4	227.479	47.194
0.02976	0	54	9	58326.9	227.896	47.1529
0.03	0	69	5	58358.4	228.313	47.112
0.03024	0	77	8	58392.3	228.762	47.0681
0.03048	0	65	9	58426.1	229.212	47.0243
0.03072	0	74	9	58460	229.662	46.9806
0.03096	0	80	12	58494.9	230.127	46.9357
0.0312	0	75	11	58531.4	230.612	46.889
0.03144	0	71	5	58567.9	231.097	46.8424
0.03168	0	102	7	58604.3	231.583	46.796
0.03192	0	88	7	58643.2	232.102	46.7467
0.03216	0	99	8	58682.4	232.626	46.697
0.0324	0	119	11	58721.7	233.15	46.6475
0.03264	0	131	8	58761.8	233.687	46.5971
0.03288	0	139	7	58804.1	234.229	46.5301
0.03312	0	145	7	58846.4	234.759	46.4564
0.03336	0	160	6	58888.7	235.289	46.3829
0.0336	0	154	11	58933.4	235.85	46.3053
0.03384	0	193	9	58979	236.422	46.2263
0.03408	0	207	11	59024.6	236.994	46.1474
0.03432	0	250	7	59070.8	237.573	46.0677
0.03456	0	227	6	59120.1	238.192	45.9827
0.0348	0	229	10	59169.5	238.812	45.8978
0.03504	0	233	7	59218.9	239.431	45.8131
0.03528	0	279	6	59270.6	240.08	45.7245
0.03552	0	282	12	59324.1	240.75	45.6331
0.03576	0	335	4	59377.5	241.421	45.5419
0.036	0	349	10	59431	242.092	45.4508
0.03624	0	355	7	59488.9	242.818	45.3525
0.03648	0	401	6	59546.9	243.544	45.2543
0.03672	0	445	10	59604.8	244.271	45.1564
0.03696	0	469	6	59664.8	245.023	45.0552
0.0372	0	485	11	59727.6	245.81	44.9496
0.03744	0	519	1	59790.4	246.596	44.8442
0.03768	0	586	4	59853.2	247.383	44.7391
0.03792	0	614	5	59920.5	248.226	44.6268
0.03816	0	656	1	59988.5	249.078	44.5135
0.0384	0	759	2	60056.6	249.929	44.4005
0.03864	0	770	8	60126.2	250.801	44.2851
0.03888	0	801	4	60199.9	251.723	44.1634
0.03912	0	924	5	60273.7	252.645	44.042
0.03936	0	1115	3	60347.4	253.566	43.9209
0.0396	0	999	7	60425.6	254.543	43.7929
0.03984	0	1139	2	60505.6	255.541	43.6623
0.04008	0	1156	13	60585.7	256.572	43.5589
0.04032	0	1438	13	60666.7	257.621	43.4565
0.04056	0	1322	3	60753.8	258.75	43.3471
0.0408	0	1439	4	60841	259.882	43.2384
0.04104	0	1604	8	60928.1	261.016	43.1305
0.04128	0	1683	8	61019.4	262.208	43.0181
0.04152	0	1915	5	61113.9	263.445	42.9027
0.04176	0	1918	8	61208.5	264.684	42.7882
0.042	0	2100	8	61303	265.926	42.6745
0.04224	0	2332	5	61405.3	267.274	42.5523
0.04248	0	2548	10	61507.6	268.626	42.4312
0.04272	0	2575	11	61610	269.981	42.311
0.04296	0	2937	12	61715.9	271.387	42.1877
0.0432	0	3063	9	61826.5	272.859	42.0599
0.04344	0	3211	8	61937.2	274.336	41.9333
0.04368	0	3578	5	62047.9	275.816	41.8078
0.04392	0	3945	7	62166.1	277.402	41.675
0.04416	0	4016	5	62285.5	279.021	41.5312
0.0444	0	4338	5	62405	280.664	41.3677
0.04464	0	4811	5	62527.1	282.342	41.2017
0.04488	0	4856	10	62655.8	284.107	41.0281
0.04512	0	5403	5	62784.4	285.87	40.8558
0.04536	0	6017	2	62913.1	287.63	40.6848
0.0456	0	6148	6	63048.2	289.474	40.5066
0.04584	0	6692	4	63185.7	291.349	40.3265
0.04608	0	7341	6	63323.3	293.221	40.1479
0.04632	0	7734	6	63462.2	295.106	39.969
0.04656	0	8222	7	63608.6	297.089	39.7818
0.0468	0	8766	6	63755.1	299.067	39.5963
0.04704	0	9729	2	63901.5	301.04	39.4123
0.04728	0	10273	4	64052.1	302.999	39.2401
0.04752	0	10993	5	64205.6	304.924	39.0831
0.04776	0	11907	2	64359.2	306.842	38.928
0.048	0	12528	4	64512.7	308.755	38.7747
0.04824	0	13714	1	64672.7	310.739	38.617
0.04848	0	14630	6	64832.6	312.716	38.4613
0.04872	0	15864	4	64992.5	314.685	38.3075
0.04896	0	16831	4	65154.6	316.673	38.1537
0.0492	0	17698	0	65319.4	318.686	37.9991
0.04944	0	18864	5	65484.3	320.69	37.8466
0.04968	0	20213	5	65649.2	322.685	37.6961
0.04992	0	22027	2	65815.2	324.708	37.5389
0.05016	0	23404	4	65981.4	326.761	37.3758
0.0504	0	24646	8	66147.6	328.831	37.2111
0.05064	0	26778	8	66312.9	330.907	37.0457
0.05088	0	28279	4	66476.3	332.974	36.8808
0.05112	0	30159	3	66639.6	335.057	36.7145
0.05136	0	32355	3	66803	337.156	36.5467
0.0516	0	34354	2	66959.2	339.18	36.3849
0.05184	0	36456	4	67112.6	341.181	36.2249
0.05208	0	39191	3	67266	343.198	36.0636
0.05232	0	41219	2	67417.2	345.199	35.9036
0.05256	0	44021	5	67555	347.137	35.7381
0.0528	0	46541	4	67692.8	349.112	35.5691
0.05304	0	49216	2	67830.6	351.093	35.4023
0.05328	0	53047	3	67952.4	352.85	35.2569
0.05352	0	55863	0	68062.1	354.436	35.1274
0.05376	0	58695	4	68171.7	356.027	34.9993
0.054	0	62472	1	68281.4	357.622	34.8726
0.05424	0	65554	2	68357.4	358.73	34.7856
0.05448	0	69303	4	68433.5	359.841	34.6992
0.05472	0	73421	4	68509.5	360.953	34.6135
0.05496	0	75970	2	68567.8	361.808	34.5482
0.0552	0	80896	3	68602.6	362.317	34.5095
0.05544	0	84637	6	68637.3	362.827	34.4709
0.05568	0	88976	4	68672	363.337	34.4325
0.05592	0	92578	4	68661.6	363.184	34.444
0.05616	0	96615	3	68643.7	362.92	34.4639
0.0564	0	101507	2	68625.7	362.657	34.4838
0.05664	0	105052	4	68592.1	362.163	34.5212
0.05688	0	110401	4	68519.2	361.095	34.6026
0.05712	0	115073	3	68446.3	360.029	34.6847
0.05736	0	118765	5	68373.5	358.964	34.7673
0.0576	0	122404	1	68257.9	357.279	34.8997
0.05784	0	126748	0	68125.1	355.351	35.0536
0.05808	0	132393	4	67992.4	353.428	35.2095
0.05832	0	134526	4	67853	351.415	35.3756
0.05856	0	138883	1	67673.2	348.831	35.593
0.0588	0	143577	5	67493.5	346.258	35.8143
0.05904	0	146907	2	67313.8	343.829	36.0131
0.05928	0	149950	0	67108.6	341.129	36.2291
0.05952	0	152521	7	66884.3	338.207	36.4627
0.05976	0	155570	3	66659.9	335.317	36.6937
0.06	0	158538	2	66435.5	332.457	36.9221
0.06024	0	161595	8	66182.1	329.264	37.1767
0.06048	0	164518	3	65928.7	326.109	37.4277
0.06072	0	167606	4	65675.3	322.999	37.6725
0.06096	0	169185	3	65415.8	319.858	37.9098
0.0612	0	170865	3	65148.2	316.595	38.1597
0.06144	0	173779	3	64880.7	313.309	38.4149
0.06168	0	176172	2	64613.1	310.001	38.6755
0.06192	0	176680	1	64341	306.616	38.9462
0.06216	0	176155	2	64068.2	303.202	39.2235
0.0624	0	178524	2	63795.4	299.61	39.5455
0.06264	0	178618	5	63525.9	295.969	39.8874
0.06288	0	179836	5	63264.8	292.425	40.2237
0.06312	0	180605	2	63003.7	288.867	40.5651
0.06336	0	181994	2	62742.6	285.297	40.9117
0.0636	0	181188	2	62484.2	281.752	41.2599
0.06384	0	181899	7	62226.8	278.218	41.6071
0.06408	0	184010	4	61969.5	274.767	41.8966
0.06432	0	183959	3	61714.3	271.366	42.1895
0.06456	0	181706	2	61472	268.155	42.4732
0.0648	0	183703	2	61229.8	264.964	42.7625
0.06504	0	183780	13	60987.5	261.791	43.0573
0.06528	0	182811	8	60752	258.726	43.3494
0.06552	0	181806	7	60521.6	255.745	43.6404
0.06576	0	182620	4	60291.2	252.864	44.0131
0.066	0	180791	6	60060.8	249.983	44.3934
0.06624	0	179899	4	59855.5	247.412	44.7352
0.06648	0	181755	7	59650.2	244.839	45.0799
0.06672	0	178140	88	59444.8	242.265	45.4273
0.06696	0	177975	186	59257.5	239.916	45.7468
0.0672	0	175673	523	59094.2	237.867	46.0273
0.06744	0	176949	973	58930.9	235.818	46.3097
0.06768	0	174121	2099	58767.5	233.763	46.5899
0.06792	0	172036	2665	58638.7	232.041	46.7524
0.06816	0	172486	3348	58515.5	230.4	46.9093
0.0684	0	172936	4028	58392.4	228.764	47.0679
0.06864	0	173352	5587	58285.7	227.35	47.2066
0.06888	0	170757	8378	58220.3	226.486	47.2923
0.06912	0	172408	11134	58155	225.622	47.3784
0.06936	0	172107	14302	58089.6	224.76	47.4651
0.0696	0	172283	15830	58065.3	224.439	47.4974
0.06984	0	171935	19357	58057.4	224.335	47.5079
0.07008	0	175567	21734	58049.5	224.231	47.5185
0.07032	0	177676	25468	58051.3	224.256	47.516
0.07056	0	177889	32089	58111.5	225.049	47.436
0.0708	0	179288	33344	58171.7	225.843	47.3563
0.07104	0	182617	37751	58231.9	226.638	47.2771
0.07128	0	182016	44579	58328.1	227.912	47.1513
0.07152	0	186028	47171	58451.4	229.547	46.9917
0.07176	0	188803	48819	58574.6	231.188	46.8338
0.072	0	190600	57296	58697.9	232.832	46.6775
0.07224	0	194271	61210	58874.2	235.108	46.408
0.07248	0	197905	64837	59050.6	237.32	46.1025
0.07272	0	203238	69755	59227	239.533	45.7991
0.07296	0	207299	76043	59422.8	241.989	45.4648
0.0732	0	212484	80847	59644.7	244.771	45.0891
0.07344	0	219946	84802	59866.5	247.55	44.7168
0.07368	0	224070	90154	60088.4	250.328	44.3477
0.07392	0	228990	99319	60345.2	253.539	43.9245
0.07416	0	235874	102647	60607.9	256.86	43.5307
0.0744	0	243168	109737	60870.6	260.268	43.2015
0.07464	0	251101	116551	61145.4	263.856	42.8646
0.07488	0	258363	123159	61450.1	267.865	42.4992
0.07512	0	267982	130696	61754.8	271.904	42.1426
0.07536	0	277006	137168	62059.6	275.973	41.7946
0.0756	0	286846	143071	62363.5	280.094	41.4243
0.07584	0	296204	150326	62667.2	284.264	41.0127
0.07608	0	309175	155254	62970.9	288.42	40.6083
0.07632	0	322974	163757	63265.3	292.433	40.223
0.07656	0	337300	172074	63504.2	295.675	39.9152
0.0768	0	350955	177476	63743	298.904	39.6116
0.07704	0	368675	185533	63981.8	302.116	39.3126
0.07728	0	387692	198206	64096.4	303.555	39.1946
0.07752	0	407076	205437	64117.8	303.824	39.1726
0.07776	0	432289	211510	64139.2	304.093	39.1507
0.078	0	455465	222212	64160.7	304.361	39.1288
0.07824	0	484397	240860	63722	298.621	39.6381
0.07848	0	517212	245848	63283.3	292.677	40.1997
0.07872	0	551571	257211	62844.6	286.693	40.7757
0.07896	0	591892	274265	62081.5	276.267	41.7698
0.0792	0	627176	284517	60885.9	260.467	43.1826
0.07944	0	665499	289755	59690.3	245.342	45.0123
0.07968	0	712185	301016	58494.7	230.123	46.936
0.07992	0	761242	320536	56637	206.244	49.7427
0.08016	0	789812	323319	54669.1	183.72	54.0345
0.0804	0	815546	330707	52701.1	161.545	57.8148
0.08064	0	840846	349341	50677.7	139.512	63.0536
0.08088	0	860579	366951	48515.5	115.746	68.9368
0.08112	0	853703	365657	46353.4	101.363	84.2588
0.08136	0	848947	382926	44191.3	80.6227	94.2457
0.0816	0	858219	426466	42450	64.7938	96.2912
0.08184	0	850965	444399	40877.2	51.3541	102.679
0.08208	0	853201	475262	39304.3	42.5527	117.532
0.08232	0	863207	536650	37877.2	35.8903	135.809
0.08256	0	876378	605360	37324.7	33.1169	143.471
0.0828	0	873240	608820	36772.3	30.1646	150.757
0.08304	0	882473	652319	36219.8	27.1159	157.542
0.08328	0	900901	732965	36168.8	26.7707	157.845
0.08352	0	905585	757816	36493.9	28.6373	154.256
0.08376	0	909355	757068	36819	30.4189	150.159
0.084	0	929697	808583	37144.1	32.1667	145.9
0.08424	0	956459	907340	37906.6	36.0308	135.393
0.08448	0	951490	835548	38669	39.5713	125.207
0.08472	0	964128	848585	39431.5	43.1516	116.076
0.08496	0	982825	931373	40195.6	47.1302	108.175
0.0852	0	988842	951568	40961.9	51.9228	102.09
0.08544	0	990282	875168	41728.1	57.9327	98.1457
0.08568	0	1.01071e+06	904551	42494.3	65.2328	96.2069
0.08592	0	1.04042e+06	1.04909e+06	42974.3	70.1307	95.5051
0.08616	0	1.02782e+06	885363	43406.5	74.1472	95.197
0.0864	0	1.03309e+06	858807	43838.8	77.7245	94.7682
0.08664	0	1.06785e+06	960600	44155.4	80.3288	94.3059
0.08688	0	1.08564e+06	1.02102e+06	44182.9	80.5538	94.26
0.08712	0	1.07423e+06	842970	44210.3	80.7787	94.2131
0.08736	0	1.08689e+06	887988	44237.8	81.0034	94.1653
0.0876	0	1.11301e+06	1.08083e+06	44048.5	79.4512	94.476
0.08784	0	1.10144e+06	930097	43772.4	77.1762	94.8494
0.08808	0	1.10455e+06	857708	43496.3	74.8915	95.1273
0.08832	0	1.13323e+06	977037	43182.1	72.285	95.3265
0.08856	0	1.16608e+06	1.1306e+06	42638.7	66.6793	95.955
0.0888	0	1.16841e+06	891568	42095.3	61.3523	97.0885
0.08904	0	1.20308e+06	929629	41551.9	56.3426	98.7388
0.08928	0	1.25879e+06	1.15584e+06	40972.6	51.9961	102.017
0.08952	0	1.26244e+06	1.09663e+06	40366.5	48.1328	106.666
0.08976	0	1.26808e+06	964282	39760.4	44.7337	112.445
0.09	0	1.2959e+06	1.09904e+06	39154.3	41.8468	119.283
0.09024	0	1.34908e+06	1.37789e+06	38955.5	40.913	121.661
0.09048	0	1.31402e+06	1.07383e+06	38756.7	39.9813	124.106
0.09072	0	1.31894e+06	1.11637e+06	38558	39.0527	126.622
0.09096	0	1.35558e+06	1.36538e+06	38613.1	39.31	125.917
0.0912	0	1.35099e+06	1.37216e+06	39006.8	41.154	121.04
0.09144	0	1.3334e+06	1.19027e+06	39400.5	43.0056	116.428
0.09168	0	1.3381e+06	1.28284e+06	39794.2	44.9124	112.09
0.09192	0	1.38197e+06	1.52132e+06	40353.2	48.0535	106.78
0.09216	0	1.35431e+06	1.29533e+06	40939.7	51.7732	102.242
0.0924	0	1.35474e+06	1.23204e+06	41526.2	56.1138	98.8299
0.09264	0	1.37985e+06	1.3588e+06	42036.8	60.7982	97.2409
0.09288	0	1.40752e+06	1.50484e+06	42357.6	63.8842	96.478
0.09312	0	1.38969e+06	1.22211e+06	42678.5	67.082	95.8918
0.09336	0	1.40267e+06	1.25155e+06	42999.3	70.3927	95.4791
0.0936	0	1.44834e+06	1.53575e+06	43090.3	71.3532	95.3932
0.09384	0	1.43571e+06	1.33841e+06	43089.5	71.3442	95.394
0.09408	0	1.4407e+06	1.21628e+06	43088.7	71.3353	95.3947
0.09432	0	1.46518e+06	1.35982e+06	43077	71.2118	95.405
0.09456	0	1.51121e+06	1.6434e+06	43000.3	70.4038	95.478
0.0948	0	1.48785e+06	1.2724e+06	42923.7	69.6023	95.5609
0.09504	0	1.49888e+06	1.30796e+06	42847	68.8074	95.6535
0.09528	0	1.54582e+06	1.63447e+06	42818.5	68.5127	95.6905
0.09552	0	1.54627e+06	1.53564e+06	42825.9	68.5899	95.6807
0.09576	0	1.547e+06	1.3345e+06	42833.4	68.6672	95.6709
0.096	0	1.56978e+06	1.49398e+06	42840.9	68.7445	95.6613
0.09624	0	1.63686e+06	1.77189e+06	42879.7	69.1458	95.6128
0.09648	0	1.60749e+06	1.46979e+06	42918.5	69.5489	95.5668
0.09672	0	1.62592e+06	1.44318e+06	42957.3	69.9536	95.5233
0.09696	0	1.67534e+06	1.69336e+06	42991.2	70.3083	95.4874
0.0972	0	1.69208e+06	1.72427e+06	43018.5	70.5951	95.4598
0.09744	0	1.69082e+06	1.52331e+06	43045.8	70.8828	95.4335
0.09768	0	1.71376e+06	1.61247e+06	43073.2	71.1713	95.4084
0.09792	0	1.78311e+06	1.91157e+06	43085.1	71.2976	95.3978
0.09816	0	1.75732e+06	1.63597e+06	43094.5	71.3968	95.3897
0.0984	0	1.77556e+06	1.59864e+06	43103.8	71.4962	95.3817
0.09864	0	1.82686e+06	1.76523e+06	43130.1	71.7756	95.3601
0.09888	0	1.85786e+06	2.00411e+06	43198.7	72.4232	95.319
0.09912	0	1.8449e+06	1.64069e+06	43267.3	72.9925	95.2848
0.09936	0	1.8856e+06	1.74559e+06	43335.9	73.5616	95.2446
0.0996	0	1.96457e+06	2.18336e+06	43415.9	74.2248	95.1902
0.09984	0	1.9548e+06	1.90498e+06	43500.4	74.9253	95.1239
0.10008	0	1.96872e+06	1.7281e+06	43584.9	75.6253	95.0486
0.10032	1	2.02985e+06	2.00561e+06	43649.2	76.1579	94.9852
0.10056	0	2.11114e+06	2.23822e+06	43592.6	75.689	95.0413
0.1008	0	2.08334e+06	1.91861e+06	43536	75.2199	95.0933
0.10104	0	2.11573e+06	1.95942e+06	43479.3	74.7506	95.1413
0.10128	0	2.21122e+06	2.2444e+06	43292.4	73.2002	95.2708
0.10152	0	2.21832e+06	2.22745e+06	43007.7	70.481	95.4706
0.10176	0	2.22553e+06	1.99785e+06	42723	67.5349	95.8242
0.102	0	2.29924e+06	2.1315e+06	42438.3	64.6778	96.3141
0.10224	0	2.42684e+06	2.78512e+06	41749.6	58.1288	98.0772
0.10248	0	2.3798e+06	2.07743e+06	41060.8	52.6007	101.427
0.10272	0	2.43974e+06	2.05594e+06	40372.1	48.166	106.618
0.10296	0	2.5642e+06	2.51196e+06	39719	44.5168	112.885
0.1032	1	2.5887e+06	2.53702e+06	39113.4	41.6548	119.766
0.10344	0	2.57732e+06	2.2844e+06	38507.9	38.8192	127.267
0.10368	0	2.61781e+06	2.56023e+06	37902.3	36.0106	135.453
0.10392	0	2.74867e+06	3.04465e+06	37712.9	35.0893	138.121
0.10416	0	2.72212e+06	2.64302e+06	37592.8	34.4903	139.794
0.1044	0	2.7609e+06	2.48029e+06	37472.7	33.8807	141.452
0.10464	0	2.87222e+06	2.89337e+06	37358.4	33.2921	143.013
0.10488	2	2.95013e+06	3.375e+06	37258.9	32.7726	144.361
0.10512	0	2.91708e+06	2.66497e+06	37159.3	32.2477	145.696
0.10536	2	2.97356e+06	2.80325e+06	37059.8	31.7179	147.018
0.1056	3	3.09891e+06	3.17605e+06	37114.5	32.0098	146.293
0.10584	1	3.04724e+06	2.9542e+06	37231	32.6261	144.736
0.10608	1	3.04387e+06	2.82056e+06	37347.5	33.2351	143.163
0.10632	1	3.12284e+06	3.12073e+06	37504.4	34.043	141.015
0.10656	1	3.23917e+06	4.02057e+06	37904.5	36.0212	135.422
0.1068	1	3.17033e+06	3.001e+06	38304.6	37.8747	129.933
0.10704	1	3.18662e+06	3.07165e+06	38704.8	39.7382	124.757
0.10728	4	3.29384e+06	3.48156e+06	38960.8	40.9377	121.597
0.10752	5	3.24337e+06	3.32138e+06	39108.7	41.6327	119.822
0.10776	6	3.18908e+06	2.88335e+06	39256.7	42.3285	118.084
0.108	3	3.22466e+06	3.10913e+06	39404.6	43.0248	116.382
0.10824	6	3.39018e+06	4.08866e+06	39138.3	41.7718	119.472
0.10848	8	3.25804e+06	3.03249e+06	38872	40.5214	122.68
0.10872	10	3.26907e+06	3.04256e+06	38605.7	39.2754	126.011
0.10896	10	3.35068e+06	3.31312e+06	38318.9	37.9408	129.743
0.1092	7	3.32703e+06	3.56234e+06	38004.7	36.4903	134.011
0.10944	11	3.23853e+06	2.96467e+06	37690.6	34.979	138.433
0.10968	9	3.26119e+06	3.2822e+06	37376.4	33.3854	142.768
0.10992	14	3.39495e+06	3.78844e+06	37240	32.6736	144.615
0.11016	7	3.25806e+06	3.20817e+06	37133.2	32.1093	146.044
0.1104	15	3.23338e+06	3.00779e+06	37026.5	31.5394	147.458
0.11064	7	3.30131e+06	3.22406e+06	36920.7	30.9705	148.842
0.11088	10	3.32473e+06	4.0048e+06	36817.7	30.4121	150.175
0.11112	17	3.18301e+06	3.04472e+06	36714.7	29.8503	151.491
0.11136	20	3.16203e+06	3.08821e+06	36611.7	29.2857	152.791
0.1116	12	3.26482e+06	3.41001e+06	36550	28.9466	153.561
0.11184	13	3.12802e+06	3.17947e+06	36504.9	28.6979	154.12
0.11208	23	3.0335e+06	2.8412e+06	36459.7	28.449	154.676
0.11232	22	3.04478e+06	3.09568e+06	36403.6	28.139	155.362
0.11256	19	3.10457e+06	3.81847e+06	36281.6	27.4641	156.834
0.1128	16	2.93164e+06	2.86018e+06	36159.6	26.7089	157.899
0.11304	20	2.91336e+06	2.82778e+06	36037.6	25.8984	158.63
0.11328	21	2.97579e+06	3.10172e+06	35843	24.6452	159.813
0.11352	22	2.85961e+06	2.98788e+06	35594	23.1108	161.36
0.11376	32	2.73118e+06	2.65707e+06	35345	21.6522	162.945
0.114	23	2.72384e+06	2.76071e+06	35096	20.2672	164.569
0.11424	29	2.81607e+06	3.28287e+06	35024	19.8797	165.046
0.11448	28	2.62609e+06	2.6836e+06	34951.9	19.4981	165.527
0.11472	32	2.56544e+06	2.56492e+06	34879.8	19.1223	166.011
0.11496	19	2.59936e+06	2.88183e+06	34832.3	18.878	166.331
0.1152	16	2.54696e+06	2.95037e+06	34817.7	18.803	166.431
0.11544	24	2.43614e+06	2.49079e+06	34803	18.7283	166.53
0.11568	26	2.44667e+06	2.5362e+06	34788.3	18.6538	166.63
0.11592	27	2.5335e+06	2.98908e+06	34644.6	17.9363	167.614
0.11616	27	2.38295e+06	2.54838e+06	34479.3	17.1483	168.831
0.1164	28	2.34549e+06	2.31254e+06	34314.1	16.5255	171.149
0.11664	19	2.40885e+06	2.63543e+06	34154.3	15.9479	173.512
0.11688	27	2.37696e+06	2.92834e+06	34008.1	15.4398	175.783
0.11712	28	2.15806e+06	2.3392e+06	33861.9	14.9502	178.16
0.11736	21	2.07878e+06	2.32364e+06	33715.8	14.4784	180.648
0.1176	12	2.10419e+06	2.80151e+06	33277.1	13.1623	188.819
0.11784	20	1.91253e+06	2.29812e+06	32721.3	11.6916	200.756
0.11808	22	1.82803e+06	1.96981e+06	32165.6	10.3655	213.063
0.11832	19	1.90014e+06	2.14651e+06	31834.5	9.59379	220.928
0.11856	22	2.0445e+06	2.65696e+06	32851.5	12.0162	197.838
0.1188	24	2.22181e+06	2.16838e+06	33868.4	14.9715	178.052
0.11904	31	2.48804e+06	2.47265e+06	34885.4	19.1512	165.973
0.11928	19	2.71259e+06	3.12419e+06	41939.3	59.8826	97.5083
0.11952	23	2.79955e+06	3.25692e+06	53521.1	170.957	56.3339
0.11976	0	2.72635e+06	1.91448e+06	65102.8	316.039	38.2026
