0	0	0	0	56444.7	203.954	50.146
0.00024	0	0	0	56448.5	203.999	50.138
0.00048	0	0	0	56452.3	204.044	50.1299
0.00072	0	0	0	56456.1	204.089	50.1219
0.00096	0	0	0	56460	204.135	50.1137
0.0012	0	0	0	56463.9	204.182	50.1053
0.00144	0	0	0	56467.9	204.229	50.0969
0.00168	0	0	0	56471.9	204.277	50.0885
0.00192	0	0	0	56476	204.326	50.0798
0.00216	0	0	0	56480.2	204.375	50.071
0.0024	0	0	0	56484.3	204.424	50.0622
0.00264	0	0	0	56488.5	204.474	50.0534
0.00288	0	0	0	56492.9	204.526	50.0442
0.00312	0	0	0	56497.2	204.577	50.0351
0.00336	0	0	0	56501.5	204.629	50.0259
0.0036	0	0	0	56506	204.682	50.0165
0.00384	0	0	0	56510.6	204.736	50.007
0.00408	0	0	0	56515.1	204.79	49.9974
0.00432	0	0	0	56519.7	204.844	49.9878
0.00456	0	0	0	56524.4	204.901	49.9779
0.0048	0	0	0	56529.2	204.957	49.9679
0.00504	0	0	0	56533.9	205.014	49.9579
0.00528	0	0	0	56538.8	205.072	49.9477
0.00552	0	0	0	56543.8	205.131	49.9373
0.00576	0	0	0	56548.7	205.19	49.9269
0.006	0	0	0	56553.7	205.249	49.9164
0.00624	0	0	0	56558.9	205.312	49.9055
0.00648	0	0	0	56564.1	205.374	49.8946
0.00672	0	0	0	56569.3	205.436	49.8837
0.00696	0	0	0	56574.6	205.499	49.8726
0.0072	0	0	0	56580.1	205.564	49.8612
0.00744	0	0	0	56585.6	205.629	49.8498
0.00768	0	0	0	56591	205.695	49.8384
0.00792	0	0	0	56596.7	205.763	49.8266
0.00816	0	0	0	56602.5	205.831	49.8146
0.0084	0	0	0	56608.2	205.9	49.8027
0.00864	0	0	0	56614	205.969	49.7906
0.00888	0	0	0	56620	206.041	49.778
0.00912	0	0	0	56626	206.113	49.7655
0.00936	0	0	0	56632.1	206.185	49.753
0.0096	0	0	0	56638.3	206.26	49.7401
0.00984	0	1	0	56644.6	206.335	49.727
0.01008	0	0	0	56651	206.411	49.7138
0.01032	0	0	0	56657.3	206.487	49.7006
0.01056	0	0	0	56664	206.567	49.6869
0.0108	0	0	0	56670.6	206.646	49.6731
0.01104	0	1	0	56677.3	206.726	49.6594
0.01128	0	0	0	56684.1	206.808	49.6452
0.01152	0	2	0	56691.1	206.892	49.6308
0.01176	0	0	0	56698.1	206.976	49.6163
0.012	0	0	0	56705.1	207.06	49.6019
0.01224	0	0	0	56712.5	207.149	49.5867
0.01248	0	0	0	56719.9	207.237	49.5715
0.01272	0	3	0	56727.3	207.326	49.5563
0.01296	0	0	2	56734.8	207.417	49.5408
0.0132	0	0	0	56742.6	207.51	49.5248
0.01344	0	0	0	56750.4	207.604	49.5088
0.01368	0	1	1	56758.2	207.697	49.4929
0.01392	0	1	0	56766.3	207.796	49.4762
0.01416	0	0	0	56774.6	207.894	49.4594
0.0144	0	0	0	56782.8	207.993	49.4426
0.01464	0	0	0	56791.1	208.094	49.4255
0.01488	0	3	0	56799.8	208.198	49.4078
0.01512	0	2	0	56808.5	208.303	49.3901
0.01536	0	1	0	56817.1	208.408	49.3724
0.0156	0	0	1	56826.2	208.517	49.3541
0.01584	0	0	0	56835.4	208.627	49.3354
0.01608	0	1	0	56844.5	208.738	49.3167
0.01632	0	1	1	56853.8	208.85	49.298
0.01656	0	5	1	56863.5	208.967	49.2783
0.0168	0	1	0	56873.2	209.085	49.2586
0.01704	0	3	0	56882.9	209.202	49.2389
0.01728	0	0	1	56893	209.324	49.2186
0.01752	0	0	1	56903.3	209.449	49.1978
0.01776	0	5	2	56913.6	209.573	49.1771
0.018	0	4	1	56923.9	209.698	49.1563
0.01824	0	3	0	56934.8	209.83	49.1343
0.01848	0	4	0	56945.7	209.963	49.1124
0.01872	0	1	3	56956.6	210.095	49.0905
0.01896	0	8	1	56967.9	210.232	49.068
0.0192	0	4	2	56979.5	210.373	49.0447
0.01944	0	3	1	56991.1	210.514	49.0215
0.01968	0	2	2	57002.7	210.655	48.9983
0.01992	0	4	3	57015	210.804	48.9738
0.02016	0	4	1	57027.3	210.955	48.9492
0.0204	0	3	4	57039.7	211.105	48.9246
0.02064	0	3	0	57052.3	211.266	48.9057
0.02088	0	4	0	57065.4	211.435	48.8866
0.02112	0	6	0	57078.6	211.604	48.8676
0.02136	0	7	0	57091.7	211.773	48.8486
0.0216	0	7	2	57105.5	211.95	48.8287
0.02184	0	6	0	57119.5	212.13	48.8085
0.02208	0	8	0	57133.5	212.31	48.7883
0.02232	0	9	4	57147.7	212.492	48.7679
0.02256	0	7	2	57162.7	212.685	48.7463
0.0228	0	6	3	57177.7	212.878	48.7248
0.02304	0	7	1	57192.6	213.071	48.7033
0.02328	0	8	1	57208.2	213.272	48.681
0.02352	0	5	7	57224.3	213.478	48.658
0.02376	0	19	2	57240.3	213.685	48.6351
0.024	0	13	3	57256.3	213.892	48.6123
0.02424	0	11	5	57273.5	214.114	48.5878
0.02448	0	13	3	57290.6	214.335	48.5634
0.02472	0	16	4	57307.8	214.557	48.539
0.02496	0	17	2	57325.5	214.786	48.5139
0.0252	0	14	4	57343.9	215.024	48.4878
0.02544	0	15	6	57362.3	215.262	48.4618
0.02568	0	13	0	57380.7	215.5	48.4358
0.02592	0	17	4	57400.3	215.754	48.4082
0.02616	0	24	3	57420.1	216.01	48.3804
0.0264	0	24	4	57439.8	216.266	48.3526
0.02664	0	25	3	57460	216.528	48.3243
0.02688	0	27	4	57481.3	216.804	48.2945
0.02712	0	35	4	57502.5	217.08	48.2648
0.02736	0	30	5	57523.8	217.356	48.2352
0.0276	0	26	5	57546.3	217.648	48.2039
0.02784	0	33	4	57569.2	217.947	48.172
0.02808	0	36	4	57592.2	218.245	48.1401
0.02832	0	27	8	57615.4	218.548	48.1079
0.02856	0	37	9	57640.2	218.871	48.0737
0.0288	0	44	5	57665	219.194	48.0395
0.02904	0	52	9	57689.8	219.518	48.0053
0.02928	0	51	3	57715.8	219.856	47.9697
0.02952	0	42	6	57742.5	220.206	47.933
0.02976	0	54	9	57769.3	220.556	47.8964
0.03	0	69	5	57796.1	220.907	47.8599
0.03024	0	77	8	57825.2	221.287	47.8203
0.03048	0	65	9	57854.3	221.668	47.7809
0.03072	0	74	9	57883.4	222.049	47.7415
0.03096	0	80	12	57913.5	222.445	47.7007
0.0312	0	75	11	57945.2	222.86	47.6581
0.03144	0	71	5	57976.8	223.276	47.6156
0.03168	0	102	7	58008.5	223.692	47.5732
0.03192	0	88	7	58042.5	224.14	47.5278
0.03216	0	99	8	58076.9	224.593	47.4819
0.0324	0	119	11	58111.3	225.046	47.4362
0.03264	0	131	8	58146.6	225.512	47.3895
0.03288	0	139	7	58184	226.006	47.3401
0.03312	0	145	7	58221.4	226.5	47.2908
0.03336	0	160	6	58258.9	226.995	47.2417
0.0336	0	154	11	58298.7	227.522	47.1897
0.03384	0	193	9	58339.5	228.063	47.1365
0.03408	0	207	11	58380.3	228.604	47.0836
0.03432	0	250	7	58421.6	229.152	47.0301
0.03456	0	227	6	58466.3	229.746	46.9724
0.0348	0	229	10	58511.1	230.341	46.915
0.03504	0	233	7	58555.8	230.936	46.8579
0.03528	0	279	6	58603	231.565	46.7977
0.03552	0	282	12	58652	232.22	46.7355
0.03576	0	335	4	58701.1	232.875	46.6735
0.036	0	349	10	58750.2	233.531	46.6117
0.03624	0	355	7	58804	234.227	46.5303
0.03648	0	401	6	58857.8	234.902	46.4365
0.03672	0	445	10	58911.6	235.577	46.343
0.03696	0	469	6	58967.8	236.281	46.2457
0.0372	0	485	11	59026.9	237.023	46.1434
0.03744	0	519	1	59086	237.765	46.0414
0.03768	0	586	4	59145.2	238.507	45.9396
0.03792	0	614	5	59209.3	239.311	45.8294
0.03816	0	656	1	59274.3	240.126	45.7182
0.0384	0	759	2	59339.2	240.941	45.6072
0.03864	0	770	8	59406	241.778	45.4934
0.03888	0	801	4	59477.4	242.673	45.3721
0.03912	0	924	5	59548.7	243.568	45.2512
0.03936	0	1115	3	59620.1	244.463	45.1306
0.0396	0	999	7	59696.7	245.423	45.0015
0.03984	0	1139	2	59775.4	246.409	44.8694
0.04008	0	1156	13	59854.1	247.394	44.7376
0.04032	0	1438	13	59934	248.395	44.6043
0.04056	0	1322	3	60021.3	249.488	44.4591
0.0408	0	1439	4	60108.5	250.58	44.3144
0.04104	0	1604	8	60195.8	251.672	44.1702
0.04128	0	1683	8	60288.3	252.827	44.0179
0.04152	0	1915	5	60384.6	254.031	43.8599
0.04176	0	1918	8	60481	255.234	43.7025
0.042	0	2100	8	60577.3	256.465	43.5695
0.04224	0	2332	5	60683.5	257.838	43.4354
0.04248	0	2548	10	60789.6	259.215	43.3023
0.04272	0	2575	11	60895.8	260.596	43.1704
0.04296	0	2937	12	61006.6	262.041	43.0339
0.0432	0	3063	9	61123.5	263.57	42.8911
0.04344	0	3211	8	61240.4	265.104	42.7496
0.04368	0	3578	5	61357.3	266.642	42.6095
0.04392	0	3945	7	61484.4	268.318	42.4587
0.04416	0	4016	5	61613.1	270.022	42.3074
0.0444	0	4338	5	61741.8	271.731	42.1577
0.04464	0	4811	5	61874.2	273.494	42.0053
0.04488	0	4856	10	62015.6	275.385	41.8442
0.04512	0	5403	5	62157.1	277.282	41.685
0.04536	0	6017	2	62298.6	279.201	41.5132
0.0456	0	6148	6	62449.2	281.272	41.3075
0.04584	0	6692	4	62603.4	283.389	41.0986
0.04608	0	7341	6	62757.7	285.503	40.8916
0.04632	0	7734	6	62913.8	287.639	40.6839
0.04656	0	8222	7	63081.3	289.927	40.4631
0.0468	0	8766	6	63248.9	292.209	40.2444
0.04704	0	9729	2	63416.4	294.485	40.0278
0.04728	0	10273	4	63590.2	296.84	39.8052
0.04752	0	10993	5	63768.8	299.252	39.5789
0.04776	0	11907	2	63947.4	301.657	39.3549
0.048	0	12528	4	64126	303.927	39.1643
0.04824	0	13714	1	64315.3	306.295	38.9721
0.04848	0	14630	6	64504.6	308.654	38.7827
0.04872	0	15864	4	64694	311.003	38.5962
0.04896	0	16831	4	64887.4	313.392	38.4084
0.0492	0	17698	0	65086.2	315.835	38.2183
0.04944	0	18864	5	65285	318.266	38.0312
0.04968	0	20213	5	65483.8	320.684	37.8471
0.04992	0	22027	2	65686.5	323.134	37.6623
0.05016	0	23404	4	65889.9	325.628	37.4659
0.0504	0	24646	8	66093.2	328.152	37.2652
0.05064	0	26778	8	66296.2	330.696	37.0625
0.05088	0	28279	4	66498.4	333.255	36.8584
0.05112	0	30159	3	66700.5	335.838	36.6521
0.05136	0	32355	3	66902.7	338.447	36.4435
0.0516	0	34354	2	67096.5	340.97	36.2418
0.05184	0	36456	4	67286.9	343.472	36.0416
0.05208	0	39191	3	67477.2	346.025	35.8346
0.05232	0	41219	2	67664.7	348.708	35.6034
0.05256	0	44021	5	67835	351.156	35.3971
0.0528	0	46541	4	68005.3	353.614	35.1943
0.05304	0	49216	2	68175.6	356.083	34.9948
0.05328	0	53047	3	68322.9	358.226	34.8251
0.05352	0	55863	0	68452.9	360.125	34.6772
0.05376	0	58695	4	68583	362.03	34.5313
0.054	0	62472	1	68713	363.94	34.3873
0.05424	0	65554	2	68794.5	365.14	34.2981
0.05448	0	69303	4	68875.9	366.342	34.2096
0.05472	0	73421	4	68957.4	367.546	34.1218
0.05496	0	75970	2	69012.6	368.364	34.0627
0.0552	0	80896	3	69032.9	368.665	34.0411
0.05544	0	84637	6	69053.2	368.966	34.0194
0.05568	0	88976	4	69073.5	369.267	33.9979
0.05592	0	92578	4	69024.9	368.546	34.0496
0.05616	0	96615	3	68964.8	367.656	34.1138
0.0564	0	101507	2	68904.7	366.767	34.1785
0.05664	0	105052	4	68820.4	365.522	34.2698
0.05688	0	110401	4	68675.5	363.389	34.4286
0.05712	0	115073	3	68530.7	361.263	34.5898
0.05736	0	118765	5	68385.8	359.144	34.7533
0.0576	0	122404	1	68173.5	356.052	34.9973
0.05784	0	126748	0	67934.2	352.587	35.2786
0.05808	0	132393	4	67694.9	349.141	35.5666
0.05832	0	134526	4	67444.9	345.568	35.8741
0.05856	0	138883	1	67131.2	341.425	36.2053
0.0588	0	143577	5	66817.5	337.344	36.5317
0.05904	0	146907	2	66503.8	333.324	36.8528
0.05928	0	149950	0	66148.4	328.841	37.2103
0.05952	0	152521	7	65761.6	324.049	37.5912
0.05976	0	155570	3	65374.8	319.36	37.9477
0.06	2	158538	2	64988	314.63	38.3119
0.06024	1	161595	8	64551.2	309.232	38.7366
0.06048	2	164518	3	64114.4	303.781	39.1761
0.06072	2	167605	4	63677.6	298.021	39.6943
0.06096	1	169185	3	63228.5	291.931	40.2709
0.0612	1	170865	3	62762.9	285.575	40.8846
0.06144	1	173778	3	62297.3	279.183	41.515
0.06168	3	176171	2	61831.8	272.929	42.054
0.06192	3	176676	1	61350.3	266.549	42.6179
0.06216	1	176150	2	60866.1	260.209	43.2072
0.0624	6	178514	2	60382	253.997	43.8643
0.06264	8	178606	3	59899.2	247.96	44.6622
0.06288	8	179826	4	59420.1	241.955	45.4695
0.06312	20	180593	2	58940.9	235.944	46.2923
0.06336	54	181970	1	58461.8	229.685	46.9783
0.0636	75	181162	1	57972.6	223.22	47.6213
0.06384	110	181870	3	57479.4	216.779	48.2971
0.06408	156	183945	3	56986.3	210.455	49.0311
0.06432	226	183907	0	56493.2	204.529	50.0436
0.06456	281	181626	0	56000.6	198.743	51.1088
0.0648	398	183599	1	55508	193.088	52.2303
0.06504	448	183652	6	55015.3	187.573	53.3163
0.06528	620	182659	0	54518.8	182.048	54.3435
0.06552	851	181549	1	54019.2	176.498	55.3575
0.06576	985	182319	3	53519.6	170.941	56.3363
0.066	1212	180391	1	53020.1	165.192	57.2183
0.06624	1480	179449	1	52537.5	159.682	58.1312
0.06648	1883	181215	1	52054.9	154.223	59.1064
0.06672	2310	177574	85	51572.3	148.98	60.3341
0.06696	2857	177195	183	51111.6	144.104	61.7092
0.0672	3474	174761	521	50680	139.537	63.0463
0.06744	4081	175887	972	50248.4	134.979	64.4327
0.06768	4829	172889	2093	49816.8	129.924	65.4515
0.06792	5528	170696	2656	49429.6	125.401	66.3071
0.06816	6274	171048	3339	49049.9	121.223	67.2925
0.0684	7126	171141	4023	48670.2	117.285	68.4289
0.06864	7973	171434	5573	48314.3	114.01	69.7816
0.06888	8833	168687	8375	48017.7	112.335	71.7061
0.06912	10146	169941	11132	47721.1	110.631	73.7402
0.06936	10934	169660	14297	47424.6	108.901	75.8902
0.0696	11958	169554	15825	47186.5	107.494	77.7048
0.06984	13263	169001	19352	46971.7	106.213	79.4119
0.07008	14562	172333	21728	46757	104.92	81.1892
0.07032	15379	174350	25467	46555.3	103.394	82.8184
0.07056	16878	174138	32078	46431.3	102.149	83.7095
0.0708	17652	175361	33340	46307.3	100.897	84.5796
0.07104	18857	178274	37743	46183.4	99.6378	85.4279
0.07128	19732	177326	44578	46102.2	98.81	85.9711
0.07152	20863	180712	47164	46053.1	98.3082	86.2948
0.07176	22054	183134	48817	46004	97.8056	86.6148
0.072	22824	184503	57294	45954.9	97.3022	86.931
0.07224	23963	187223	61206	45951	97.2624	86.9558
0.07248	25039	190555	64831	45947.1	97.2225	86.9807
0.07272	25874	194467	69750	45943.3	97.1827	87.0055
0.07296	26740	197787	76041	45949.3	97.2449	86.9667
0.0732	27464	201403	80843	45968.7	97.4433	86.8428
0.07344	28437	207868	84800	45988	97.6416	86.7183
0.07368	29435	210609	90153	46007.3	97.8397	86.5932
0.07392	30450	213896	99312	46040.4	98.1785	86.3778
0.07416	31512	218490	102645	46075.8	98.5403	86.1456
0.0744	32222	223886	109734	46111.1	98.9016	85.9116
0.07464	33180	229782	116547	46155	99.349	85.6187
0.07488	34366	233960	123159	46220.1	100.012	85.1788
0.07512	35727	240602	130696	46285.2	100.672	84.7327
0.07536	36623	245473	137166	46350.3	101.331	84.2806
0.0756	37523	250616	143070	46422.6	102.061	83.7713
0.07584	39234	256016	150325	46497.8	102.817	83.2342
0.07608	39668	262678	155252	46573	103.571	82.6895
0.07632	40646	270133	163756	46651.5	104.281	82.089
0.07656	41889	277175	172070	46750.3	104.88	81.2458
0.0768	43137	282280	177476	46849.1	105.476	80.4181
0.07704	44279	290286	185532	46947.9	106.07	79.6056
0.07728	45381	297701	198206	47088.6	106.912	78.4741
0.07752	46910	304460	205437	47260.8	107.935	77.1298
0.07776	48344	312777	211509	47432.9	108.95	75.8281
0.078	49495	320662	222211	47605	109.957	74.5677
0.07824	51065	329858	240857	47901.7	111.672	72.4885
0.07848	52120	338944	245848	48198.3	113.358	70.5214
0.07872	53595	348363	257208	48495	115.544	69.0063
0.07896	55693	360607	274265	48832.7	118.942	67.9238
0.0792	56884	368976	284517	49225.2	123.121	66.8193
0.07944	58250	379097	289755	49617.7	127.564	65.8731
0.07968	61055	394416	301015	50010.1	132.289	65.0788
0.07992	63542	408032	320535	50389.8	136.471	63.9729
0.08016	65920	421127	323319	50767.3	140.46	62.7719
0.0804	68879	438099	330705	51144.8	144.456	61.6083
0.08064	71651	454927	349339	51498.8	148.201	60.5501
0.08088	74487	474685	366944	51793.8	151.32	59.6917
0.08112	77634	488225	365630	52088.8	154.605	59.0358
0.08136	80954	506377	380279	52383.9	157.938	58.4347
0.0816	84670	531202	411901	52592.7	160.311	58.0235
0.08184	88407	543404	410919	52767.1	162.298	57.6891
0.08208	92330	563421	414447	52941.5	164.292	57.3627
0.08232	96677	590073	442836	53088.5	165.977	57.0938
0.08256	100973	617973	476996	53070.4	165.77	57.1264
0.0828	105582	634348	455829	53052.4	165.563	57.1592
0.08304	110467	661452	470955	53034.4	165.357	57.192
0.08328	115525	697817	521759	52880.5	163.594	57.476
0.08352	120299	719395	529091	52624.7	160.675	57.9616
0.08376	125161	743558	520561	52368.9	157.769	58.4646
0.084	129246	782611	561921	52113.1	154.878	58.9855
0.08424	134240	827243	647973	51689.1	150.214	59.994
0.08448	138002	839822	586758	51265.1	145.729	61.2452
0.08472	143600	867896	603258	50841.1	141.241	62.5416
0.08496	146920	903316	684096	50400.2	136.58	63.9394
0.0852	150228	921044	709704	49936.7	131.383	65.2161
0.08544	153252	934322	651828	49473.3	125.898	66.2032
0.08568	156161	964145	698513	49009.8	120.796	67.4052
0.08592	158360	1.00412e+06	857732	48559.7	116.182	68.789
0.08616	158854	997064	714957	48111.8	112.869	71.0837
0.0864	161305	1.00946e+06	706843	47663.9	110.3	74.1456
0.08664	163718	1.04938e+06	824583	47254.2	107.896	77.1802
0.08688	165585	1.0718e+06	899738	46939.9	106.021	79.6714
0.08712	166676	1.06311e+06	735129	46625.5	104.095	82.3047
0.08736	166514	1.07746e+06	793764	46311.1	100.935	84.5532
0.0876	167372	1.107e+06	999074	46249.2	100.307	84.9803
0.08784	167781	1.09468e+06	860999	46288.2	100.702	84.7123
0.08808	169145	1.09516e+06	799412	46327.1	101.097	84.4421
0.08832	169923	1.12024e+06	929760	46405.7	101.891	83.8911
0.08856	172464	1.14214e+06	1.09084e+06	46721.6	104.706	81.4891
0.0888	172793	1.12802e+06	844351	47037.6	106.607	78.8809
0.08904	174345	1.14532e+06	874875	47353.6	108.483	76.4228
0.08928	176961	1.18458e+06	1.09169e+06	47618	110.032	74.4743
0.08952	179045	1.18224e+06	1.01739e+06	47843.8	111.339	72.8852
0.08976	182233	1.1878e+06	863594	48069.6	112.63	71.3617
0.09	184693	1.21602e+06	973079	48295.4	113.904	69.9011
0.09024	187973	1.26584e+06	1.22423e+06	48236.9	113.575	70.2738
0.09048	190316	1.24153e+06	895369	48178.3	113.246	70.6505
0.09072	194832	1.25479e+06	908868	48119.8	112.915	71.0314
0.09096	197359	1.29571e+06	1.12925e+06	48014.6	112.317	71.7269
0.0912	200459	1.29919e+06	1.1181e+06	47847.1	111.358	72.8626
0.09144	204827	1.28789e+06	929809	47679.6	110.39	74.0345
0.09168	208108	1.29891e+06	1.01477e+06	47512	109.414	75.2437
0.09192	211150	1.34882e+06	1.24573e+06	47420.5	108.877	75.9205
0.09216	215474	1.32477e+06	1.03095e+06	47341.6	108.413	76.513
0.0924	218129	1.32851e+06	980823	47262.8	107.947	77.1143
0.09264	221086	1.35602e+06	1.11815e+06	47209	107.628	77.5298
0.09288	224875	1.38712e+06	1.27532e+06	47217.7	107.68	77.4618
0.09312	228114	1.37051e+06	1.00525e+06	47226.5	107.732	77.3939
0.09336	232965	1.38419e+06	1.04424e+06	47235.3	107.784	77.326
0.0936	235522	1.43118e+06	1.33932e+06	47244.4	107.838	77.256
0.09384	239257	1.42066e+06	1.14255e+06	47253.5	107.892	77.1852
0.09408	242473	1.42696e+06	1.01858e+06	47262.7	107.946	77.1146
0.09432	244935	1.45206e+06	1.16109e+06	47272.2	108.002	77.042
0.09456	247132	1.4986e+06	1.44143e+06	47283.2	108.067	76.9578
0.0948	250175	1.47661e+06	1.06547e+06	47294.2	108.132	76.8738
0.09504	251844	1.48689e+06	1.09663e+06	47305.2	108.197	76.7899
0.09528	250804	1.53504e+06	1.41624e+06	47332.2	108.357	76.5846
0.09552	251729	1.53491e+06	1.3153e+06	47371.2	108.587	76.2899
0.09576	250141	1.53457e+06	1.11319e+06	47410.2	108.817	75.9973
0.096	246668	1.55649e+06	1.27425e+06	47449.2	109.046	75.7068
0.09624	241583	1.62274e+06	1.55113e+06	47395.6	108.731	76.1066
0.09648	238145	1.59207e+06	1.25256e+06	47342	108.415	76.5104
0.09672	232230	1.60777e+06	1.22639e+06	47288.3	108.098	76.9183
0.09696	225800	1.65596e+06	1.47785e+06	47141	107.224	78.0607
0.0972	220707	1.67073e+06	1.51194e+06	46868.6	105.593	80.2568
0.09744	213775	1.66831e+06	1.31028e+06	46596.2	103.803	82.5198
0.09768	207624	1.69072e+06	1.39937e+06	46323.8	101.064	84.4652
0.09792	201044	1.75799e+06	1.69873e+06	45717.8	94.861	88.4037
0.09816	198199	1.73524e+06	1.42037e+06	45056.3	87.9885	92.0013
0.0984	196526	1.75705e+06	1.37996e+06	44394.7	82.2832	93.8746
0.09864	196578	1.80956e+06	1.54189e+06	43615.3	75.8771	95.0193
0.09888	193093	1.84389e+06	1.77899e+06	42541.4	65.702	96.1209
0.09912	188690	1.8365e+06	1.41503e+06	41467.5	55.5924	99.0431
0.09936	188669	1.88084e+06	1.5186e+06	40393.6	48.2948	106.435
0.0996	193029	1.96258e+06	1.95749e+06	38989.6	41.0731	121.248
0.09984	191629	1.95457e+06	1.67981e+06	37453.6	33.7833	141.713
0.10008	182810	1.96864e+06	1.50631e+06	35917.7	25.1204	159.357
0.10032	181694	2.02976e+06	1.78605e+06	34323.2	16.5592	171.018
0.10056	183141	2.11104e+06	2.02383e+06	32377.5	10.8677	208.241
0.1008	179516	2.08292e+06	1.7178e+06	30431.9	6.39932	259.036
0.10104	177025	2.11375e+06	1.7682e+06	28486.2	3.23467	328.031
0.10128	176863	2.2049e+06	2.06086e+06	26673.6	1.71309	413.33
0.10152	180066	2.20842e+06	2.05559e+06	24960.7	0.712109	514.66
0.10176	180741	2.20849e+06	1.83504e+06	23247.9	0.245227	649.942
0.102	189348	2.2733e+06	1.97421e+06	21535	0.346446	844.817
0.10224	221233	2.39057e+06	2.62728e+06	21082.6	0.171974	909.71
0.10248	274050	2.34602e+06	1.88702e+06	20630.2	0.0358388	981.32
0.10272	359145	2.40586e+06	1.81116e+06	20177.9	3.96904e-05	1059.85
0.10296	507522	2.52658e+06	2.18001e+06	21191.6	0.220401	893.489
0.1032	689124	2.55072e+06	2.07962e+06	24160.1	0.422472	572.022
0.10344	916831	2.54133e+06	1.70249e+06	27128.6	2.02945	390.047
0.10368	1.18182e+06	2.58176e+06	1.7965e+06	30097.1	5.69512	269.365
0.10392	1.34494e+06	2.7109e+06	1.96518e+06	36675.9	29.6378	151.983
0.10416	1.51791e+06	2.67347e+06	1.68804e+06	43856.4	77.8699	94.7458
0.1044	1.73172e+06	2.69854e+06	1.50771e+06	51037	143.314	61.937
0.10464	1.74104e+06	2.79944e+06	1.7866e+06	58222.6	226.515	47.2893
0.10488	1.78105e+06	2.8375e+06	2.18283e+06	65421	319.921	37.905
0.10512	1.7438e+06	2.72055e+06	1.66119e+06	72619.4	417.029	30.8267
0.10536	1.46742e+06	2.63812e+06	1.72353e+06	79817.7	528.761	25.7451
0.1056	1.23921e+06	2.59624e+06	1.85166e+06	83891.8	593.243	24.4613
0.10584	962821	2.39133e+06	1.75808e+06	86716.2	637.134	22.4976
0.10608	637505	2.23733e+06	1.67063e+06	89540.5	685.028	21.9603
0.10632	413380	2.17734e+06	1.80743e+06	91779.8	720.625	20.7288
0.10656	269033	2.19245e+06	2.46105e+06	90508.8	700.26	21.3797
0.1068	159303	2.11445e+06	1.80318e+06	89237.8	680.25	22.1387
0.10704	85450	2.1058e+06	1.85974e+06	87966.8	659.081	22.5128
0.10728	43637	2.1728e+06	2.04362e+06	85923.8	623.627	22.861
0.10752	23293	2.1459e+06	2.00375e+06	83301.7	584.891	24.893
0.10776	12117	2.11902e+06	1.7892e+06	80679.7	540.735	25.763
0.108	5739	2.15083e+06	1.94383e+06	78057.6	504.338	27.4119
0.10824	2976	2.27513e+06	2.6693e+06	75699.4	465.4	29.5387
0.10848	1468	2.21226e+06	1.98234e+06	73341.2	428.901	30.5471
0.10872	706	2.23842e+06	1.9996e+06	70983	395.503	32.6447
0.10896	340	2.29733e+06	2.10073e+06	68889.7	366.546	34.1946
0.1092	175	2.29414e+06	2.32782e+06	67149.7	341.668	36.186
0.10944	93	2.25569e+06	1.94366e+06	65409.7	319.784	37.9154
0.10968	53	2.27334e+06	2.20716e+06	63669.7	297.914	39.7043
0.10992	21	2.37148e+06	2.47096e+06	62445.7	281.223	41.3123
0.11016	15	2.30009e+06	2.1574e+06	61307.7	265.989	42.6688
0.1104	8	2.29244e+06	2.02039e+06	60169.7	251.345	44.2132
0.11064	3	2.33386e+06	2.11428e+06	59065	237.5	46.0777
0.11088	2	2.35821e+06	2.79865e+06	58043.2	224.149	47.5268
0.11112	2	2.28478e+06	2.04858e+06	57021.4	210.883	48.961
0.11136	0	2.26008e+06	2.06525e+06	55999.6	198.732	51.1108
0.1116	0	2.32811e+06	2.20316e+06	55232.7	189.992	52.8612
0.11184	0	2.24024e+06	2.13611e+06	54567.7	182.592	54.2431
0.11208	0	2.17445e+06	1.88999e+06	53902.7	175.206	55.591
0.11232	0	2.16335e+06	2.06327e+06	53312.7	168.554	56.694
0.11256	0	2.20733e+06	2.6542e+06	53172.5	166.941	56.9425
0.1128	0	2.08051e+06	1.95249e+06	53032.3	165.332	57.196
0.11304	0	2.04574e+06	1.91284e+06	52892	163.726	57.4545
0.11328	0	2.05664e+06	2.0364e+06	52749.4	162.095	57.7228
0.11352	0	1.96592e+06	1.95376e+06	52604.8	160.448	58.0001
0.11376	0	1.87122e+06	1.71125e+06	52460.3	158.805	58.283
0.114	0	1.84023e+06	1.73728e+06	52315.7	157.167	58.5714
0.11424	0	1.88943e+06	1.99426e+06	52263.4	156.574	58.6773
0.11448	0	1.75667e+06	1.66323e+06	52211	155.983	58.784
0.11472	0	1.7072e+06	1.54691e+06	52158.6	155.392	58.8914
0.11496	0	1.7099e+06	1.7042e+06	52229.2	156.188	58.7469
0.1152	0	1.65662e+06	1.77491e+06	52463.7	158.844	58.2763
0.11544	0	1.55934e+06	1.47989e+06	52698.1	161.511	57.8205
0.11568	0	1.5328e+06	1.47343e+06	52932.6	164.19	57.3792
0.11592	0	1.56095e+06	1.69609e+06	52426.4	158.421	58.3501
0.11616	0	1.45839e+06	1.43005e+06	51796.7	151.351	59.6833
0.1164	1	1.4231e+06	1.19641e+06	51167.1	144.691	61.5408
0.11664	0	1.44807e+06	1.36125e+06	49690	128.413	65.7155
0.11688	1	1.4532e+06	1.51644e+06	46094.3	98.7294	86.0234
0.11712	11	1.39633e+06	1.09933e+06	42498.6	65.2754	96.1989
0.11736	33	1.41657e+06	1.07457e+06	38902.9	40.6663	122.301
0.1176	139	1.49948e+06	1.41882e+06	32662.8	11.5508	202.001
0.11784	269	1.49794e+06	1.0251e+06	25364.9	0.91244	488.508
0.11808	330	1.57582e+06	869145	18067.1	0	1536.13
0.11832	204	1.7334e+06	1.12345e+06	11077.7	0	18098.4
0.11856	9	1.92081e+06	1.70262e+06	5939.57	0	60142.3
0.1188	0	2.14566e+06	1.51825e+06	801.425	0	72445.5
0.11904	0	2.43024e+06	1.98378e+06	-4336.72	0	72445.5
0.11928	0	2.64524e+06	2.72096e+06	-2268.54	0	72445.5
0.11952	0	2.64721e+06	3.09812e+06	5204.38	0	69556.1
0.11976	0	2.31426e+06	1.89387e+06	12677.3	0	9573.17
