0	0	0	0	56623	206.077	49.7718
0.00024	0	0	0	56628.1	206.137	49.7613
0.00048	0	0	0	56633.2	206.198	49.7507
0.00072	0	0	0	56638.3	206.259	49.7402
0.00096	0	0	0	56643.4	206.321	49.7295
0.0012	0	0	0	56648.7	206.384	49.7185
0.00144	0	0	0	56654	206.447	49.7075
0.00168	0	0	0	56659.3	206.511	49.6966
0.00192	0	0	0	56664.8	206.576	49.6852
0.00216	0	0	0	56670.3	206.642	49.6738
0.0024	0	0	0	56675.8	206.708	49.6624
0.00264	0	0	0	56681.4	206.775	49.6509
0.00288	0	0	0	56687.1	206.844	49.639
0.00312	0	0	0	56692.9	206.913	49.6272
0.00336	0	0	0	56698.6	206.982	49.6153
0.0036	0	0	0	56704.6	207.053	49.6031
0.00384	0	0	0	56710.6	207.125	49.5907
0.00408	0	0	0	56716.6	207.197	49.5784
0.00432	0	0	0	56722.6	207.27	49.5659
0.00456	0	0	0	56728.9	207.345	49.5531
0.0048	0	0	0	56735.1	207.42	49.5402
0.00504	0	0	0	56741.4	207.496	49.5273
0.00528	0	0	0	56747.8	207.573	49.5141
0.00552	0	0	0	56754.4	207.651	49.5007
0.00576	0	0	0	56760.9	207.73	49.4873
0.006	0	0	0	56767.4	207.809	49.4739
0.00624	0	0	0	56774.3	207.891	49.4599
0.00648	0	0	0	56781.1	207.974	49.4459
0.00672	0	0	0	56788	208.056	49.432
0.00696	0	0	0	56794.9	208.14	49.4177
0.0072	0	0	0	56802.1	208.226	49.4031
0.00744	0	0	0	56809.3	208.312	49.3885
0.00768	0	0	0	56816.4	208.399	49.3739
0.00792	0	0	0	56823.9	208.488	49.3588
0.00816	0	0	0	56831.3	208.579	49.3436
0.0084	0	0	0	56838.8	208.669	49.3283
0.00864	0	0	0	56846.4	208.761	49.3129
0.00888	0	0	0	56854.3	208.856	49.297
0.00912	0	0	0	56862.1	208.95	49.2811
0.00936	0	0	0	56870	209.045	49.2652
0.0096	0	0	0	56878.1	209.143	49.2488
0.00984	0	1	0	56886.3	209.243	49.2322
0.01008	0	0	0	56894.5	209.342	49.2156
0.01032	0	0	0	56902.8	209.443	49.1988
0.01056	0	0	0	56911.4	209.547	49.1815
0.0108	0	0	0	56920	209.651	49.1641
0.01104	0	1	0	56928.7	209.756	49.1467
0.01128	0	0	0	56937.5	209.863	49.1289
0.01152	0	2	0	56946.6	209.973	49.1107
0.01176	0	0	0	56955.6	210.083	49.0925
0.012	0	0	0	56964.7	210.193	49.0744
0.01224	0	0	0	56974.2	210.308	49.0553
0.01248	0	0	0	56983.7	210.424	49.0363
0.01272	0	3	0	56993.2	210.54	49.0173
0.01296	0	0	2	57002.9	210.658	48.9978
0.0132	0	0	0	57012.9	210.779	48.9779
0.01344	0	0	0	57022.9	210.901	48.9579
0.01368	0	1	1	57032.9	211.023	48.938
0.01392	0	1	0	57043.4	211.152	48.9186
0.01416	0	0	0	57053.9	211.287	48.9033
0.0144	0	0	0	57064.4	211.422	48.8881
0.01464	0	0	0	57075.1	211.559	48.8726
0.01488	0	3	0	57086.2	211.702	48.8566
0.01512	0	2	0	57097.3	211.844	48.8406
0.01536	0	1	0	57108.4	211.986	48.8246
0.0156	0	0	1	57119.9	212.134	48.8079
0.01584	0	0	0	57131.5	212.285	48.7911
0.01608	0	1	0	57143.2	212.435	48.7743
0.01632	0	1	1	57155	212.586	48.7573
0.01656	0	5	1	57167.3	212.745	48.7396
0.0168	0	1	0	57179.7	212.904	48.7219
0.01704	0	3	0	57192	213.063	48.7042
0.01728	0	0	1	57204.7	213.227	48.686
0.01752	0	0	1	57217.7	213.394	48.6674
0.01776	0	5	2	57230.8	213.562	48.6488
0.018	0	4	1	57243.8	213.73	48.6302
0.01824	0	3	0	57257.5	213.908	48.6105
0.01848	0	4	0	57271.3	214.085	48.5909
0.01872	0	1	3	57285.1	214.263	48.5713
0.01896	0	8	1	57299.2	214.445	48.5513
0.0192	0	4	2	57313.7	214.634	48.5306
0.01944	0	3	1	57328.3	214.822	48.5099
0.01968	0	2	2	57342.9	215.011	48.4893
0.01992	0	4	3	57358.2	215.209	48.4676
0.02016	0	4	1	57373.7	215.409	48.4457
0.0204	0	3	4	57389.1	215.609	48.4239
0.02064	0	3	0	57404.9	215.813	48.4018
0.02088	0	4	0	57421.2	216.025	48.3788
0.02112	0	6	0	57437.6	216.237	48.3557
0.02136	0	7	0	57454	216.45	48.3328
0.0216	0	7	2	57471.1	216.672	48.3088
0.02184	0	6	0	57488.5	216.897	48.2844
0.02208	0	8	0	57505.9	217.123	48.2601
0.02232	0	9	4	57523.4	217.351	48.2357
0.02256	0	7	2	57542	217.592	48.2099
0.0228	0	6	3	57560.5	217.833	48.1841
0.02304	0	7	1	57579	218.073	48.1584
0.02328	0	8	1	57598.2	218.323	48.1318
0.02352	0	5	7	57617.9	218.58	48.1045
0.02376	0	19	2	57637.6	218.837	48.0772
0.024	0	13	3	57657.3	219.094	48.05
0.02424	0	11	5	57678.4	219.368	48.0211
0.02448	0	13	3	57699.4	219.642	47.9922
0.02472	0	16	4	57720.4	219.917	47.9634
0.02496	0	17	2	57742	220.199	47.9337
0.0252	0	14	4	57764.5	220.493	47.9031
0.02544	0	15	6	57786.9	220.786	47.8724
0.02568	0	13	0	57809.4	221.08	47.8419
0.02592	0	17	4	57833.1	221.391	47.8096
0.02616	0	24	3	57857.1	221.705	47.777
0.0264	0	24	4	57881.1	222.019	47.7446
0.02664	0	25	3	57905.6	222.34	47.7115
0.02688	0	27	4	57931.2	222.677	47.6769
0.02712	0	35	4	57956.9	223.014	47.6424
0.02736	0	30	5	57982.6	223.352	47.6079
0.0276	0	26	5	58009.6	223.707	47.5717
0.02784	0	33	4	58037.2	224.07	47.5349
0.02808	0	36	4	58064.7	224.433	47.4981
0.02832	0	27	8	58092.6	224.8	47.4611
0.02856	0	37	9	58122.2	225.19	47.4218
0.0288	0	44	5	58151.8	225.581	47.3826
0.02904	0	52	9	58181.5	225.972	47.3435
0.02928	0	51	3	58212.3	226.38	47.3028
0.02952	0	42	6	58244.2	226.801	47.261
0.02976	0	54	9	58276	227.222	47.2193
0.03	0	69	5	58307.8	227.643	47.1777
0.03024	0	77	8	58342.2	228.098	47.133
0.03048	0	65	9	58376.5	228.554	47.0885
0.03072	0	74	9	58410.8	229.009	47.044
0.03096	0	80	12	58446.4	229.481	46.9981
0.0312	0	75	11	58483.5	229.975	46.9504
0.03144	0	71	5	58520.6	230.468	46.9028
0.03168	0	102	7	58557.8	230.963	46.8553
0.03192	0	88	7	58597.5	231.492	46.8047
0.03216	0	99	8	58637.6	232.027	46.7538
0.0324	0	119	11	58677.7	232.563	46.703
0.03264	0	131	8	58718.8	233.111	46.6512
0.03288	0	139	7	58762.2	233.692	46.5967
0.03312	0	145	7	58805.6	234.247	46.5275
0.03336	0	160	6	58849	234.791	46.452
0.0336	0	154	11	58894.9	235.368	46.3721
0.03384	0	193	9	58941.9	235.957	46.2905
0.03408	0	207	11	58988.9	236.547	46.2091
0.03432	0	250	7	59036.5	237.143	46.1268
0.03456	0	227	6	59087.6	237.785	46.0386
0.0348	0	229	10	59138.8	238.426	45.9506
0.03504	0	233	7	59189.9	239.068	45.8627
0.03528	0	279	6	59243.6	239.742	45.7706
0.03552	0	282	12	59299.4	240.44	45.6753
0.03576	0	335	4	59355.1	241.139	45.5802
0.036	0	349	10	59410.8	241.838	45.4853
0.03624	0	355	7	59471.4	242.598	45.3822
0.03648	0	401	6	59532.1	243.359	45.2793
0.03672	0	445	10	59592.8	244.12	45.1767
0.03696	0	469	6	59655.8	244.91	45.0704
0.0372	0	485	11	59722	245.739	44.9591
0.03744	0	519	1	59788.1	246.568	44.848
0.03768	0	586	4	59854.3	247.397	44.7373
0.03792	0	614	5	59925.6	248.29	44.6182
0.03816	0	656	1	59997.7	249.193	44.4981
0.0384	0	759	2	60069.9	250.096	44.3784
0.03864	0	770	8	60143.9	251.022	44.2559
0.03888	0	801	4	60222.6	252.006	44.126
0.03912	0	924	5	60301.3	252.99	43.9966
0.03936	0	1115	3	60380	253.973	43.8676
0.0396	0	999	7	60463.9	255.021	43.7303
0.03984	0	1139	2	60550	256.112	43.6042
0.04008	0	1156	13	60636.1	257.224	43.4951
0.04032	0	1438	13	60723.4	258.355	43.3852
0.04056	0	1322	3	60817.9	259.583	43.267
0.0408	0	1439	4	60912.5	260.814	43.1497
0.04104	0	1604	8	61007.1	262.047	43.0332
0.04128	0	1683	8	61106.8	263.351	42.9114
0.04152	0	1915	5	61210.3	264.709	42.7859
0.04176	0	1918	8	61313.8	266.069	42.6615
0.042	0	2100	8	61417.4	267.434	42.538
0.04224	0	2332	5	61530.5	268.928	42.4043
0.04248	0	2548	10	61643.6	270.427	42.2717
0.04272	0	2575	11	61756.8	271.93	42.1404
0.04296	0	2937	12	61874.4	273.497	42.0051
0.0432	0	3063	9	61998	275.148	41.8643
0.04344	0	3211	8	62121.5	276.804	41.7249
0.04368	0	3578	5	62245.1	278.464	41.5868
0.04392	0	3945	7	62378.3	280.297	41.4041
0.04416	0	4016	5	62513.2	282.151	41.2206
0.0444	0	4338	5	62648.1	284.001	41.0385
0.04464	0	4811	5	62786.4	285.896	40.8532
0.04488	0	4856	10	62933.3	287.906	40.658
0.04512	0	5403	5	63080.3	289.913	40.4644
0.04536	0	6017	2	63227.3	291.915	40.2724
0.0456	0	6148	6	63382.8	294.029	40.0711
0.04584	0	6692	4	63541.8	296.184	39.8671
0.04608	0	7341	6	63700.7	298.334	39.6649
0.04632	0	7734	6	63861.5	300.501	39.4624
0.04656	0	8222	7	64032.8	302.758	39.2599
0.0468	0	8766	6	64204.2	304.906	39.0846
0.04704	0	9729	2	64375.5	307.046	38.9116
0.04728	0	10273	4	64552.8	309.252	38.7351
0.04752	0	10993	5	64734.5	311.504	38.5566
0.04776	0	11907	2	64916.2	313.746	38.3807
0.048	0	12528	4	65097.9	315.978	38.2073
0.04824	0	13714	1	65289.5	318.321	38.0271
0.04848	0	14630	6	65481.1	320.65	37.8496
0.04872	0	15864	4	65672.7	322.967	37.6748
0.04896	0	16831	4	65868	325.358	37.4873
0.0492	0	17698	0	66068.3	327.841	37.2899
0.04944	0	18864	5	66268.5	330.348	37.0903
0.04968	0	20213	5	66468.8	332.879	36.8884
0.04992	0	22027	2	66672.6	335.48	36.6807
0.05016	0	23404	4	66877.1	338.114	36.4701
0.0504	0	24646	8	67081.5	340.774	36.2574
0.05064	0	26778	8	67285.7	343.457	36.0428
0.05088	0	28279	4	67489.3	346.197	35.8196
0.05112	0	30159	3	67692.9	349.113	35.569
0.05136	0	32355	3	67896.5	352.043	35.3235
0.0516	0	34354	2	68092.8	354.882	35.0913
0.05184	0	36456	4	68286.3	357.693	34.867
0.05208	0	39191	3	68479.7	360.517	34.647
0.05232	0	41219	2	68670.7	363.318	34.434
0.05256	0	44021	5	68846.7	365.911	34.2412
0.0528	0	46541	4	69022.8	368.515	34.0518
0.05304	0	49216	2	69198.8	371.117	33.8717
0.05328	0	53047	3	69355.1	373.309	33.7684
0.05352	0	55863	0	69496.5	375.286	33.6748
0.05376	0	58695	4	69637.9	377.254	33.5809
0.054	0	62472	1	69779.3	379.215	33.4869
0.05424	0	65554	2	69878.9	380.591	33.4206
0.05448	0	69303	4	69978.4	381.963	33.3543
0.05472	0	73421	4	70078	383.33	33.2879
0.05496	0	75970	2	70155.1	384.386	33.2364
0.0552	0	80896	3	70202.2	385.031	33.2048
0.05544	0	84637	6	70249.4	385.675	33.1733
0.05568	0	88976	4	70296.6	386.318	33.1417
0.05592	0	92578	4	70285	386.16	33.1495
0.05616	0	96615	3	70263.6	385.868	33.1638
0.0564	0	101507	2	70242.2	385.577	33.1781
0.05664	0	105052	4	70200.3	385.004	33.2061
0.05688	0	110401	4	70107.1	383.729	33.2684
0.05712	0	115073	3	70013.9	382.45	33.3306
0.05736	0	118765	5	69920.7	381.168	33.3928
0.0576	0	122404	1	69770.8	379.097	33.4926
0.05784	0	126748	0	69598.2	376.703	33.6073
0.05808	0	132393	4	69425.6	374.296	33.7217
0.05832	0	134526	4	69244.3	371.756	33.8417
0.05856	0	138883	1	69010.3	368.33	34.0652
0.0588	0	143577	5	68776.3	364.872	34.3179
0.05904	0	146907	2	68542.3	361.433	34.5767
0.05928	0	149950	0	68274.5	357.522	34.8805
0.05952	0	152521	7	67981.5	353.27	35.2225
0.05976	0	155570	3	67688.4	349.048	35.5745
0.06	0	158538	2	67395.3	344.908	35.9268
0.06024	0	161595	8	67064.3	340.549	36.2754
0.06048	0	164518	3	66733.4	336.26	36.6184
0.06072	0	167606	4	66402.4	332.037	36.9556
0.06096	0	169185	3	66063.8	327.786	37.2944
0.0612	0	170865	3	65715	323.478	37.6365
0.06144	0	173779	3	65366.3	319.256	37.9556
0.06168	0	176172	2	65017.5	314.993	38.2837
0.06192	0	176680	1	64663.1	310.62	38.6264
0.06216	0	176155	2	64307.6	306.199	38.9798
0.0624	0	178524	2	63952.2	301.721	39.3489
0.06264	0	178618	5	63601.4	296.992	39.791
0.06288	0	179836	5	63262.2	292.39	40.227
0.06312	0	180605	2	62923	287.765	40.6717
0.06336	0	181994	2	62583.8	283.12	41.1251
0.0636	0	181188	2	62246.6	278.485	41.5847
0.06384	0	181899	7	61910.2	273.975	41.9641
0.06408	0	184010	4	61573.8	269.502	42.3534
0.06432	0	183959	3	61239.9	265.097	42.7502
0.06456	0	181706	2	60921	260.924	43.1392
0.0648	0	183703	2	60602.1	256.784	43.5381
0.06504	0	183780	13	60283.1	252.763	44.0264
0.06528	0	182811	8	59970.6	248.854	44.5433
0.06552	0	181806	7	59662.9	244.999	45.0585
0.06576	0	182620	4	59355.1	241.14	45.5801
0.066	0	180791	6	59047.4	237.28	46.1081
0.06624	0	179899	4	58768.4	233.775	46.5889
0.06648	0	181755	7	58489.4	230.053	46.9428
0.06672	0	178140	88	58210.4	226.354	47.3053
0.06696	0	177975	186	57953.7	222.972	47.6467
0.0672	0	175673	523	57726.6	219.998	47.9548
0.06744	0	176949	973	57499.6	217.041	48.269
0.06768	0	174121	2099	57272.5	214.101	48.5892
0.06792	0	172036	2665	57086.8	211.709	48.8557
0.06816	0	172486	3348	56908	209.505	49.1884
0.0684	0	172936	4028	56729.1	207.348	49.5525
0.06864	0	173352	5587	56571.1	205.457	49.88
0.06888	1	170757	8378	56465.1	204.196	50.1028
0.06912	0	172407	11134	56359.1	202.942	50.328
0.06936	0	172107	14302	56253.1	201.693	50.5557
0.0696	0	172283	15829	56198.5	201.052	50.6742
0.06984	0	171934	19357	56164.3	200.652	50.7485
0.07008	2	175567	21734	56130.2	200.253	50.8231
0.07032	6	177675	25468	56108.4	199.999	50.8708
0.07056	7	177888	32088	56161	200.613	50.7558
0.0708	9	179285	33344	56213.6	201.229	50.6414
0.07104	14	182612	37749	56266.2	201.846	50.5276
0.07128	16	182007	44579	56363.7	202.995	50.3183
0.07152	24	186023	47170	56494.9	204.549	50.04
0.07176	31	188797	48817	56626.1	206.113	49.7655
0.072	47	190591	57294	56757.3	207.686	49.4948
0.07224	68	194251	61208	56951	210.027	49.1017
0.07248	60	197869	64833	57144.8	212.455	48.772
0.07272	85	203207	69753	57338.6	214.955	48.4954
0.07296	98	207254	76041	57553.1	217.737	48.1943
0.0732	136	212432	80843	57795.4	220.897	47.8609
0.07344	186	219858	84800	58037.6	224.075	47.5343
0.07368	200	223959	90153	58279.8	227.272	47.2144
0.07392	308	228846	99312	58553.8	230.91	46.8604
0.07416	374	235669	102645	58833	234.592	46.4797
0.0744	447	242898	109734	59112.3	238.094	45.9961
0.07464	554	250785	116547	59401.7	241.725	45.5006
0.07488	720	257876	123159	59716.5	245.671	44.9682
0.07512	947	267349	130696	60031.3	249.614	44.4423
0.07536	1248	276116	137166	60346.2	253.55	43.923
0.0756	1675	285726	143070	60647.5	257.371	43.4808
0.07584	1981	294662	150325	60943.3	261.215	43.1116
0.07608	2513	307031	155252	61239.2	265.088	42.7511
0.07632	3162	320354	163756	61525.5	268.862	42.4102
0.07656	3920	333749	172070	61753.9	271.892	42.1437
0.0768	5030	346324	177476	61982.3	274.939	41.882
0.07704	6264	362539	185532	62210.7	278.002	41.6251
0.07728	7827	379495	198206	62344.1	279.827	41.4509
0.07752	9883	396239	205437	62406.3	280.681	41.366
0.07776	12097	417999	211509	62468.4	281.535	41.2814
0.078	14651	437838	222211	62530.5	282.389	41.1971
0.07824	18069	461682	240857	62268.4	278.785	41.5547
0.07848	21460	489059	245848	62006.3	275.26	41.8548
0.07872	25588	516809	257208	61744.2	271.763	42.1549
0.07896	28874	549517	274265	61231.5	264.987	42.7603
0.0792	33516	578372	284517	60384.8	254.033	43.8597
0.07944	39992	611479	289755	59538	243.434	45.2693
0.07968	48184	651238	301015	58691.3	232.744	46.6859
0.07992	53241	692027	320535	57217.2	213.387	48.6682
0.08016	57811	722862	323319	55638.5	194.574	51.9275
0.0804	64123	753665	330705	54059.8	176.949	55.2758
0.08064	71589	783899	349339	52358.1	157.646	58.4863
0.08088	76244	814634	366944	50348.7	136.037	64.106
0.08112	80330	824988	365630	48339.2	114.149	69.6245
0.08136	83854	839450	380279	46329.8	101.124	84.4234
0.0816	85150	857326	411901	44426.3	82.5402	93.8124
0.08184	87159	850957	411669	42565.1	65.9396	96.0789
0.08208	87669	853196	419906	40704	50.2222	103.947
0.08232	88572	863206	457390	38940.3	40.8417	121.845
0.08256	89931	876377	505076	37761.6	35.3293	137.438
0.0828	88975	873240	497028	36583	29.1278	153.15
0.08304	86501	882472	530485	35404.3	21.9926	162.564
0.08328	83520	900900	602315	34733	18.3752	167.006
0.08352	81888	905585	626312	34442.4	17.0067	169.338
0.08376	79223	909355	631523	34151.7	15.9388	173.551
0.084	76631	929696	688573	33861	14.9472	178.175
0.08424	73799	956458	792299	34333.9	16.5987	170.865
0.08448	71269	951486	735062	34806.7	18.7472	166.505
0.08472	69589	964127	758309	35279.5	21.2808	163.368
0.08496	69278	982822	847487	35920.3	25.1375	159.34
0.0852	68585	988836	874623	36785.1	30.2346	150.593
0.08544	67696	990277	807469	37649.9	34.7766	139
0.08568	66982	1.0107e+06	848748	38514.7	38.8509	127.179
0.08592	66794	1.04041e+06	1.00289e+06	39298.4	42.525	117.6
0.08616	66905	1.02779e+06	845952	40068.7	46.4084	109.356
0.0864	67452	1.03305e+06	825241	40838.9	51.1005	102.952
0.08664	68377	1.06782e+06	932017	41520.4	56.0618	98.8508
0.08688	69833	1.08558e+06	997145	41979.9	60.2622	97.395
0.08712	71282	1.07419e+06	820299	42439.4	64.6886	96.312
0.08736	72761	1.08684e+06	866733	42898.9	69.3449	95.5897
0.0876	74723	1.11299e+06	1.06121e+06	43127.3	71.7457	95.3623
0.08784	76034	1.10139e+06	910567	43263.2	72.9585	95.287
0.08808	77278	1.1045e+06	836172	43399.2	74.0862	95.2022
0.08832	79040	1.13321e+06	953735	43466.4	74.6438	95.1516
0.08856	81000	1.16605e+06	1.10538e+06	43121.6	71.6846	95.367
0.0888	82600	1.16839e+06	859914	42776.7	68.0836	95.7471
0.08904	83966	1.20306e+06	892411	42431.8	64.6136	96.3269
0.08928	84789	1.25878e+06	1.11062e+06	41835.5	58.918	97.8117
0.08952	84918	1.26243e+06	1.04202e+06	41050.6	52.5298	101.494
0.08976	84837	1.26807e+06	898824	40265.6	47.5367	107.545
0.09	84609	1.2959e+06	1.02029e+06	39480.7	43.3831	115.52
0.09024	84225	1.34908e+06	1.28502e+06	38841.2	40.3768	123.059
0.09048	83663	1.31402e+06	973830	38201.6	37.3978	131.314
0.09072	82443	1.31894e+06	1.00944e+06	37562.1	34.3355	140.22
0.09096	81201	1.35558e+06	1.25256e+06	37205	32.4891	145.086
0.0912	79641	1.35099e+06	1.25868e+06	37224.5	32.5921	144.823
0.09144	78587	1.3334e+06	1.08288e+06	37244.1	32.6949	144.56
0.09168	77545	1.3381e+06	1.18007e+06	37263.6	32.7975	144.297
0.09192	76411	1.38197e+06	1.42381e+06	37670.3	34.8782	138.716
0.09216	74936	1.3543e+06	1.20787e+06	38141.5	37.12	132.13
0.0924	74268	1.35473e+06	1.15539e+06	38612.7	39.3079	125.922
0.09264	73356	1.37984e+06	1.29048e+06	39061.9	41.4126	120.38
0.09288	72507	1.40749e+06	1.44493e+06	39456.2	43.2677	115.797
0.09312	72493	1.38967e+06	1.16819e+06	39850.5	45.2122	111.508
0.09336	72149	1.40264e+06	1.2028e+06	40244.8	47.4153	107.731
0.0936	72512	1.44832e+06	1.49081e+06	40436.2	48.5521	106.077
0.09384	72301	1.43568e+06	1.29544e+06	40546.4	49.2278	105.175
0.09408	72567	1.44068e+06	1.17327e+06	40656.5	49.9194	104.309
0.09432	73144	1.46511e+06	1.31844e+06	40752.8	50.5368	103.581
0.09456	73193	1.51116e+06	1.60079e+06	40765.3	50.618	103.488
0.0948	73132	1.48782e+06	1.22964e+06	40777.8	50.6994	103.396
0.09504	73547	1.49885e+06	1.26439e+06	40790.3	50.7811	103.305
0.09528	73319	1.5458e+06	1.58913e+06	40845.3	51.1429	102.906
0.09552	73865	1.54624e+06	1.49064e+06	40932.3	51.7231	102.294
0.09576	73907	1.54698e+06	1.28892e+06	41019.2	52.3142	101.702
0.096	73668	1.56975e+06	1.44992e+06	41106.2	52.9163	101.131
0.09624	73552	1.63683e+06	1.72804e+06	41210.8	53.6558	100.471
0.09648	74110	1.60745e+06	1.42678e+06	41315.4	54.4119	99.8392
0.09672	73899	1.62588e+06	1.40127e+06	41420	55.1853	99.2357
0.09696	73977	1.6753e+06	1.65131e+06	41515.7	56.0197	98.8678
0.0972	74217	1.69204e+06	1.68335e+06	41599.3	56.7671	98.5737
0.09744	74470	1.69079e+06	1.48386e+06	41682.9	57.5218	98.2924
0.09768	74813	1.71373e+06	1.57301e+06	41766.5	58.284	98.0237
0.09792	74657	1.78306e+06	1.87258e+06	41835.7	58.9203	97.8109
0.09816	75033	1.75726e+06	1.59766e+06	41902.5	59.5395	97.6136
0.0984	74900	1.77552e+06	1.56092e+06	41969.4	60.1633	97.4242
0.09864	75682	1.82683e+06	1.72738e+06	42075.2	61.162	97.1401
0.09888	75850	1.85782e+06	1.9689e+06	42278.9	63.1162	96.6488
0.09912	76284	1.84484e+06	1.60633e+06	42482.5	65.1152	96.2291
0.09936	76964	1.88553e+06	1.71442e+06	42686.1	67.1594	95.88
0.0996	77346	1.96451e+06	2.1542e+06	43011.3	70.5189	95.467
0.09984	77993	1.95469e+06	1.87911e+06	43385.1	73.9695	95.2121
0.10008	79181	1.96864e+06	1.70498e+06	43758.9	77.0652	94.8651
0.10032	80368	2.02976e+06	1.98598e+06	44139	80.1948	94.3328
0.10056	80962	2.11104e+06	2.2225e+06	44556.8	83.5982	93.5428
0.1008	81953	2.08292e+06	1.90642e+06	44974.5	87.1362	92.3899
0.10104	83967	2.11375e+06	1.94992e+06	45392.2	91.4862	90.2726
0.10128	84841	2.20507e+06	2.23638e+06	45777.5	95.4769	88.0416
0.10152	87819	2.20952e+06	2.21953e+06	46138.5	99.1804	85.7295
0.10176	90179	2.21265e+06	1.9885e+06	46499.4	102.834	83.2225
0.102	92618	2.28321e+06	2.12111e+06	46860.4	105.544	80.3248
0.10224	95804	2.40801e+06	2.7726e+06	46656.6	104.312	82.0455
0.10248	98629	2.36721e+06	2.05865e+06	46452.8	102.365	83.5564
0.10272	102192	2.43161e+06	2.0281e+06	46249	100.306	84.9813
0.10296	104178	2.55925e+06	2.475e+06	45943.6	97.1863	87.0032
0.1032	105659	2.58666e+06	2.48808e+06	45502.7	92.6329	89.6595
0.10344	107916	2.57726e+06	2.22136e+06	45061.7	88.0453	91.975
0.10368	108574	2.6178e+06	2.48024e+06	44620.8	84.1152	93.4032
0.10392	110649	2.74866e+06	2.94883e+06	44398.6	82.3151	93.8669
0.10416	110666	2.72212e+06	2.53907e+06	44212.9	80.8	94.2086
0.1044	111666	2.76089e+06	2.37078e+06	44027.2	79.2769	94.508
0.10464	112177	2.87221e+06	2.77698e+06	43756.4	77.0439	94.8681
0.10488	113175	2.95013e+06	3.25323e+06	43272.5	73.0352	95.282
0.10512	114029	2.91707e+06	2.53458e+06	42788.6	68.2058	95.7307
0.10536	114726	2.97356e+06	2.66302e+06	42304.7	63.3675	96.5916
0.1056	113721	3.09891e+06	3.02744e+06	41931.4	59.8081	97.5309
0.10584	113326	3.04723e+06	2.80194e+06	41602.3	56.7938	98.5635
0.10608	112980	3.04387e+06	2.66727e+06	41273.1	54.1042	100.091
0.10632	111498	3.12283e+06	2.9652e+06	41024.9	52.3532	101.664
0.10656	110693	3.23916e+06	3.86467e+06	41262.2	54.0251	100.157
0.1068	109746	3.17033e+06	2.85793e+06	41499.5	55.8759	98.9262
0.10704	109654	3.18661e+06	2.94122e+06	41736.8	58.0118	98.1179
0.10728	107789	3.29384e+06	3.36329e+06	41986.3	60.3223	97.3774
0.10752	107568	3.24336e+06	3.21106e+06	42245	62.7884	96.7255
0.10776	107524	3.18908e+06	2.78015e+06	42503.8	65.327	96.1893
0.108	108050	3.22464e+06	3.01169e+06	42762.5	67.9385	95.767
0.10824	108242	3.39017e+06	3.99902e+06	42634.8	66.6402	95.9613
0.10848	107477	3.25804e+06	2.93662e+06	42507.1	65.3598	96.1832
0.10872	108086	3.26906e+06	2.94132e+06	42379.4	64.0972	96.4328
0.10896	108154	3.35068e+06	3.20752e+06	42172.2	62.0871	96.8971
0.1092	108776	3.32702e+06	3.44976e+06	41859.2	59.137	97.7408
0.10944	109420	3.23853e+06	2.8434e+06	41546.1	56.2913	98.7591
0.10968	110163	3.26118e+06	3.15294e+06	41233.1	53.8155	100.334
0.10992	110566	3.39495e+06	3.6506e+06	40977.1	52.0263	101.986
0.11016	110634	3.25805e+06	3.06444e+06	40730.6	50.3936	103.746
0.1104	110675	3.23338e+06	2.86176e+06	40484.1	48.8441	105.68
0.11064	111276	3.30131e+06	3.074e+06	40190.8	47.1022	108.219
0.11088	110694	3.32473e+06	3.85213e+06	39780.3	44.8385	112.236
0.11112	111827	3.183e+06	2.88696e+06	39369.8	42.8609	116.78
0.11136	113008	3.16203e+06	2.92502e+06	38959.3	40.9308	121.615
0.1116	114357	3.26482e+06	3.24312e+06	38548.7	39.0096	126.74
0.11184	115521	3.12802e+06	3.00814e+06	38138.1	37.1045	132.175
0.11208	117564	3.03349e+06	2.66647e+06	37727.5	35.1617	137.916
0.11232	119730	3.04478e+06	2.91763e+06	37301.5	32.9959	143.785
0.11256	122939	3.10456e+06	3.6373e+06	36783.1	30.2238	150.618
0.1128	126969	2.93164e+06	2.67417e+06	36264.7	27.3707	157.036
0.11304	130825	2.91336e+06	2.63531e+06	35746.3	24.0403	160.409
0.11328	135111	2.97578e+06	2.9068e+06	35177.9	20.7148	164.03
0.11352	139227	2.85961e+06	2.78949e+06	34572	17.5826	168.115
0.11376	147395	2.73118e+06	2.45515e+06	33966.1	15.2973	176.454
0.114	155111	2.72383e+06	2.54863e+06	33360.2	13.4007	187.187
0.11424	164091	2.81607e+06	3.0595e+06	33240	13.0576	189.56
0.11448	174156	2.62609e+06	2.45562e+06	33119.8	12.7245	192.021
0.11472	185613	2.56544e+06	2.33273e+06	32999.6	12.4013	194.571
0.11496	195966	2.59936e+06	2.64446e+06	33055.8	12.5512	193.367
0.1152	206203	2.54696e+06	2.70971e+06	33347.2	13.363	187.44
0.11544	214882	2.43614e+06	2.24836e+06	33638.6	14.2361	182.009
0.11568	222514	2.44667e+06	2.29298e+06	33930	15.1758	177.04
0.11592	225944	2.5335e+06	2.74541e+06	34200.1	16.1112	172.822
0.11616	224259	2.38295e+06	2.30586e+06	34466.7	17.0998	169.003
0.1164	217923	2.34549e+06	2.06979e+06	34733.3	18.3767	167.004
0.11664	207190	2.40885e+06	2.39452e+06	35008.5	19.7973	165.149
0.11688	190248	2.37696e+06	2.69348e+06	35305	21.4245	163.204
0.11712	171137	2.15806e+06	2.12028e+06	35601.5	23.1556	161.313
0.11736	149179	2.07878e+06	2.12068e+06	35898	24.9942	159.477
0.1176	124263	2.10419e+06	2.61149e+06	35764.4	24.1526	160.297
0.11784	100952	1.91253e+06	2.12064e+06	35458.9	22.3099	162.216
0.11808	77652	1.82803e+06	1.80437e+06	35153.4	20.5796	164.191
0.11832	58221	1.90013e+06	1.99287e+06	35024.6	19.8829	165.042
0.11856	42567	2.0445e+06	2.51735e+06	35956.2	25.3684	159.122
0.1188	30082	2.22181e+06	2.05372e+06	36887.9	30.7928	149.269
0.11904	20047	2.48804e+06	2.38361e+06	37819.5	35.6118	136.623
0.11928	12605	2.71258e+06	3.06383e+06	44450.5	82.7369	93.7639
0.11952	8114	2.783e+06	3.25627e+06	55355.9	191.369	52.5882
0.11976	0	2.59123e+06	1.91446e+06	66261.4	330.258	37.0975
