0	0	0	0	56314.6	202.417	50.4233
0.00024	0	0	0	56317.5	202.45	50.4172
0.00048	0	0	0	56320.4	202.484	50.411
0.00072	0	0	0	56323.2	202.518	50.4048
0.00096	0	0	0	56326.2	202.553	50.3986
0.0012	0	0	0	56329.2	202.588	50.3921
0.00144	0	0	0	56332.2	202.623	50.3857
0.00168	0	0	0	56335.2	202.659	50.3792
0.00192	0	0	0	56338.3	202.696	50.3726
0.00216	0	0	0	56341.4	202.733	50.3658
0.0024	0	0	0	56344.6	202.77	50.3591
0.00264	0	0	0	56347.8	202.808	50.3523
0.00288	0	0	0	56351.1	202.847	50.3452
0.00312	0	0	0	56354.4	202.886	50.3382
0.00336	0	0	0	56357.7	202.924	50.3311
0.0036	0	0	0	56361.1	202.965	50.3238
0.00384	0	0	0	56364.5	203.006	50.3164
0.00408	0	0	0	56368	203.046	50.3091
0.00432	0	0	0	56371.5	203.087	50.3016
0.00456	0	0	0	56375.1	203.13	50.2939
0.0048	0	0	0	56378.7	203.173	50.2861
0.00504	0	0	0	56382.4	203.216	50.2784
0.00528	0	0	0	56386.1	203.26	50.2705
0.00552	0	0	0	56389.9	203.305	50.2624
0.00576	0	0	0	56393.7	203.35	50.2542
0.006	0	0	0	56397.5	203.395	50.2461
0.00624	0	0	0	56401.5	203.443	50.2376
0.00648	0	0	0	56405.5	203.49	50.2291
0.00672	0	0	0	56409.5	203.537	50.2206
0.00696	0	0	0	56413.6	203.586	50.2119
0.0072	0	0	0	56417.8	203.636	50.203
0.00744	0	0	0	56422	203.685	50.194
0.00768	0	0	0	56426.2	203.735	50.1851
0.00792	0	0	0	56430.6	203.787	50.1758
0.00816	0	0	0	56435.1	203.84	50.1664
0.0084	0	0	0	56439.5	203.892	50.157
0.00864	0	0	0	56444	203.946	50.1475
0.00888	0	0	0	56448.6	204.001	50.1376
0.00912	0	0	0	56453.3	204.056	50.1277
0.00936	0	0	0	56458	204.112	50.1179
0.0096	0	0	0	56462.8	204.169	50.1076
0.00984	0	1	0	56467.7	204.227	50.0972
0.01008	0	0	0	56472.7	204.286	50.0868
0.01032	0	0	0	56477.6	204.344	50.0764
0.01056	0	0	0	56482.8	204.406	50.0654
0.0108	0	0	0	56488	204.468	50.0545
0.01104	0	1	0	56493.2	204.529	50.0436
0.01128	0	0	0	56498.5	204.593	50.0323
0.01152	0	2	0	56504	204.658	50.0208
0.01176	0	0	0	56509.5	204.723	50.0093
0.012	0	0	0	56514.9	204.788	49.9978
0.01224	0	0	0	56520.7	204.857	49.9856
0.01248	0	0	0	56526.5	204.926	49.9734
0.01272	0	3	0	56532.3	204.995	49.9613
0.01296	0	0	2	56538.2	205.065	49.9488
0.0132	0	0	0	56544.4	205.138	49.936
0.01344	0	0	0	56550.5	205.211	49.9232
0.01368	0	1	1	56556.6	205.284	49.9103
0.01392	0	1	0	56563.1	205.361	49.8969
0.01416	0	0	0	56569.5	205.438	49.8833
0.0144	0	0	0	56576	205.516	49.8697
0.01464	0	0	0	56582.6	205.594	49.856
0.01488	0	3	0	56589.5	205.676	49.8416
0.01512	0	2	0	56596.4	205.759	49.8273
0.01536	0	1	0	56603.3	205.841	49.813
0.0156	0	0	1	56610.4	205.926	49.798
0.01584	0	0	0	56617.7	206.014	49.7828
0.01608	0	1	0	56625	206.101	49.7677
0.01632	0	1	1	56632.4	206.189	49.7524
0.01656	0	5	1	56640.1	206.282	49.7363
0.0168	0	1	0	56647.9	206.374	49.7202
0.01704	0	3	0	56655.7	206.467	49.7041
0.01728	0	0	1	56663.7	206.563	49.6875
0.01752	0	0	1	56671.9	206.662	49.6704
0.01776	0	5	2	56680.2	206.761	49.6534
0.018	0	4	1	56688.4	206.86	49.6364
0.01824	0	3	0	56697.2	206.965	49.6182
0.01848	0	4	0	56706	207.07	49.6002
0.01872	0	1	3	56714.8	207.176	49.5821
0.01896	0	8	1	56723.8	207.284	49.5635
0.0192	0	4	2	56733.2	207.397	49.5442
0.01944	0	3	1	56742.5	207.509	49.525
0.01968	0	2	2	56751.9	207.622	49.5057
0.01992	0	4	3	56761.9	207.742	49.4854
0.02016	0	4	1	56771.9	207.862	49.4649
0.0204	0	3	4	56781.9	207.983	49.4444
0.02064	0	3	0	56792.1	208.106	49.4235
0.02088	0	4	0	56802.8	208.235	49.4017
0.02112	0	6	0	56813.5	208.364	49.3799
0.02136	0	7	0	56824.2	208.492	49.3581
0.0216	0	7	2	56835.4	208.628	49.3353
0.02184	0	6	0	56846.9	208.766	49.312
0.02208	0	8	0	56858.3	208.904	49.2888
0.02232	0	9	4	56869.9	209.044	49.2654
0.02256	0	7	2	56882.2	209.193	49.2405
0.0228	0	6	3	56894.5	209.342	49.2156
0.02304	0	7	1	56906.8	209.491	49.1908
0.02328	0	8	1	56919.6	209.646	49.165
0.02352	0	5	7	56932.8	209.806	49.1384
0.02376	0	19	2	56946	209.966	49.1118
0.024	0	13	3	56959.2	210.127	49.0853
0.02424	0	11	5	56973.4	210.299	49.0568
0.02448	0	13	3	56987.6	210.472	49.0284
0.02472	0	16	4	57001.8	210.645	49
0.02496	0	17	2	57016.5	210.823	48.9707
0.0252	0	14	4	57031.8	211.01	48.9402
0.02544	0	15	6	57047.1	211.2	48.9131
0.02568	0	13	0	57062.5	211.397	48.8909
0.02592	0	17	4	57078.8	211.607	48.8673
0.02616	0	24	3	57095.3	211.819	48.8434
0.0264	0	24	4	57111.8	212.031	48.8196
0.02664	0	25	3	57128.7	212.248	48.7952
0.02688	0	27	4	57146.5	212.477	48.7695
0.02712	0	35	4	57164.4	212.707	48.7439
0.02736	0	30	5	57182.2	212.937	48.7183
0.0276	0	26	5	57201.1	213.18	48.6911
0.02784	0	33	4	57220.5	213.43	48.6634
0.02808	0	36	4	57239.9	213.68	48.6357
0.02832	0	27	8	57259.5	213.933	48.6078
0.02856	0	37	9	57280.5	214.204	48.5778
0.0288	0	44	5	57301.6	214.476	48.5479
0.02904	0	52	9	57322.6	214.748	48.518
0.02928	0	51	3	57344.7	215.033	48.4868
0.02952	0	42	6	57367.5	215.329	48.4545
0.02976	0	54	9	57390.3	215.624	48.4223
0.03	0	69	5	57413.2	215.92	48.3901
0.03024	0	77	8	57438.1	216.243	48.3551
0.03048	0	65	9	57463	216.566	48.3201
0.03072	0	74	9	57487.9	216.89	48.2853
0.03096	0	80	12	57513.9	217.227	48.249
0.0312	0	75	11	57541.2	217.581	48.211
0.03144	0	71	5	57568.4	217.936	48.173
0.03168	0	102	7	57595.7	218.291	48.1352
0.03192	0	88	7	57625.2	218.675	48.0944
0.03216	0	99	8	57655.1	219.064	48.0532
0.0324	0	119	11	57684.9	219.454	48.0121
0.03264	0	131	8	57715.5	219.853	47.97
0.03288	0	139	7	57748.2	220.28	47.9253
0.03312	0	145	7	57780.8	220.706	47.8807
0.03336	0	160	6	57813.5	221.133	47.8363
0.0336	0	154	11	57848.3	221.59	47.7889
0.03384	0	193	9	57884.1	222.059	47.7405
0.03408	0	207	11	57919.8	222.528	47.6923
0.03432	0	250	7	57956.1	223.004	47.6434
0.03456	0	227	6	57995.5	223.522	47.5905
0.0348	0	229	10	58035	224.041	47.5378
0.03504	0	233	7	58074.4	224.56	47.4852
0.03528	0	279	6	58116.2	225.111	47.4297
0.03552	0	282	12	58159.8	225.686	47.372
0.03576	0	335	4	58203.4	226.262	47.3146
0.036	0	349	10	58247	226.838	47.2573
0.03624	0	355	7	58295.1	227.474	47.1944
0.03648	0	401	6	58343.2	228.111	47.1317
0.03672	0	445	10	58391.3	228.749	47.0693
0.03696	0	469	6	58441.5	229.417	47.0044
0.0372	0	485	11	58494.7	230.124	46.936
0.03744	0	519	1	58547.9	230.832	46.8679
0.03768	0	586	4	58601.1	231.54	46.8001
0.03792	0	614	5	58659	232.313	46.7266
0.03816	0	656	1	58717.8	233.098	46.6524
0.0384	0	759	2	58776.6	233.883	46.5781
0.03864	0	770	8	58837.1	234.642	46.4726
0.03888	0	801	4	58902	235.456	46.3598
0.03912	0	924	5	58966.9	236.271	46.2472
0.03936	0	1115	3	59031.8	237.085	46.1349
0.0396	0	999	7	59101.9	237.963	46.0141
0.03984	0	1139	2	59173.9	238.867	45.8902
0.04008	0	1156	13	59246	239.771	45.7666
0.04032	0	1438	13	59319.2	240.69	45.6413
0.04056	0	1322	3	59399.8	241.7	45.504
0.0408	0	1439	4	59480.3	242.71	45.3672
0.04104	0	1604	8	59560.8	243.719	45.2307
0.04128	0	1683	8	59646.4	244.793	45.0862
0.04152	0	1915	5	59735.9	245.914	44.9356
0.04176	0	1918	8	59825.4	247.035	44.7856
0.042	0	2100	8	59914.8	248.155	44.6362
0.04224	0	2332	5	60014	249.397	44.4711
0.04248	0	2548	10	60113.2	250.638	44.3066
0.04272	0	2575	11	60212.4	251.879	44.1428
0.04296	0	2937	12	60316.2	253.176	43.9721
0.0432	0	3063	9	60426.1	254.549	43.7921
0.04344	0	3211	8	60536	255.931	43.622
0.04368	0	3578	5	60645.9	257.351	43.4827
0.04392	0	3945	7	60766	258.908	43.3319
0.04416	0	4016	5	60887.7	260.49	43.1804
0.0444	0	4338	5	61009.5	262.078	43.0303
0.04464	0	4811	5	61134.9	263.719	42.8773
0.04488	0	4856	10	61269.5	265.486	42.7146
0.04512	0	5403	5	61404.2	267.26	42.5537
0.04536	0	6017	2	61538.8	269.039	42.3945
0.0456	0	6148	6	61682.7	270.945	42.2263
0.04584	0	6692	4	61830.2	272.907	42.0558
0.04608	0	7341	6	61977.7	274.877	41.8873
0.04632	0	7734	6	62127.1	276.878	41.7186
0.04656	0	8222	7	62288.1	279.056	41.5277
0.0468	0	8766	6	62449.1	281.27	41.3077
0.04704	0	9729	2	62610.1	283.48	41.0897
0.04728	0	10273	4	62777.4	285.773	40.8653
0.04752	0	10993	5	62949.4	288.126	40.6367
0.04776	0	11907	2	63121.5	290.474	40.4105
0.048	0	12528	4	63293.5	292.816	40.1864
0.04824	0	13714	1	63476.3	295.298	39.9508
0.04848	0	14630	6	63659.1	297.772	39.7176
0.04872	0	15864	4	63842	300.238	39.4869
0.04896	0	16831	4	64028.8	302.707	39.264
0.0492	0	17698	0	64221.1	305.117	39.0674
0.04944	0	18864	5	64413.3	307.517	38.8738
0.04968	0	20213	5	64605.5	309.907	38.683
0.04992	0	22027	2	64801.2	312.329	38.4917
0.05016	0	23404	4	64997.5	314.746	38.3028
0.0504	0	24646	8	65193.7	317.152	38.1168
0.05064	0	26778	8	65389.4	319.537	37.9342
0.05088	0	28279	4	65583.5	321.89	37.7559
0.05112	0	30159	3	65777.6	324.245	37.5757
0.05136	0	32355	3	65971.7	326.641	37.3854
0.0516	0	34354	2	66155.9	328.935	37.2028
0.05184	0	36456	4	66336.1	331.2	37.0224
0.05208	0	39191	3	66516.4	333.484	36.8401
0.05232	0	41219	2	66693.3	335.745	36.6595
0.05256	0	44021	5	66850.6	337.771	36.4976
0.0528	0	46541	4	67007.8	339.812	36.3344
0.05304	0	49216	2	67165	341.868	36.1699
0.05328	0	53047	3	67296.4	343.598	36.0316
0.05352	0	55863	0	67408.3	345.081	35.913
0.05376	0	58695	4	67520.2	346.639	35.7812
0.054	0	62472	1	67632.2	348.242	35.6432
0.05424	0	65554	2	67689.2	349.06	35.5735
0.05448	0	69303	4	67746.3	349.88	35.5041
0.05472	0	73421	4	67803.3	350.7	35.4352
0.05496	0	75970	2	67830.7	351.095	35.4023
0.0552	0	80896	3	67818.5	350.919	35.4169
0.05544	0	84637	6	67806.3	350.743	35.4316
0.05568	0	88976	4	67794.1	350.567	35.4464
0.05592	0	92578	4	67703.4	349.264	35.5562
0.05616	0	96615	3	67599.7	347.776	35.6831
0.0564	0	101507	2	67495.9	346.292	35.8113
0.05664	0	105052	4	67364.1	344.495	35.9599
0.05688	0	110401	4	67162.3	341.832	36.1728
0.05712	0	115073	3	66960.4	339.195	36.3837
0.05736	0	118765	5	66758.5	336.583	36.5925
0.0576	0	122404	1	66477	332.983	36.8801
0.05784	1	126748	0	66163.6	329.032	37.1952
0.05808	3	132393	4	65850.2	325.139	37.5047
0.05832	6	134525	4	65523.5	321.165	37.8107
0.05856	4	138882	1	65116.8	316.211	38.1893
0.0588	10	143572	5	64710.2	311.203	38.5803
0.05904	27	146900	2	64303.5	306.147	38.984
0.05928	41	149931	0	63842	300.239	39.4868
0.05952	58	152492	4	63339.5	293.441	40.127
0.05976	109	155520	1	62836.9	286.588	40.7859
0.06	175	158479	0	62334.4	279.693	41.4642
0.06024	257	161508	5	61759.2	271.963	42.1375
0.06048	331	164375	1	61184.1	264.364	42.8177
0.06072	428	167406	3	60608.9	256.873	43.5295
0.06096	576	168923	1	60014.9	249.407	44.4697
0.0612	758	170523	2	59395.6	241.648	45.5111
0.06144	1094	173338	1	58776.4	233.881	46.5784
0.06168	1560	175527	1	58157.1	225.651	47.3755
0.06192	2054	175831	0	57522.5	217.34	48.2369
0.06216	2713	174972	2	56885.4	209.232	49.234
0.0624	3296	177071	2	56248.2	201.636	50.5663
0.06264	3902	176823	1	55619.7	194.359	51.9709
0.06288	4739	177679	1	55012.5	187.541	53.3223
0.06312	5616	178109	0	54405.3	180.787	54.5755
0.06336	6721	178941	1	53798.2	174.048	55.7995
0.0636	8090	177468	1	53216.7	167.449	56.8637
0.06384	9113	177765	0	52645.4	160.91	57.9217
0.06408	10469	179342	3	52074.2	154.44	59.0663
0.06432	12200	178651	0	51513	148.352	60.5082
0.06456	13697	175810	0	51012.5	143.055	62.0119
0.0648	15480	176791	1	50512	137.761	63.58
0.06504	17223	176531	6	50011.5	132.305	65.0764
0.06528	19017	175001	0	49549.4	126.772	66.0265
0.06552	20460	173580	1	49116.3	121.936	67.1096
0.06576	21823	173883	3	48683.1	117.415	68.3877
0.066	23752	171452	1	48250	113.649	70.1899
0.06624	25517	170427	1	47893.1	111.622	72.5473
0.06648	27233	172361	1	47536.1	109.555	75.0674
0.06672	29120	168092	85	47179.2	107.451	77.7614
0.06696	31076	168213	183	46858.9	105.534	80.3374
0.0672	33379	165884	521	46587.3	103.714	82.5849
0.06744	34626	167035	972	46315.8	100.982	84.5211
0.06768	36453	164678	2093	46044.2	98.2176	86.3528
0.06792	38264	163238	2656	45815.3	95.867	87.8091
0.06816	39253	164645	3339	45593.6	93.5754	89.1386
0.0684	41312	165432	4023	45371.8	91.2738	90.3836
0.06864	42721	166204	5573	45162.9	89.0997	91.4754
0.06888	44146	164247	8107	44986.2	87.2582	92.3351
0.06912	45568	166102	10404	44809.5	85.6319	92.9628
0.06936	46826	166686	13007	44632.8	84.2122	93.3764
0.0696	47848	167480	14464	44477.5	82.9558	93.7091
0.06984	49515	167200	17440	44330.7	81.7621	93.9967
0.07008	50411	170566	19410	44184	80.5628	94.2581
0.07032	51957	173098	22249	44043.3	79.4086	94.4839
0.07056	53015	173149	27452	43939.1	78.5511	94.6353
0.0708	54266	174512	28361	43834.8	77.6918	94.7732
0.07104	55331	177580	32257	43730.6	76.8309	94.8976
0.07128	56628	176813	38486	43652.7	76.1863	94.9817
0.07152	57808	180120	41035	43594.4	75.7041	95.0395
0.07176	59344	182723	42432	43536.2	75.2217	95.0931
0.072	60051	184008	49567	43477.9	74.7391	95.1424
0.07224	61306	186676	53465	43447.9	74.4902	95.1661
0.07248	62042	190137	56591	43417.9	74.2412	95.1887
0.07272	63175	193859	61512	43387.8	73.9922	95.2102
0.07296	64128	197419	67461	43361.8	73.7765	95.2278
0.0732	65254	201143	72472	43341.2	73.6054	95.2412
0.07344	65951	207406	76145	43320.6	73.4343	95.2541
0.07368	66908	210108	80844	43300	73.2632	95.2664
0.07392	67704	213544	89932	43283.1	73.1231	95.2761
0.07416	69099	217863	92786	43266.8	72.9882	95.2851
0.0744	69642	223543	100285	43250.6	72.8533	95.2937
0.07464	70788	229032	107085	43236.9	72.7401	95.3007
0.07488	72206	233002	113500	43229.8	72.681	95.3043
0.07512	72577	239803	119772	43222.7	72.622	95.3078
0.07536	73314	244370	126598	43215.6	72.5629	95.3112
0.0756	74026	249416	133097	43191.4	72.3629	95.3223
0.07584	75347	254485	139721	43160.5	72.1	95.3364
0.07608	75775	261322	144658	43129.6	71.7706	95.3604
0.07632	76661	268197	153011	43094.4	71.3962	95.3897
0.07656	77233	275212	161635	43033.1	70.7484	95.4456
0.0768	77295	280431	166526	42971.8	70.1047	95.5077
0.07704	77981	287896	175171	42910.5	69.4652	95.5761
0.07728	79040	295173	186670	42857.9	68.9194	95.6398
0.07752	79419	301038	193515	42811.7	68.4435	95.6994
0.07776	79777	308694	201126	42765.6	67.97	95.7627
0.078	80245	316109	211435	42719.5	67.4988	95.8294
0.07824	81130	324669	229539	42767.2	67.9861	95.7604
0.07848	81390	332348	235432	42814.9	68.476	95.6953
0.07872	81591	341013	248115	42862.6	68.9684	95.6339
0.07896	82816	351174	265872	42960.3	69.9848	95.52
0.0792	83868	357913	276776	43124.8	71.7187	95.3644
0.07944	83973	364448	283333	43289.2	73.1738	95.2726
0.07968	84458	377175	295337	43453.6	74.5376	95.1617
0.07992	85866	387102	316062	43661.5	76.2596	94.9725
0.08016	85818	396010	319649	43876.7	78.037	94.7195
0.0804	87074	409051	327714	44091.8	79.8074	94.4087
0.08064	87816	421222	347339	44314.6	81.631	94.0267
0.08088	88714	435338	365487	44556.6	83.5968	93.5432
0.08112	89627	443452	364946	44798.6	85.5444	92.9895
0.08136	90358	455384	379897	45040.5	87.8244	92.0772
0.0816	92490	472622	411764	45319.9	90.7344	90.6622
0.08184	93683	478571	410919	45614.3	93.7903	89.0177
0.08208	95227	490988	414447	45908.7	96.8278	87.225
0.08232	98829	510861	442836	46203.6	99.8436	85.291
0.08256	100683	529669	476996	46501.3	102.853	83.2087
0.0828	102779	539996	455829	46799.1	105.174	80.8353
0.08304	105581	559310	470955	47096.9	106.961	78.4088
0.08328	108542	589579	521759	47361.4	108.529	76.364
0.08352	111736	604985	529091	47600.9	109.933	74.5973
0.08376	114948	623789	520561	47840.5	111.32	72.908
0.084	117836	658462	561921	48080.1	112.689	71.2927
0.08424	121786	698451	647973	48236.9	113.575	70.2737
0.08448	125052	709981	586758	48393.7	114.56	69.3556
0.08472	128207	738237	603258	48550.5	116.091	68.8196
0.08496	131576	773046	684096	48677.4	117.357	68.4062
0.0852	136405	790697	709704	48764.2	118.238	68.1334
0.08544	139834	805723	651828	48851	119.131	67.8688
0.08568	143533	837826	698513	48937.8	120.035	67.6122
0.08592	147411	880872	857732	48888.3	119.518	67.7575
0.08616	151941	881714	714957	48816.1	118.77	67.9742
0.0864	155312	900539	706843	48743.9	118.031	68.1965
0.08664	158889	947195	824583	48608.5	116.667	68.6284
0.08688	161921	978568	899738	48315.4	114.016	69.7748
0.08712	164591	978850	735129	48022.2	112.36	71.6761
0.08736	169107	1.00299e+06	793764	47729.1	110.677	73.6844
0.0876	171374	1.0441e+06	999074	47435.5	108.966	75.8084
0.08784	174145	1.04e+06	860999	47141.9	107.229	78.0535
0.08808	178082	1.04696e+06	799412	46848.2	105.47	80.4255
0.08832	181826	1.0788e+06	929760	46582.4	103.664	82.6211
0.08856	183839	1.10679e+06	1.09084e+06	46483.2	102.671	83.3389
0.0888	187748	1.08864e+06	844351	46384.1	101.673	84.0436
0.08904	191264	1.10197e+06	874875	46284.9	100.67	84.7347
0.08928	195988	1.13811e+06	1.09169e+06	46321.1	101.036	84.484
0.08952	202208	1.13044e+06	1.01739e+06	46458.8	102.426	83.5137
0.08976	208351	1.12982e+06	863594	46596.5	103.806	82.5177
0.09	216536	1.1517e+06	973079	46734.2	104.782	81.3825
0.09024	224657	1.19652e+06	1.22423e+06	47119.6	107.096	78.2291
0.09048	233696	1.17152e+06	895369	47505	109.373	75.2954
0.09072	244714	1.18322e+06	908868	47890.4	111.607	72.5656
0.09096	257108	1.22256e+06	1.12924e+06	48426.3	114.875	69.2419
0.0912	272120	1.22665e+06	1.11763e+06	49163	122.441	66.9837
0.09144	281538	1.21602e+06	928392	49899.6	130.929	65.2874
0.09168	287062	1.22604e+06	1.01177e+06	50636.3	139.074	63.1844
0.09192	290277	1.27454e+06	1.24128e+06	51739.4	150.745	59.8485
0.09216	288385	1.2458e+06	1.02501e+06	52903.6	163.858	57.4331
0.0924	281924	1.24278e+06	973237	54067.8	177.037	55.2598
0.09264	295732	1.26397e+06	1.1076e+06	55283.1	190.552	52.7552
0.09288	318525	1.28474e+06	1.26316e+06	56626.2	206.115	49.7652
0.09312	313043	1.25102e+06	991546	57969.3	223.177	47.6257
0.09336	277646	1.2464e+06	1.02827e+06	59312.4	240.605	45.6529
0.0936	245132	1.27515e+06	1.32016e+06	60357.5	253.692	43.9044
0.09384	224468	1.24652e+06	1.12032e+06	61283.3	265.668	42.698
0.09408	200351	1.23178e+06	992993	62209.2	277.981	41.6268
0.09432	171322	1.23863e+06	1.12978e+06	63022	289.118	40.541
0.09456	142409	1.26746e+06	1.40495e+06	63156.9	290.957	40.3641
0.0948	114462	1.22832e+06	1.0241e+06	63291.9	292.794	40.1886
0.09504	89122	1.2228e+06	1.04716e+06	63426.8	294.626	40.0144
0.09528	67833	1.25735e+06	1.35546e+06	63193.9	291.461	40.3158
0.09552	50487	1.24706e+06	1.24758e+06	62685.3	284.511	40.9886
0.09576	35198	1.23537e+06	1.03713e+06	62176.6	277.543	41.6632
0.096	24672	1.24713e+06	1.18589e+06	61667.9	270.749	42.2435
0.09624	17099	1.30385e+06	1.44608e+06	60836.2	259.821	43.2443
0.09648	11023	1.26737e+06	1.14111e+06	60004.6	249.279	44.4868
0.09672	7182	1.27259e+06	1.10351e+06	59172.9	238.855	45.8919
0.09696	4018	1.31179e+06	1.33746e+06	58345.5	228.142	47.1287
0.0972	2375	1.31894e+06	1.36174e+06	57523.7	217.355	48.2352
0.09744	1420	1.3067e+06	1.15332e+06	56702	207.022	49.6084
0.09768	797	1.31539e+06	1.23134e+06	55880.2	197.349	51.3775
0.09792	485	1.36916e+06	1.51598e+06	55126.2	188.807	53.0846
0.09816	284	1.33899e+06	1.23316e+06	54383.5	180.544	54.6201
0.0984	119	1.34424e+06	1.18202e+06	53640.8	172.306	56.1116
0.09864	66	1.38185e+06	1.32496e+06	52922.1	164.07	57.3987
0.09888	27	1.40009e+06	1.54429e+06	52263.4	156.575	58.6772
0.09912	13	1.37508e+06	1.17523e+06	51604.8	149.323	60.2393
0.09936	8	1.39636e+06	1.25961e+06	50946.1	142.352	62.2161
0.0996	3	1.45085e+06	1.66708e+06	50193.3	134.399	64.613
0.09984	0	1.42862e+06	1.37618e+06	49402.9	125.099	66.3716
0.10008	0	1.42516e+06	1.18637e+06	48612.5	116.706	68.6154
0.10032	0	1.46297e+06	1.43012e+06	47761.2	110.863	73.4588
0.10056	1	1.52117e+06	1.62179e+06	46544.7	103.288	82.8953
0.1008	0	1.48869e+06	1.31234e+06	45328.2	90.8204	90.6181
0.10104	0	1.50256e+06	1.32957e+06	44111.7	79.9705	94.3771
0.10128	0	1.57231e+06	1.55955e+06	42813.9	68.4663	95.6965
0.10152	0	1.56683e+06	1.54976e+06	41455.2	55.4844	99.0882
0.10176	0	1.54939e+06	1.35108e+06	40096.6	46.5653	109.092
0.102	0	1.58104e+06	1.46624e+06	38737.9	39.893	124.342
0.10224	0	1.65787e+06	2.05547e+06	36768	30.1413	150.812
0.10248	0	1.60131e+06	1.40334e+06	34798.1	18.7036	166.563
0.10272	0	1.62029e+06	1.35161e+06	32828.3	11.9571	198.363
0.10296	0	1.68998e+06	1.7089e+06	30263.5	6.03741	264.163
0.1032	0	1.68908e+06	1.66911e+06	26905.5	1.87159	401.285
0.10344	0	1.67697e+06	1.42444e+06	23547.4	0.293827	622.684
0.10368	0	1.6992e+06	1.60095e+06	20189.4	4.74308e-05	1057.75
0.10392	0	1.79718e+06	1.83133e+06	16142.9	0	2313.36
0.10416	0	1.77293e+06	1.63682e+06	11981.6	0	12987.3
0.1044	0	1.78225e+06	1.50073e+06	7820.32	0	42028.4
0.10464	0	1.83844e+06	1.7866e+06	4306.62	0	72445.5
0.10488	0	1.88236e+06	2.18283e+06	2411.91	0	72445.5
0.10512	0	1.85649e+06	1.66119e+06	517.206	0	72445.5
0.10536	1	1.88421e+06	1.72353e+06	-1377.5	0	72445.5
0.1056	170	1.95911e+06	1.85166e+06	3090.92	0	72445.5
0.10584	32777	1.92192e+06	1.75791e+06	10104.6	0	24508.5
0.10608	801925	1.92302e+06	1.63785e+06	17118.3	0	1848.87
0.10632	2.04034e+06	1.9773e+06	1.00141e+06	25099.1	0.776107	505.506
0.10656	2.84867e+06	2.0698e+06	383735	38883	40.5731	122.544
0.1068	3.28174e+06	2.04678e+06	63617	52667	161.156	57.8802
0.10704	3.42867e+06	2.07133e+06	17	66450.9	332.652	36.9065
0.10728	3.41374e+06	2.08797e+06	10	77795.4	500.301	27.7442
0.10752	2.90499e+06	1.90552e+06	11	87310.3	647.563	22.4947
0.10776	2.1752e+06	1.61553e+06	8	96825.1	801.466	18.1453
0.108	1.7795e+06	1.32077e+06	6	106340	953.922	13.2731
0.10824	1.47491e+06	1.05662e+06	4	108481	988.227	12.1767
0.10848	1.12388e+06	755161	10	110622	1022.53	11.0804
0.10872	790944	518080	5	112763	1056.84	9.98405
0.10896	526698	341027	9	113150	1063.04	9.78589
0.1092	324867	223521	6	111198	1031.77	10.7853
0.10944	179003	150919	20	109247	1000.49	11.7847
0.10968	87655	116112	14	107295	969.221	12.7841
0.10992	37184	102031	7	104305	921.31	14.3153
0.11016	13660	99287	5	101142	870.627	15.935
0.1104	4156	101663	11	97978.3	819.943	17.5548
0.11064	1158	106543	5	94897.6	770.581	19.1323
0.11088	354	110793	0	92022.9	724.521	20.6043
0.11112	146	116597	5	89148.3	678.82	22.1863
0.11136	93	121581	5	86273.7	629.487	22.6442
0.1116	59	124393	4	83754.2	591.314	24.5642
0.11184	75	129918	4	81376.9	551.14	25.8482
0.11208	67	132436	3	78999.5	517.762	26.3154
0.11232	110	137125	1	76668.6	480.822	28.791
0.11256	152	140667	5	74616.5	449.956	30.1828
0.1128	174	143431	2	72564.3	416.27	30.882
0.11304	193	144744	2	70512.2	389.243	32.9972
0.11328	274	145869	4	68571.1	361.856	34.5445
0.11352	352	145499	3	66713.4	336.002	36.6389
0.11376	416	145230	9	64855.6	313	38.4391
0.114	462	143533	4	62997.8	288.787	40.5729
0.11424	567	140139	4	61334.2	266.337	42.6371
0.11448	762	138032	1	59670.6	245.095	45.0455
0.11472	906	133965	75	58006.9	223.672	47.5753
0.11496	910	129107	1132	56439.4	203.891	50.1572
0.1152	1077	125467	4286	55000	187.403	53.3482
0.11544	1303	124296	7397	53560.7	171.415	56.2666
0.11568	1449	123848	12998	52121.3	154.971	58.9684
0.11592	1638	121611	18488	50869.1	141.538	62.4544
0.11616	1643	120484	25082	49648.1	127.92	65.8061
0.1164	1738	121298	32105	48427.1	114.883	69.2392
0.11664	1916	121288	41449	47271.7	107.999	77.0458
0.11688	2019	120766	52511	46280.3	100.623	84.7663
0.11712	2099	121925	63724	45289	90.4121	90.8262
0.11736	2184	123558	74661	44297.6	81.4918	94.0581
0.1176	2372	123807	86522	43464.1	74.6244	95.1535
0.11784	2446	125843	97870	42693.7	67.2372	95.8682
0.11808	2533	127283	111095	41923.4	59.7338	97.5536
0.11832	2505	129949	123626	41270.8	54.087	100.105
0.11856	2565	132155	136125	41324.3	54.4766	99.7871
0.1188	2674	135176	140879	41377.8	54.8708	99.4761
0.11904	2706	140074	145059	41431.3	55.2731	99.1776
0.11928	2697	142874	149521	43288.2	73.1653	95.2732
0.11952	2466	149510	125951	46497.6	102.815	83.2359
0.11976	0	146508	75524	49707	128.613	65.6792
