0	0	0	0	56657.4	206.489	49.7004
0.00024	0	0	0	56662.8	206.552	49.6894
0.00048	0	0	0	56668.1	206.616	49.6784
0.00072	0	0	0	56673.4	206.68	49.6674
0.00096	0	0	0	56678.8	206.744	49.6562
0.0012	0	0	0	56684.3	206.811	49.6448
0.00144	0	0	0	56689.9	206.877	49.6333
0.00168	0	0	0	56695.4	206.944	49.6219
0.00192	0	0	0	56701.2	207.012	49.6101
0.00216	0	0	0	56706.9	207.082	49.5982
0.0024	0	0	0	56712.7	207.151	49.5863
0.00264	0	0	0	56718.5	207.221	49.5743
0.00288	0	0	0	56724.5	207.293	49.5619
0.00312	0	0	0	56730.6	207.365	49.5496
0.00336	0	0	0	56736.6	207.438	49.5372
0.0036	0	0	0	56742.8	207.512	49.5245
0.00384	0	0	0	56749	207.588	49.5116
0.00408	0	0	0	56755.3	207.663	49.4988
0.00432	0	0	0	56761.6	207.739	49.4858
0.00456	0	0	0	56768.2	207.818	49.4724
0.0048	0	0	0	56774.7	207.896	49.459
0.00504	0	0	0	56781.3	207.975	49.4456
0.00528	0	0	0	56788	208.056	49.4319
0.00552	0	0	0	56794.8	208.138	49.418
0.00576	0	0	0	56801.7	208.221	49.404
0.006	0	0	0	56808.5	208.303	49.3901
0.00624	0	0	0	56815.6	208.389	49.3755
0.00648	0	0	0	56822.8	208.475	49.361
0.00672	0	0	0	56829.9	208.562	49.3465
0.00696	0	0	0	56837.2	208.65	49.3317
0.0072	0	0	0	56844.7	208.74	49.3165
0.00744	0	0	0	56852.1	208.83	49.3013
0.00768	0	0	0	56859.6	208.92	49.2862
0.00792	0	0	0	56867.4	209.014	49.2704
0.00816	0	0	0	56875.2	209.109	49.2546
0.0084	0	0	0	56883	209.203	49.2388
0.00864	0	0	0	56890.9	209.299	49.2228
0.00888	0	0	0	56899.1	209.398	49.2063
0.00912	0	0	0	56907.3	209.497	49.1898
0.00936	0	0	0	56915.5	209.596	49.1733
0.0096	0	0	0	56923.9	209.699	49.1562
0.00984	0	1	0	56932.5	209.802	49.139
0.01008	0	0	0	56941.1	209.906	49.1218
0.01032	0	0	0	56949.7	210.011	49.1044
0.01056	0	0	0	56958.7	210.12	49.0864
0.0108	0	0	0	56967.7	210.229	49.0684
0.01104	0	1	0	56976.6	210.338	49.0504
0.01128	0	0	0	56985.9	210.45	49.0319
0.01152	0	2	0	56995.3	210.565	49.0131
0.01176	0	0	0	57004.7	210.68	48.9942
0.012	0	0	0	57014.2	210.794	48.9754
0.01224	0	0	0	57024.1	210.915	48.9557
0.01248	0	0	0	57034	211.035	48.936
0.01272	0	3	0	57043.9	211.158	48.9179
0.01296	0	0	2	57054	211.288	48.9032
0.0132	0	0	0	57064.4	211.421	48.8882
0.01344	0	0	0	57074.8	211.555	48.8731
0.01368	0	1	1	57085.2	211.689	48.858
0.01392	0	1	0	57096.1	211.828	48.8423
0.01416	0	0	0	57107	211.969	48.8265
0.0144	0	0	0	57117.9	212.11	48.8107
0.01464	0	0	0	57129	212.252	48.7947
0.01488	0	3	0	57140.6	212.401	48.7781
0.01512	0	2	0	57152.1	212.549	48.7616
0.01536	0	1	0	57163.6	212.697	48.745
0.0156	0	0	1	57175.6	212.851	48.7278
0.01584	0	0	0	57187.7	213.007	48.7104
0.01608	0	1	0	57199.8	213.163	48.693
0.01632	0	1	1	57212	213.321	48.6755
0.01656	0	5	1	57224.8	213.486	48.6572
0.0168	0	1	0	57237.6	213.651	48.6389
0.01704	0	3	0	57250.4	213.816	48.6207
0.01728	0	0	1	57263.6	213.987	48.6018
0.01752	0	0	1	57277.1	214.161	48.5826
0.01776	0	5	2	57290.7	214.335	48.5634
0.018	0	4	1	57304.2	214.51	48.5442
0.01824	0	3	0	57318.4	214.694	48.524
0.01848	0	4	0	57332.7	214.879	48.5037
0.01872	0	1	3	57347	215.063	48.4835
0.01896	0	8	1	57361.6	215.252	48.4628
0.0192	0	4	2	57376.7	215.448	48.4415
0.01944	0	3	1	57391.8	215.643	48.4202
0.01968	0	2	2	57406.9	215.839	48.3989
0.01992	0	4	3	57422.8	216.045	48.3766
0.02016	0	4	1	57438.8	216.252	48.3541
0.0204	0	3	4	57454.8	216.46	48.3317
0.02064	0	3	0	57471	216.671	48.3089
0.02088	0	4	0	57488	216.891	48.2852
0.02112	0	6	0	57504.9	217.111	48.2615
0.02136	0	7	0	57521.9	217.331	48.2379
0.0216	0	7	2	57539.6	217.561	48.2132
0.02184	0	6	0	57557.5	217.794	48.1882
0.02208	0	8	0	57575.5	218.028	48.1632
0.02232	0	9	4	57593.7	218.264	48.1381
0.02256	0	7	2	57612.8	218.513	48.1116
0.0228	0	6	3	57631.9	218.762	48.0852
0.02304	0	7	1	57651	219.012	48.0588
0.02328	0	8	1	57670.8	219.27	48.0314
0.02352	0	5	7	57691.2	219.536	48.0035
0.02376	0	19	2	57711.5	219.801	47.9755
0.024	0	13	3	57731.9	220.067	47.9476
0.02424	0	11	5	57753.6	220.35	47.918
0.02448	0	13	3	57775.2	220.633	47.8884
0.02472	0	16	4	57796.9	220.917	47.8588
0.02496	0	17	2	57819.2	221.209	47.8285
0.0252	0	14	4	57842.3	221.511	47.7971
0.02544	0	15	6	57865.4	221.814	47.7657
0.02568	0	13	0	57888.5	222.117	47.7345
0.02592	0	17	4	57913	222.438	47.7014
0.02616	0	24	3	57937.7	222.762	47.6682
0.0264	0	24	4	57962.4	223.086	47.635
0.02664	0	25	3	57987.5	223.417	47.6012
0.02688	0	27	4	58013.9	223.764	47.5659
0.02712	0	35	4	58040.3	224.111	47.5307
0.02736	0	30	5	58066.7	224.459	47.4955
0.0276	0	26	5	58094.5	224.824	47.4586
0.02784	0	33	4	58122.8	225.197	47.421
0.02808	0	36	4	58151.1	225.571	47.3836
0.02832	0	27	8	58179.7	225.948	47.3458
0.02856	0	37	9	58210.1	226.35	47.3058
0.0288	0	44	5	58240.4	226.751	47.2659
0.02904	0	52	9	58270.8	227.153	47.2261
0.02928	0	51	3	58302.5	227.572	47.1848
0.02952	0	42	6	58335.1	228.004	47.1423
0.02976	0	54	9	58367.7	228.437	47.0999
0.03	0	69	5	58400.3	228.869	47.0576
0.03024	0	77	8	58435.4	229.336	47.0123
0.03048	0	65	9	58470.5	229.802	46.967
0.03072	0	74	9	58505.7	230.269	46.9219
0.03096	0	80	12	58542	230.753	46.8754
0.0312	0	75	11	58579.9	231.258	46.827
0.03144	0	71	5	58617.8	231.763	46.7788
0.03168	0	102	7	58655.7	232.269	46.7307
0.03192	0	88	7	58696.2	232.81	46.6796
0.03216	0	99	8	58737.2	233.357	46.6281
0.0324	0	119	11	58778.1	233.902	46.5754
0.03264	0	131	8	58819.9	234.427	46.5025
0.03288	0	139	7	58864.1	234.981	46.4256
0.03312	0	145	7	58908.3	235.536	46.3488
0.03336	0	160	6	58952.5	236.09	46.2721
0.0336	0	154	11	58999.3	236.676	46.1912
0.03384	0	193	9	59047.1	237.276	46.1086
0.03408	0	207	11	59094.9	237.875	46.0262
0.03432	0	250	7	59143.2	238.482	45.9429
0.03456	0	227	6	59195.1	239.133	45.8538
0.0348	0	229	10	59247	239.784	45.7648
0.03504	0	233	7	59298.9	240.435	45.6761
0.03528	0	279	6	59353.4	241.118	45.5831
0.03552	0	282	12	59409.8	241.825	45.487
0.03576	0	335	4	59466.2	242.533	45.3911
0.036	0	349	10	59522.6	243.24	45.2954
0.03624	0	355	7	59583.9	244.009	45.1917
0.03648	0	401	6	59645.3	244.778	45.0882
0.03672	0	445	10	59706.6	245.546	44.9849
0.03696	0	469	6	59770.2	246.344	44.878
0.0372	0	485	11	59836.9	247.18	44.7663
0.03744	0	519	1	59903.7	248.016	44.6548
0.03768	0	586	4	59970.4	248.851	44.5436
0.03792	0	614	5	60042.2	249.75	44.4243
0.03816	0	656	1	60114.8	250.658	44.304
0.0384	0	759	2	60187.4	251.566	44.184
0.03864	0	770	8	60261.9	252.497	44.0614
0.03888	0	801	4	60340.9	253.485	43.9316
0.03912	0	924	5	60419.9	254.471	43.8022
0.03936	0	1115	3	60498.9	255.458	43.6733
0.0396	0	999	7	60583.1	256.539	43.5622
0.03984	0	1139	2	60669.3	257.654	43.4532
0.04008	0	1156	13	60755.5	258.772	43.345
0.04032	0	1438	13	60842.9	259.907	43.236
0.04056	0	1322	3	60937.4	261.137	43.119
0.0408	0	1439	4	61031.8	262.37	43.003
0.04104	0	1604	8	61126.3	263.606	42.8877
0.04128	0	1683	8	61225.6	264.91	42.7674
0.04152	0	1915	5	61328.7	266.265	42.6437
0.04176	0	1918	8	61431.8	267.624	42.5209
0.042	0	2100	8	61534.9	268.986	42.3991
0.04224	0	2332	5	61647.2	270.475	42.2675
0.04248	0	2548	10	61759.5	271.967	42.1372
0.04272	0	2575	11	61871.9	273.464	42.0079
0.04296	0	2937	12	61988.5	275.021	41.875
0.0432	0	3063	9	62110.8	276.66	41.7369
0.04344	0	3211	8	62233.1	278.302	41.6002
0.04368	0	3578	5	62355.4	279.982	41.4354
0.04392	0	3945	7	62486.9	281.79	41.2562
0.04416	0	4016	5	62620	283.616	41.0763
0.0444	0	4338	5	62753	285.439	40.8978
0.04464	0	4811	5	62889.3	287.305	40.7163
0.04488	0	4856	10	63033.8	289.278	40.5255
0.04512	0	5403	5	63178.3	291.248	40.3362
0.04536	0	6017	2	63322.8	293.214	40.1486
0.0456	0	6148	6	63475.3	295.284	39.9521
0.04584	0	6692	4	63631.1	297.393	39.7533
0.04608	0	7341	6	63786.9	299.496	39.5562
0.04632	0	7734	6	63944.3	301.614	39.3588
0.04656	0	8222	7	64111.6	303.746	39.179
0.0468	0	8766	6	64278.9	305.84	39.0088
0.04704	0	9729	2	64446.2	307.927	38.8409
0.04728	0	10273	4	64619	310.074	38.6697
0.04752	0	10993	5	64795.9	312.264	38.4968
0.04776	0	11907	2	64972.8	314.443	38.3264
0.048	0	12528	4	65149.7	316.614	38.1582
0.04824	0	13714	1	65335.7	318.884	37.984
0.04848	0	14630	6	65521.6	321.142	37.8124
0.04872	0	15864	4	65707.6	323.388	37.6433
0.04896	0	16831	4	65896.9	325.715	37.459
0.0492	0	17698	0	66090.6	328.12	37.2678
0.04944	0	18864	5	66284.3	330.547	37.0744
0.04968	0	20213	5	66478.1	332.997	36.879
0.04992	0	22027	2	66674.8	335.507	36.6785
0.05016	0	23404	4	66872	338.048	36.4754
0.0504	0	24646	8	67069.2	340.614	36.2703
0.05064	0	26778	8	67266.1	343.198	36.0635
0.05088	0	28279	4	67462	345.808	35.8535
0.05112	0	30159	3	67658	348.612	35.6116
0.05136	0	32355	3	67853.9	351.429	35.3744
0.0516	0	34354	2	68042.7	354.156	35.1501
0.05184	0	36456	4	68228.7	356.855	34.9333
0.05208	0	39191	3	68414.7	359.566	34.7205
0.05232	0	41219	2	68598.2	362.254	34.5143
0.05256	0	44021	5	68767.4	364.741	34.3276
0.0528	0	46541	4	68936.6	367.239	34.1441
0.05304	0	49216	2	69105.8	369.747	33.9637
0.05328	0	53047	3	69256.3	371.925	33.8337
0.05352	0	55863	0	69392.8	373.837	33.7435
0.05376	0	58695	4	69529.3	375.743	33.653
0.054	0	62472	1	69665.8	377.642	33.5624
0.05424	0	65554	2	69762.8	378.987	33.4979
0.05448	0	69303	4	69859.9	380.329	33.4333
0.05472	0	73421	4	69956.9	381.667	33.3686
0.05496	0	75970	2	70032.9	382.712	33.3179
0.0552	0	80896	3	70080.8	383.369	33.2859
0.05544	0	84637	6	70128.7	384.026	33.254
0.05568	0	88976	4	70176.6	384.681	33.2219
0.05592	0	92578	4	70169.7	384.587	33.2266
0.05616	0	96615	3	70153.7	384.367	33.2373
0.0564	0	101507	2	70137.7	384.148	33.248
0.05664	0	105052	4	70102.5	383.667	33.2715
0.05688	0	110401	4	70019.6	382.529	33.3268
0.05712	0	115073	3	69936.7	381.388	33.3821
0.05736	0	118765	5	69853.8	380.245	33.4373
0.0576	0	122404	1	69718.3	378.37	33.5275
0.05784	0	126748	0	69561.7	376.195	33.6315
0.05808	0	132393	4	69405.2	374.011	33.7353
0.05832	0	134526	4	69240.5	371.702	33.8442
0.05856	0	138883	1	69026.9	368.576	34.0474
0.0588	0	143577	5	68813.4	365.418	34.2775
0.05904	0	146907	2	68599.8	362.277	34.5126
0.05928	0	149950	0	68355	358.695	34.7883
0.05952	0	152521	7	68086.9	354.796	35.0983
0.05976	0	155570	3	67818.7	350.922	35.4167
0.06	0	158538	2	67550.6	347.073	35.7436
0.06024	0	161595	8	67247.6	342.954	36.0831
0.06048	0	164518	3	66944.6	338.99	36.4001
0.06072	0	167606	4	66641.6	335.082	36.7124
0.06096	0	169185	3	66331.7	331.144	37.0268
0.0612	0	170865	3	66012.7	327.15	37.3449
0.06144	0	173779	3	65693.7	323.22	37.6559
0.06168	0	176172	2	65374.6	319.358	37.9479
0.06192	0	176680	1	65051	315.403	38.2518
0.06216	0	176155	2	64726.5	311.406	38.5644
0.0624	0	178524	2	64402.1	307.377	38.885
0.06264	0	178618	5	64082.2	303.378	39.2091
0.06288	0	179836	5	63773.8	299.32	39.5726
0.06312	0	180605	2	63465.4	295.149	39.9648
0.06336	0	181994	2	63157	290.958	40.3641
0.0636	0	181188	2	62851.6	286.789	40.7663
0.06384	0	181899	7	62547.6	282.622	41.1741
0.06408	0	184010	4	62243.5	278.442	41.5887
0.06432	0	183959	3	61942	274.4	41.9279
0.06456	0	181706	2	61656.2	270.594	42.2571
0.0648	0	183703	2	61370.4	266.813	42.594
0.06504	0	183780	13	61084.5	263.06	42.9385
0.06528	0	182811	8	60806.2	259.43	43.2816
0.06552	0	181806	7	60533.5	255.899	43.6252
0.06576	0	182620	4	60260.8	252.484	44.0631
0.066	0	180791	6	59988.1	249.073	44.5141
0.06624	0	179899	4	59745.2	246.03	44.9201
0.06648	0	181755	7	59502.2	242.985	45.3299
0.06672	0	178140	88	59259.3	239.938	45.7438
0.06696	0	177975	186	59038.5	237.168	46.1235
0.0672	0	175673	523	58847.1	234.768	46.4552
0.06744	0	176949	973	58655.7	232.269	46.7308
0.06768	0	174121	2099	58464.4	229.72	46.975
0.06792	0	172036	2665	58314.9	227.736	47.1686
0.06816	0	172486	3348	58172.3	225.851	47.3555
0.0684	0	172936	4028	58029.8	223.973	47.5447
0.06864	0	173352	5587	57907.9	222.371	47.7083
0.06888	0	170757	8378	57837.5	221.448	47.8036
0.06912	0	172408	11134	57767.1	220.527	47.8995
0.06936	0	172107	14302	57696.7	219.607	47.9959
0.0696	0	172283	15830	57677.8	219.361	48.0218
0.06984	0	171935	19357	57679.6	219.384	48.0194
0.07008	0	175567	21734	57681.4	219.408	48.017
0.07032	0	177676	25468	57695.6	219.593	47.9974
0.07056	0	177889	32089	57784.5	220.754	47.8758
0.0708	0	179288	33344	57873.3	221.918	47.755
0.07104	0	182617	37751	57962.2	223.084	47.6352
0.07128	0	182016	44579	58097.8	224.869	47.4541
0.07152	0	186028	47171	58268.5	227.122	47.2292
0.07176	0	188803	48819	58439.2	229.385	47.0075
0.072	0	190600	57296	58609.8	231.657	46.789
0.07224	0	194271	61210	58851	234.816	46.4485
0.07248	0	197905	64837	59092.1	237.841	46.0309
0.07272	0	203238	69755	59333.3	240.866	45.6173
0.07296	0	207299	76043	59601.3	244.226	45.1624
0.0732	0	212484	80847	59905	248.033	44.6525
0.07344	0	219946	84802	60208.8	251.834	44.1487
0.07368	0	224070	90154	60512.6	255.629	43.6519
0.07392	0	228990	99319	60866.8	260.219	43.2063
0.07416	0	235874	102647	61229.5	264.961	42.7628
0.0744	1	243168	109737	61592.2	269.745	42.3318
0.07464	0	251101	116550	61972.8	274.812	41.8928
0.07488	0	258363	123159	62398.2	280.571	41.377
0.07512	0	267982	130696	62823.6	286.406	40.8036
0.07536	2	277006	137168	63249	292.211	40.2441
0.0756	2	286846	143071	63679.9	298.052	39.6914
0.07584	4	296204	150325	64112.8	303.762	39.1777
0.07608	15	309174	155254	64545.8	309.166	38.7419
0.07632	18	322964	163756	64968	314.385	38.3309
0.07656	32	337289	172071	65325.5	318.759	37.9935
0.0768	37	350935	177476	65682.9	323.091	37.6656
0.07704	57	368651	185532	66040.4	327.494	37.3176
0.07728	67	387642	198206	66240.6	329.998	37.1182
0.07752	142	407014	205437	66323.1	331.035	37.0355
0.07776	154	432183	211509	66405.5	332.077	36.9524
0.078	266	455349	222211	66487.9	333.122	36.869
0.07824	334	484225	240857	65980.3	326.748	37.3769
0.07848	518	516887	245848	65472.7	320.549	37.8573
0.07872	770	551106	257208	64965.1	314.349	38.3337
0.07896	995	591236	274265	64040.5	302.854	39.252
0.0792	1379	626291	284517	62559.8	282.79	41.1576
0.07944	1733	664443	289755	61079.1	262.988	42.9452
0.07968	2328	710986	301015	59598.3	244.19	45.1673
0.07992	2836	759607	320535	57267.1	214.032	48.5968
0.08016	3312	788129	323319	54794.2	185.112	53.776
0.0804	4060	813912	330705	52321.3	157.23	58.5603
0.08064	4795	839282	349339	49777.4	129.452	65.5317
0.08088	5260	859359	366944	47056.3	106.718	78.7318
0.08112	5827	852991	365630	44335.1	81.7977	93.9886
0.08136	6382	848882	382466	41613.9	56.8987	98.5235
0.0816	6634	858202	425473	39431.1	43.1493	116.081
0.08184	7394	850957	442453	37463.5	33.8339	141.578
0.08208	7528	853196	472162	35496	22.5274	161.98
0.08232	7721	863206	532350	33714.5	14.4744	180.67
0.08256	7947	876377	599987	33049.7	12.535	193.496
0.0828	7576	873240	602849	32384.9	10.8854	208.075
0.08304	7573	882472	645529	31720.2	9.33168	223.743
0.08328	7458	900900	725794	31698.1	9.28142	224.292
0.08352	7464	905585	750706	32158.1	10.3478	213.236
0.08376	7369	909355	750113	32618.1	11.4433	202.961
0.084	7234	929696	802158	33078.1	12.6113	192.895
0.08424	7456	956458	901109	34107.6	15.7837	174.225
0.08448	7302	951486	829997	35137.2	20.4912	164.298
0.08472	7500	964127	843180	36166.8	26.7571	157.857
0.08496	7730	982822	926267	37203.5	32.481	145.106
0.0852	7878	988836	947256	38249.6	37.6199	130.668
0.08544	8212	990277	871341	39295.8	42.5128	117.63
0.08568	8401	1.0107e+06	901374	40342	47.9869	106.877
0.08592	8749	1.04041e+06	1.04649e+06	41028.2	52.376	101.642
0.08616	9312	1.02779e+06	882924	41654.5	57.2644	98.3866
0.0864	9679	1.03305e+06	856664	42280.7	63.134	96.6447
0.08664	10290	1.06782e+06	958843	42759.9	67.9113	95.7708
0.08688	10784	1.08558e+06	1.0195e+06	42871.3	69.059	95.623
0.08712	11295	1.07419e+06	841120	42982.8	70.2203	95.4961
0.08736	12015	1.08684e+06	886273	43094.3	71.3954	95.3898
0.0876	12564	1.11299e+06	1.07888e+06	42926	69.6261	95.5583
0.08784	13165	1.10139e+06	927890	42645.7	66.7499	95.9437
0.08808	13696	1.1045e+06	855063	42365.4	63.9598	96.4619
0.08832	14360	1.13321e+06	974075	42032.1	60.7541	97.2533
0.08856	15179	1.16605e+06	1.12705e+06	41381.5	54.8984	99.4547
0.0888	15165	1.16839e+06	887063	40730.9	50.3952	103.744
0.08904	15362	1.20306e+06	924062	40080.2	46.4733	109.246
0.08928	15901	1.25878e+06	1.14902e+06	39353	42.7818	116.972
0.08952	16244	1.26243e+06	1.08819e+06	38568.3	39.1008	126.489
0.08976	16455	1.26807e+06	954061	37783.6	35.4367	137.129
0.09	16633	1.2959e+06	1.0871e+06	36998.9	31.3915	147.82
0.09024	16340	1.34908e+06	1.3641e+06	36692.4	29.728	151.775
0.09048	16183	1.31402e+06	1.05893e+06	36385.8	28.0406	155.578
0.09072	15969	1.31894e+06	1.10122e+06	36079.3	26.1732	158.379
0.09096	16131	1.35558e+06	1.3497e+06	36098.6	26.3013	158.264
0.0912	15531	1.35099e+06	1.35648e+06	36552.4	28.9596	153.531
0.09144	15811	1.3334e+06	1.17542e+06	37006.2	31.4307	147.725
0.09168	15796	1.3381e+06	1.26855e+06	37460	33.8158	141.626
0.09192	15989	1.38197e+06	1.5083e+06	38156.8	37.1909	131.921
0.09216	16125	1.3543e+06	1.28377e+06	38894.2	40.6256	122.407
0.0924	15986	1.35473e+06	1.22206e+06	39631.6	44.0934	113.838
0.09264	16340	1.37984e+06	1.34989e+06	40281.8	47.6312	107.403
0.09288	16342	1.40749e+06	1.49733e+06	40713.9	50.2857	103.872
0.09312	16849	1.38967e+06	1.21502e+06	41145.9	53.1953	100.877
0.09336	17441	1.40264e+06	1.24533e+06	41578	56.5764	98.6472
0.0936	17983	1.44832e+06	1.52978e+06	41726.3	57.9163	98.1514
0.09384	18146	1.43568e+06	1.33242e+06	41761	58.2337	98.041
0.09408	18752	1.44068e+06	1.20988e+06	41795.8	58.5522	97.9328
0.09432	19399	1.46511e+06	1.35373e+06	41816.7	58.745	97.8685
0.09456	19799	1.51116e+06	1.63693e+06	41754.9	58.1777	98.0603
0.0948	19918	1.48782e+06	1.26553e+06	41693.1	57.6144	98.2589
0.09504	20597	1.49885e+06	1.30091e+06	41631.3	57.0552	98.4645
0.09528	20999	1.5458e+06	1.62665e+06	41632	57.0619	98.462
0.09552	21504	1.54624e+06	1.52764e+06	41679.7	57.4929	98.3029
0.09576	21975	1.54698e+06	1.32626e+06	41727.4	57.9263	98.1479
0.096	22300	1.56975e+06	1.48597e+06	41775.1	58.3621	97.997
0.09624	22974	1.63683e+06	1.7635e+06	41867.6	59.215	97.7158
0.09648	23430	1.60745e+06	1.4617e+06	41960.1	60.0769	97.4498
0.09672	23933	1.62588e+06	1.43474e+06	42052.7	60.9481	97.199
0.09696	24525	1.6753e+06	1.68476e+06	42142.6	61.8037	96.9695
0.0972	24686	1.69204e+06	1.71546e+06	42229.1	62.6349	96.7621
0.09744	25519	1.69079e+06	1.51509e+06	42315.7	63.4741	96.5677
0.09768	25626	1.71373e+06	1.60364e+06	42402.2	64.3215	96.3862
0.09792	26533	1.78306e+06	1.90274e+06	42483	65.1203	96.2281
0.09816	26916	1.75726e+06	1.62695e+06	42562.9	65.9168	96.0829
0.0984	27757	1.77552e+06	1.58976e+06	42642.7	66.7202	95.9485
0.09864	28422	1.82683e+06	1.7557e+06	42754.2	67.8538	95.7788
0.09888	29057	1.85782e+06	1.99495e+06	42944.9	69.8236	95.5369
0.09912	29857	1.84484e+06	1.6316e+06	43135.6	71.8336	95.3557
0.09936	30213	1.88553e+06	1.73733e+06	43326.2	73.4811	95.2506
0.0996	31247	1.96451e+06	2.17491e+06	43571.6	75.5151	95.061
0.09984	31630	1.95469e+06	1.89733e+06	43838.8	77.7249	94.7682
0.10008	32979	1.96864e+06	1.72092e+06	44106.1	79.9245	94.3861
0.10032	33502	2.02976e+06	1.99873e+06	44355.9	81.9671	93.9493
0.10056	33838	2.11104e+06	2.23142e+06	44500.9	83.1455	93.6608
0.1008	35152	2.08325e+06	1.91182e+06	44645.9	84.3176	93.3471
0.10104	36148	2.11568e+06	1.95239e+06	44790.9	85.4827	93.0082
0.10128	37067	2.21114e+06	2.2374e+06	44788.8	85.4662	93.0132
0.10152	37973	2.21826e+06	2.22018e+06	44676.5	84.5641	93.2776
0.10176	38631	2.22547e+06	1.98944e+06	44564.1	83.6576	93.5271
0.102	39406	2.29921e+06	2.12209e+06	44451.8	82.7471	93.7614
0.10224	40631	2.4268e+06	2.77433e+06	43762.8	77.0968	94.8606
0.10248	41343	2.37978e+06	2.06237e+06	43073.8	71.178	95.4078
0.10272	42310	2.43973e+06	2.03532e+06	42384.8	64.1506	96.4216
0.10296	42706	2.56418e+06	2.48631e+06	41677.4	57.4718	98.3106
0.1032	43073	2.5887e+06	2.50569e+06	40945.4	51.8114	102.203
0.10344	43366	2.57732e+06	2.24768e+06	40213.4	47.2328	108.014
0.10368	43592	2.6178e+06	2.51652e+06	39481.4	43.3863	115.512
0.10392	43418	2.74866e+06	2.99452e+06	39158.3	41.8657	119.236
0.10416	42650	2.72212e+06	2.59025e+06	38903.3	40.6681	122.296
0.1044	42349	2.76089e+06	2.42637e+06	38648.3	39.4744	125.469
0.10464	41697	2.87221e+06	2.83748e+06	38377	38.2103	128.975
0.10488	41701	2.95013e+06	3.31856e+06	38064.7	36.7658	133.182
0.10512	41016	2.91707e+06	2.60769e+06	37752.4	35.2838	137.568
0.10536	40609	2.97356e+06	2.74547e+06	37440.1	33.7135	141.899
0.1056	40181	3.09891e+06	3.11723e+06	37337.3	33.1823	143.301
0.10584	39327	3.04723e+06	2.89618e+06	37318.4	33.0836	143.557
0.10608	39205	3.04387e+06	2.76391e+06	37299.4	32.9848	143.814
0.10632	38506	3.12283e+06	3.06566e+06	37347.6	33.2358	143.161
0.10656	37895	3.23916e+06	3.96657e+06	37798.5	35.5096	136.919
0.1068	37306	3.17033e+06	2.95215e+06	38249.5	37.6191	130.67
0.10704	37131	3.18661e+06	3.0271e+06	38700.4	39.7178	124.812
0.10728	36959	3.29384e+06	3.4412e+06	39030.9	41.2668	120.752
0.10752	36641	3.24336e+06	3.28326e+06	39270.9	42.3957	117.918
0.10776	36481	3.18908e+06	2.84671e+06	39511	43.5258	115.179
0.108	36298	3.22464e+06	3.07434e+06	39751.1	44.6851	112.543
0.10824	36318	3.39017e+06	4.05618e+06	39483.6	43.3966	115.488
0.10848	36385	3.25804e+06	2.99766e+06	39216	42.1373	118.558
0.10872	36366	3.26906e+06	3.00534e+06	38948.5	40.88	121.746
0.10896	35827	3.35068e+06	3.27401e+06	38627.2	39.3759	125.737
0.1092	36031	3.32702e+06	3.52051e+06	38234.4	37.5494	130.872
0.10944	36030	3.23853e+06	2.92017e+06	37841.6	35.7185	136.312
0.10968	35567	3.26118e+06	3.23503e+06	37448.8	33.7582	141.78
0.10992	34975	3.39495e+06	3.73917e+06	37224.2	32.5904	144.828
0.11016	34326	3.25805e+06	3.15786e+06	37027.7	31.5463	147.441
0.1104	34016	3.23338e+06	2.9577e+06	36831.2	30.4856	150.001
0.11064	33478	3.30131e+06	3.17376e+06	36627	29.37	152.598
0.11088	32698	3.32473e+06	3.9547e+06	36403.6	28.1386	155.363
0.11112	32496	3.183e+06	2.99452e+06	36180.1	26.8468	157.778
0.11136	31241	3.16203e+06	3.03828e+06	35956.6	25.3708	159.12
0.1116	31076	3.26482e+06	3.36091e+06	35790.6	24.3158	160.136
0.11184	30131	3.12802e+06	3.13058e+06	35647.7	23.4348	161.024
0.11208	29541	3.03349e+06	2.79334e+06	35504.7	22.5789	161.924
0.11232	29085	3.04478e+06	3.04838e+06	35349.5	21.6775	162.917
0.11256	28259	3.10456e+06	3.77187e+06	35120.6	20.4008	164.407
0.1128	27236	2.93164e+06	2.81463e+06	34891.8	19.1845	165.93
0.11304	26857	2.91336e+06	2.78192e+06	34663	18.0269	167.487
0.11328	25980	2.97578e+06	3.05715e+06	34345.2	16.6408	170.703
0.11352	24520	2.85961e+06	2.94367e+06	33960.7	15.2789	176.542
0.11376	24429	2.73118e+06	2.61322e+06	33576.2	14.0437	183.132
0.114	23333	2.72383e+06	2.71663e+06	33191.7	12.9224	190.539
0.11424	22390	2.81607e+06	3.23864e+06	33072.3	12.5957	193.017
0.11448	21663	2.62609e+06	2.64044e+06	32952.9	12.2785	195.584
0.11472	20393	2.56544e+06	2.52293e+06	32833.6	11.9706	198.243
0.11496	19504	2.59936e+06	2.84141e+06	32785.4	11.8487	199.343
0.1152	18576	2.54696e+06	2.91154e+06	32832	11.9665	198.279
0.11544	17372	2.43614e+06	2.4536e+06	32878.6	12.0857	197.229
0.11568	16577	2.44667e+06	2.50086e+06	32925.2	12.2062	196.193
0.11592	16136	2.5335e+06	2.95551e+06	32949.9	12.2707	195.65
0.11616	15168	2.38295e+06	2.51633e+06	32971	12.3259	195.19
0.1164	14236	2.34549e+06	2.28188e+06	32992	12.3814	194.734
0.11664	13453	2.40885e+06	2.60607e+06	33100.9	12.6731	192.416
0.11688	12980	2.37696e+06	2.9005e+06	33429.3	13.6028	185.86
0.11712	12045	2.15806e+06	2.31312e+06	33757.8	14.6122	179.922
0.11736	11528	2.07878e+06	2.2993e+06	34086.2	15.7089	174.556
0.1176	11024	2.10419e+06	2.77876e+06	34241.3	16.2596	172.21
0.11784	10551	1.91253e+06	2.27643e+06	34327.1	16.5735	170.962
0.11808	9704	1.82803e+06	1.94881e+06	34412.8	16.8945	169.748
0.11832	9400	1.90013e+06	2.12605e+06	34694.7	18.1838	167.269
0.11856	9399	2.0445e+06	2.63732e+06	36153	26.6643	157.939
0.1188	9165	2.22181e+06	2.15138e+06	37611.3	34.5832	139.538
0.11904	8573	2.48804e+06	2.45877e+06	39069.5	41.4486	120.288
0.11928	8732	2.71258e+06	3.1137e+06	46319.6	101.021	84.4943
0.11952	8211	2.79756e+06	3.25638e+06	57913.6	222.446	47.7007
0.11976	0	2.70547e+06	1.91446e+06	69507.5	375.439	33.6674
