0	0	0	0	56655.2	206.462	49.705
0.00024	0	0	0	56660.5	206.525	49.694
0.00048	0	0	0	56665.8	206.589	49.6831
0.00072	0	0	0	56671.1	206.652	49.6722
0.00096	0	0	0	56676.4	206.716	49.6611
0.0012	0	0	0	56681.9	206.782	49.6498
0.00144	0	0	0	56687.4	206.848	49.6384
0.00168	0	0	0	56692.9	206.913	49.6271
0.00192	0	0	0	56698.6	206.982	49.6154
0.00216	0	0	0	56704.3	207.05	49.6036
0.0024	0	0	0	56710	207.119	49.5918
0.00264	0	0	0	56715.8	207.188	49.5799
0.00288	0	0	0	56721.8	207.26	49.5676
0.00312	0	0	0	56727.7	207.331	49.5554
0.00336	0	0	0	56733.7	207.403	49.5431
0.0036	0	0	0	56739.8	207.477	49.5305
0.00384	0	0	0	56746	207.551	49.5178
0.00408	0	0	0	56752.3	207.626	49.505
0.00432	0	0	0	56758.5	207.701	49.4922
0.00456	0	0	0	56765	207.779	49.4789
0.0048	0	0	0	56771.5	207.857	49.4657
0.00504	0	0	0	56778	207.935	49.4524
0.00528	0	0	0	56784.6	208.015	49.4388
0.00552	0	0	0	56791.4	208.097	49.425
0.00576	0	0	0	56798.1	208.178	49.4112
0.006	0	0	0	56804.9	208.26	49.3974
0.00624	0	0	0	56812	208.345	49.383
0.00648	0	0	0	56819	208.43	49.3686
0.00672	0	0	0	56826.1	208.516	49.3542
0.00696	0	0	0	56833.3	208.603	49.3395
0.0072	0	0	0	56840.7	208.692	49.3245
0.00744	0	0	0	56848.1	208.781	49.3095
0.00768	0	0	0	56855.5	208.87	49.2945
0.00792	0	0	0	56863.2	208.963	49.279
0.00816	0	0	0	56870.9	209.057	49.2633
0.0084	0	0	0	56878.6	209.15	49.2477
0.00864	0	0	0	56886.5	209.245	49.2318
0.00888	0	0	0	56894.5	209.343	49.2155
0.00912	0	0	0	56902.6	209.441	49.1992
0.00936	0	0	0	56910.7	209.539	49.1828
0.0096	0	0	0	56919.1	209.64	49.166
0.00984	0	1	0	56927.5	209.742	49.1489
0.01008	0	0	0	56936	209.845	49.1319
0.01032	0	0	0	56944.5	209.949	49.1148
0.01056	0	0	0	56953.4	210.056	49.0969
0.0108	0	0	0	56962.3	210.164	49.0791
0.01104	0	1	0	56971.2	210.272	49.0614
0.01128	0	0	0	56980.3	210.383	49.0431
0.01152	0	2	0	56989.6	210.496	49.0245
0.01176	0	0	0	56998.9	210.609	49.0059
0.012	0	0	0	57008.2	210.722	48.9873
0.01224	0	0	0	57018	210.841	48.9678
0.01248	0	0	0	57027.8	210.96	48.9483
0.01272	0	3	0	57037.5	211.079	48.9289
0.01296	0	0	2	57047.5	211.205	48.9126
0.0132	0	0	0	57057.8	211.337	48.8977
0.01344	0	0	0	57068	211.468	48.8829
0.01368	0	1	1	57078.3	211.6	48.868
0.01392	0	1	0	57089	211.738	48.8525
0.01416	0	0	0	57099.8	211.876	48.8369
0.0144	0	0	0	57110.6	212.015	48.8213
0.01464	0	0	0	57121.5	212.156	48.8055
0.01488	0	3	0	57132.9	212.302	48.7892
0.01512	0	2	0	57144.2	212.448	48.7728
0.01536	0	1	0	57155.6	212.594	48.7565
0.0156	0	0	1	57167.4	212.746	48.7396
0.01584	0	0	0	57179.3	212.899	48.7224
0.01608	0	1	0	57191.3	213.053	48.7053
0.01632	0	1	1	57203.3	213.209	48.688
0.01656	0	5	1	57215.9	213.371	48.67
0.0168	0	1	0	57228.5	213.533	48.652
0.01704	0	3	0	57241.1	213.696	48.634
0.01728	0	0	1	57254.1	213.863	48.6154
0.01752	0	0	1	57267.4	214.035	48.5965
0.01776	0	5	2	57280.7	214.206	48.5776
0.018	0	4	1	57294	214.378	48.5587
0.01824	0	3	0	57308	214.559	48.5388
0.01848	0	4	0	57322	214.741	48.5189
0.01872	0	1	3	57336	214.922	48.499
0.01896	0	8	1	57350.4	215.108	48.4786
0.0192	0	4	2	57365.3	215.3	48.4577
0.01944	0	3	1	57380.1	215.492	48.4367
0.01968	0	2	2	57394.9	215.684	48.4158
0.01992	0	4	3	57410.5	215.886	48.3939
0.02016	0	4	1	57426.2	216.089	48.3718
0.0204	0	3	4	57441.9	216.293	48.3497
0.02064	0	3	0	57457.9	216.5	48.3273
0.02088	0	4	0	57474.5	216.716	48.304
0.02112	0	6	0	57491.1	216.931	48.2808
0.02136	0	7	0	57507.7	217.147	48.2576
0.0216	0	7	2	57525.1	217.373	48.2334
0.02184	0	6	0	57542.7	217.602	48.2088
0.02208	0	8	0	57560.3	217.831	48.1843
0.02232	0	9	4	57578.1	218.062	48.1596
0.02256	0	7	2	57596.8	218.306	48.1337
0.0228	0	6	3	57615.6	218.55	48.1077
0.02304	0	7	1	57634.3	218.793	48.0819
0.02328	0	8	1	57653.7	219.046	48.0551
0.02352	0	5	7	57673.6	219.306	48.0277
0.02376	0	19	2	57693.5	219.565	48.0003
0.024	0	13	3	57713.4	219.825	47.973
0.02424	0	11	5	57734.6	220.102	47.944
0.02448	0	13	3	57755.7	220.379	47.915
0.02472	0	16	4	57776.9	220.655	47.8861
0.02496	0	17	2	57798.7	220.94	47.8564
0.0252	0	14	4	57821.2	221.235	47.8257
0.02544	0	15	6	57843.8	221.531	47.795
0.02568	0	13	0	57866.4	221.827	47.7645
0.02592	0	17	4	57890.2	222.139	47.7322
0.02616	0	24	3	57914.3	222.455	47.6997
0.0264	0	24	4	57938.3	222.771	47.6673
0.02664	0	25	3	57962.9	223.093	47.6343
0.02688	0	27	4	57988.6	223.431	47.5998
0.02712	0	35	4	58014.3	223.768	47.5654
0.02736	0	30	5	58040	224.107	47.5311
0.0276	0	26	5	58067	224.462	47.4951
0.02784	0	33	4	58094.5	224.825	47.4585
0.02808	0	36	4	58122	225.187	47.422
0.02832	0	27	8	58149.8	225.554	47.3853
0.02856	0	37	9	58179.3	225.943	47.3463
0.0288	0	44	5	58208.8	226.333	47.3075
0.02904	0	52	9	58238.2	226.722	47.2688
0.02928	0	51	3	58268.9	227.128	47.2286
0.02952	0	42	6	58300.5	227.546	47.1873
0.02976	0	54	9	58332.1	227.965	47.1461
0.03	0	69	5	58363.7	228.384	47.105
0.03024	0	77	8	58397.7	228.835	47.061
0.03048	0	65	9	58431.7	229.285	47.0171
0.03072	0	74	9	58465.6	229.737	46.9734
0.03096	0	80	12	58500.7	230.203	46.9283
0.0312	0	75	11	58537.3	230.69	46.8815
0.03144	0	71	5	58573.9	231.177	46.8348
0.03168	0	102	7	58610.4	231.665	46.7882
0.03192	0	88	7	58649.4	232.185	46.7387
0.03216	0	99	8	58688.8	232.711	46.6889
0.0324	0	119	11	58728.2	233.237	46.6393
0.03264	0	131	8	58768.5	233.776	46.5888
0.03288	0	139	7	58810.9	234.314	46.5182
0.03312	0	145	7	58853.4	234.846	46.4443
0.03336	0	160	6	58895.8	235.379	46.3705
0.0336	0	154	11	58940.6	235.941	46.2927
0.03384	0	193	9	58986.4	236.515	46.2134
0.03408	0	207	11	59032.2	237.09	46.1343
0.03432	0	250	7	59078.5	237.671	46.0543
0.03456	0	227	6	59128.1	238.292	45.969
0.0348	0	229	10	59177.7	238.914	45.8838
0.03504	0	233	7	59227.2	239.536	45.7987
0.03528	0	279	6	59279.1	240.187	45.7098
0.03552	0	282	12	59332.8	240.86	45.6181
0.03576	0	335	4	59386.5	241.534	45.5266
0.036	0	349	10	59440.2	242.207	45.4352
0.03624	0	355	7	59498.4	242.936	45.3365
0.03648	0	401	6	59556.5	243.666	45.238
0.03672	0	445	10	59614.7	244.395	45.1397
0.03696	0	469	6	59675	245.15	45.0381
0.0372	0	485	11	59738	245.941	44.9321
0.03744	0	519	1	59801.1	246.731	44.8263
0.03768	0	586	4	59864.2	247.521	44.7208
0.03792	0	614	5	59931.8	248.367	44.608
0.03816	0	656	1	60000.1	249.223	44.4942
0.0384	0	759	2	60068.5	250.078	44.3807
0.03864	0	770	8	60138.4	250.954	44.2649
0.03888	0	801	4	60212.5	251.88	44.1426
0.03912	0	924	5	60286.6	252.806	44.0207
0.03936	0	1115	3	60360.7	253.732	43.8992
0.0396	0	999	7	60439.3	254.713	43.7706
0.03984	0	1139	2	60519.7	255.721	43.6428
0.04008	0	1156	13	60600.1	256.759	43.5406
0.04032	0	1438	13	60681.6	257.813	43.4378
0.04056	0	1322	3	60769.2	258.949	43.3279
0.0408	0	1439	4	60856.7	260.087	43.2188
0.04104	0	1604	8	60944.3	261.228	43.1105
0.04128	0	1683	8	61036.2	262.427	42.9976
0.04152	0	1915	5	61131.2	263.671	42.8818
0.04176	0	1918	8	61226.2	264.917	42.7667
0.042	0	2100	8	61321.3	266.167	42.6526
0.04224	0	2332	5	61424.2	267.524	42.5299
0.04248	0	2548	10	61527.1	268.884	42.4082
0.04272	0	2575	11	61630.1	270.247	42.2876
0.04296	0	2937	12	61736.6	271.662	42.1637
0.0432	0	3063	9	61847.9	273.144	42.0354
0.04344	0	3211	8	61959.3	274.631	41.9082
0.04368	0	3578	5	62070.6	276.121	41.7821
0.04392	0	3945	7	62189.6	277.718	41.6487
0.04416	0	4016	5	62309.8	279.355	41.4979
0.0444	0	4338	5	62430.1	281.009	41.3335
0.04464	0	4811	5	62553	282.697	41.1667
0.04488	0	4856	10	62682.5	284.474	40.9922
0.04512	0	5403	5	62812.1	286.248	40.819
0.04536	0	6017	2	62941.6	288.02	40.647
0.0456	0	6148	6	63077.6	289.876	40.4679
0.04584	0	6692	4	63216.2	291.764	40.2868
0.04608	0	7341	6	63354.8	293.649	40.1072
0.04632	0	7734	6	63494.7	295.546	39.9273
0.04656	0	8222	7	63642.2	297.544	39.7391
0.0468	0	8766	6	63789.8	299.536	39.5525
0.04704	0	9729	2	63937.4	301.522	39.3674
0.04728	0	10273	4	64089.1	303.464	39.202
0.04752	0	10993	5	64243.9	305.403	39.0442
0.04776	0	11907	2	64398.7	307.336	38.8883
0.048	0	12528	4	64553.5	309.262	38.7343
0.04824	0	13714	1	64714.8	311.261	38.5758
0.04848	0	14630	6	64876.1	313.253	38.4193
0.04872	0	15864	4	65037.4	315.237	38.2647
0.04896	0	16831	4	65200.9	317.239	38.1101
0.0492	0	17698	0	65367.2	319.268	37.9547
0.04944	0	18864	5	65533.6	321.287	37.8014
0.04968	0	20213	5	65700	323.297	37.6501
0.04992	0	22027	2	65867.6	325.353	37.4877
0.05016	0	23404	4	66035.3	327.431	37.3226
0.0504	0	24646	8	66203.1	329.526	37.1558
0.05064	0	26778	8	66370	331.628	36.9882
0.05088	0	28279	4	66535	333.721	36.8211
0.05112	0	30159	3	66700	335.831	36.6526
0.05136	0	32355	3	66865	337.958	36.4826
0.0516	0	34354	2	67022.9	340.009	36.3186
0.05184	0	36456	4	67177.9	342.038	36.1563
0.05208	0	39191	3	67333	344.082	35.9929
0.05232	0	41219	2	67485.8	346.147	35.8239
0.05256	0	44021	5	67625.1	348.141	35.6518
0.0528	0	46541	4	67764.5	350.142	35.4821
0.05304	0	49216	2	67903.9	352.149	35.3146
0.05328	0	53047	3	68027	353.929	35.1686
0.05352	0	55863	0	68138	355.538	35.0385
0.05376	0	58695	4	68249	357.151	34.9099
0.054	0	62472	1	68360	358.768	34.7826
0.05424	0	65554	2	68437.1	359.894	34.6951
0.05448	0	69303	4	68514.2	361.021	34.6083
0.05472	0	73421	4	68591.3	362.151	34.5221
0.05496	0	75970	2	68650.5	363.02	34.4563
0.0552	0	80896	3	68685.8	363.54	34.4172
0.05544	0	84637	6	68721.2	364.061	34.3783
0.05568	0	88976	4	68756.6	364.582	34.3395
0.05592	0	92578	4	68746.4	364.431	34.3507
0.05616	0	96615	3	68728.5	364.168	34.3703
0.0564	0	101507	2	68710.7	363.906	34.3899
0.05664	0	105052	4	68677	363.41	34.427
0.05688	0	110401	4	68603.7	362.333	34.5083
0.05712	0	115073	3	68530.3	361.258	34.5902
0.05736	0	118765	5	68457	360.184	34.6726
0.0576	0	122404	1	68340.4	358.482	34.805
0.05784	0	126748	0	68206.6	356.533	34.9589
0.05808	0	132393	4	68072.7	354.59	35.1149
0.05832	0	134526	4	67932.1	352.556	35.2811
0.05856	0	138883	1	67750.8	349.944	35.4987
0.0588	0	143577	5	67569.4	347.343	35.7203
0.05904	0	146907	2	67388.1	344.813	35.9344
0.05928	0	149950	0	67181	342.078	36.1531
0.05952	0	152521	7	66954.6	339.119	36.3897
0.05976	0	155570	3	66728.1	336.192	36.6237
0.06	0	158538	2	66501.7	333.297	36.855
0.06024	0	161595	8	66245.9	330.064	37.1129
0.06048	0	164518	3	65990.1	326.87	37.3672
0.06072	0	167606	4	65734.3	323.714	37.6178
0.06096	0	169185	3	65472.4	320.546	37.8576
0.0612	0	170865	3	65202.4	317.258	38.1086
0.06144	0	173779	3	64932.4	313.946	38.3651
0.06168	0	176172	2	64662.4	310.612	38.6271
0.06192	0	176680	1	64387.8	307.2	38.8992
0.06216	0	176155	2	64112.5	303.758	39.178
0.0624	0	178524	2	63837.2	300.174	39.4928
0.06264	0	178618	5	63565.4	296.504	39.8369
0.06288	0	179836	5	63302	292.931	40.1754
0.06312	0	180605	2	63038.7	289.345	40.5191
0.06336	0	181994	2	62775.3	285.745	40.868
0.0636	0	181188	2	62514.7	282.171	41.2186
0.06384	0	181899	7	62255.1	278.602	41.573
0.06408	0	184010	4	61995.5	275.116	41.867
0.06432	0	183959	3	61738.2	271.683	42.1619
0.06456	0	181706	2	61493.8	268.443	42.4475
0.0648	0	183703	2	61249.5	265.223	42.7387
0.06504	0	183780	13	61005.2	262.022	43.0356
0.06528	0	182811	8	60767.7	258.93	43.3298
0.06552	0	181806	7	60535.3	255.922	43.6229
0.06576	0	182620	4	60303	253.011	43.9938
0.066	0	180791	6	60070.6	250.105	44.3772
0.06624	0	179899	4	59863.6	247.513	44.7218
0.06648	0	181755	7	59656.5	244.919	45.0692
0.06672	0	178140	88	59449.5	242.323	45.4195
0.06696	0	177975	186	59260.6	239.955	45.7415
0.0672	0	175673	523	59096.1	237.89	46.0241
0.06744	0	176949	973	58931.5	235.826	46.3086
0.06768	0	174121	2099	58766.9	233.755	46.5907
0.06792	0	172036	2665	58637.2	232.022	46.7543
0.06816	0	172486	3348	58513.2	230.37	46.9122
0.0684	0	172936	4028	58389.3	228.723	47.0719
0.06864	0	173352	5587	58282	227.302	47.2114
0.06888	0	170757	8378	58216.6	226.436	47.2972
0.06912	0	172408	11134	58151.1	225.571	47.3836
0.06936	0	172107	14302	58085.6	224.708	47.4703
0.0696	0	172283	15830	58061.7	224.393	47.5021
0.06984	0	171935	19357	58054.4	224.297	47.5118
0.07008	0	175567	21734	58047.1	224.201	47.5215
0.07032	0	177676	25468	58049.7	224.235	47.5181
0.07056	0	177889	32089	58111.5	225.048	47.436
0.0708	0	179288	33344	58173.2	225.863	47.3544
0.07104	0	182617	37751	58234.9	226.679	47.2731
0.07128	0	182016	44579	58333.2	227.979	47.1447
0.07152	0	186028	47171	58458.9	229.648	46.982
0.07176	0	188803	48819	58584.6	231.32	46.8211
0.072	0	190600	57296	58710.3	232.998	46.6619
0.07224	0	194271	61210	58889.9	235.305	46.3808
0.07248	0	197905	64837	59069.5	237.558	46.0698
0.07272	0	203238	69755	59249.2	239.811	45.7611
0.07296	0	207299	76043	59448.7	242.313	45.4209
0.0732	0	212484	80847	59674.6	245.145	45.0387
0.07344	0	219946	84802	59900.5	247.976	44.66
0.07368	0	224070	90154	60126.5	250.804	44.2847
0.07392	0	228990	99319	60388.1	254.075	43.8542
0.07416	0	235874	102647	60655.8	257.479	43.4702
0.0744	0	243168	109737	60923.4	260.956	43.1362
0.07464	0	251101	116551	61203.4	264.618	42.7943
0.07488	0	258363	123159	61514.1	268.711	42.4236
0.07512	0	267982	130696	61824.8	272.835	42.062
0.07536	0	277006	137168	62135.4	276.99	41.7093
0.0756	0	286846	143071	62445.7	281.223	41.3123
0.07584	0	296204	150326	62755.8	285.478	40.8941
0.07608	0	309175	155254	63065.9	289.716	40.4833
0.07632	0	322974	163757	63366.7	293.81	40.0918
0.07656	0	337300	172074	63611.5	297.128	39.7782
0.0768	0	350955	177476	63856.3	300.431	39.4689
0.07704	0	368675	185533	64101.1	303.615	39.1897
0.07728	0	387692	198206	64220.2	305.106	39.0683
0.07752	0	407076	205437	64245	305.417	39.0431
0.07776	0	432289	211510	64269.8	305.727	39.018
0.078	0	455465	222212	64294.6	306.037	38.993
0.07824	0	484397	240860	63853	300.387	39.473
0.07848	0	517212	245848	63411.4	294.417	40.0342
0.07872	0	551571	257211	62969.8	288.405	40.6098
0.07896	0	591892	274265	62199.2	277.846	41.638
0.0792	0	627176	284517	60989.8	261.822	43.0544
0.07944	0	665499	289755	59780.5	246.473	44.8608
0.07968	0	712185	301016	58571.2	231.141	46.8382
0.07992	0	761242	320536	56690.2	206.881	49.6327
0.08016	0	789812	323319	54697.3	184.034	53.9763
0.0804	0	815546	330707	52704.4	161.582	57.8085
0.08064	0	840846	349341	50655.2	139.274	63.1247
0.08088	0	860579	366951	48465.2	115.253	69.1078
0.08112	0	853703	365657	46275.2	100.571	84.8014
0.08136	0	848947	382926	44085.3	79.7535	94.4191
0.0816	0	858219	426466	42322.2	63.5383	96.5534
0.08184	0	850965	444399	40730	50.3898	103.751
0.08208	0	853201	475262	39137.8	41.7694	119.478
0.08232	0	863207	536650	37693.4	34.9931	138.393
0.08256	0	876378	605360	37136.3	32.1254	146.004
0.0828	0	873240	608820	36579.1	29.1068	153.198
0.08304	0	882473	652319	36022	25.7961	158.724
0.08328	0	900901	732965	35973.4	25.4798	159.018
0.08352	0	905585	757816	36306.3	27.6008	156.539
0.08376	0	909355	757068	36639.2	29.4366	152.446
0.084	0	929697	808583	36972.1	31.2473	148.172
0.08424	0	956459	907340	37748.3	35.2638	137.625
0.08448	0	951490	835548	38524.5	38.8967	127.052
0.08472	0	964128	848585	39300.7	42.5358	117.574
0.08496	0	982825	931373	40078.3	46.4627	109.264
0.0852	0	988842	951568	40857.9	51.2258	102.816
0.08544	0	990282	875168	41637.4	57.11	98.444
0.08568	0	1.01071e+06	904551	42416.9	64.4663	96.3566
0.08592	0	1.04042e+06	1.04909e+06	42905.6	69.4139	95.5819
0.08616	0	1.02782e+06	885363	43345.8	73.6431	95.2383
0.0864	0	1.03309e+06	858807	43786	77.2883	94.8332
0.08664	0	1.06785e+06	960600	44108.7	79.9458	94.3819
0.08688	0	1.08564e+06	1.02102e+06	44137.8	80.1845	94.3349
0.08712	0	1.07423e+06	842970	44166.9	80.423	94.2868
0.08736	0	1.08689e+06	887988	44196	80.6614	94.2377
0.0876	0	1.11301e+06	1.08083e+06	44004.9	79.0932	94.5412
0.08784	0	1.10144e+06	930097	43725.7	76.7907	94.9031
0.08808	0	1.10455e+06	857708	43446.6	74.4791	95.1672
0.08832	0	1.13323e+06	977037	43128.6	71.7598	95.3612
0.08856	0	1.16608e+06	1.1306e+06	42578	66.0684	96.0566
0.0888	0	1.16841e+06	891568	42027.3	60.7087	97.2662
0.08904	0	1.20308e+06	929629	41476.7	55.674	99.0092
0.08928	0	1.25879e+06	1.15584e+06	40889.6	51.4367	102.592
0.08952	0	1.26244e+06	1.09663e+06	40275.1	47.5919	107.462
0.08976	0	1.26808e+06	964282	39660.6	44.2297	113.519
0.09	0	1.2959e+06	1.09904e+06	39046.1	41.3385	120.569
0.09024	0	1.34908e+06	1.37789e+06	38844.8	40.394	123.014
0.09048	0	1.31402e+06	1.07383e+06	38643.6	39.4523	125.53
0.09072	0	1.31894e+06	1.11637e+06	38442.3	38.5141	128.118
0.09096	0	1.35558e+06	1.36538e+06	38498.7	38.7764	127.386
0.0912	0	1.35099e+06	1.37216e+06	38898.5	40.6456	122.355
0.09144	0	1.3334e+06	1.19027e+06	39298.3	42.5247	117.601
0.09168	0	1.3381e+06	1.28284e+06	39698.2	44.4087	113.108
0.09192	0	1.38197e+06	1.52132e+06	40265.6	47.5365	107.546
0.09216	0	1.35431e+06	1.29533e+06	40861	51.2466	102.794
0.0924	0	1.35474e+06	1.23204e+06	41456.4	55.4942	99.0841
0.09264	0	1.37985e+06	1.3588e+06	41974.7	60.2132	97.4094
0.09288	0	1.40752e+06	1.50484e+06	42300.3	63.3249	96.6012
0.09312	0	1.38969e+06	1.22211e+06	42626	66.5514	95.9757
0.09336	0	1.40267e+06	1.25155e+06	42951.7	69.8942	95.5295
0.0936	0	1.44834e+06	1.53575e+06	43044.1	70.8649	95.4351
0.09384	0	1.43571e+06	1.33841e+06	43043.4	70.8566	95.4358
0.09408	0	1.4407e+06	1.21628e+06	43042.6	70.8483	95.4365
0.09432	0	1.46518e+06	1.35982e+06	43030.8	70.7243	95.4478
0.09456	0	1.51121e+06	1.6434e+06	42953.1	69.9092	95.5279
0.0948	0	1.48785e+06	1.2724e+06	42875.4	69.1009	95.6181
0.09504	0	1.49888e+06	1.30796e+06	42797.7	68.2992	95.7183
0.09528	0	1.54582e+06	1.63447e+06	42768.8	68.0029	95.7581
0.09552	0	1.54627e+06	1.53564e+06	42776.6	68.0823	95.7473
0.09576	0	1.547e+06	1.3345e+06	42784.3	68.1617	95.7366
0.096	0	1.56978e+06	1.49398e+06	42792	68.2411	95.726
0.09624	0	1.63686e+06	1.77189e+06	42831.6	68.6486	95.6733
0.09648	0	1.60749e+06	1.46979e+06	42871.2	69.0579	95.6232
0.09672	0	1.62592e+06	1.44318e+06	42910.9	69.4689	95.5757
0.09696	0	1.67534e+06	1.69336e+06	42945.5	69.8299	95.5363
0.0972	0	1.69208e+06	1.72427e+06	42973.6	70.1232	95.5058
0.09744	0	1.69082e+06	1.52331e+06	43001.6	70.4173	95.4767
0.09768	0	1.71376e+06	1.61247e+06	43029.7	70.7123	95.4489
0.09792	0	1.78311e+06	1.91157e+06	43042.2	70.8447	95.4369
0.09816	0	1.75732e+06	1.63597e+06	43052.2	70.95	95.4275
0.0984	0	1.77556e+06	1.59864e+06	43062.2	71.0554	95.4183
0.09864	0	1.82686e+06	1.76523e+06	43089.4	71.3432	95.3941
0.09888	1	1.85786e+06	2.00411e+06	43159.6	72.0903	95.3371
0.09912	0	1.8449e+06	1.64069e+06	43229.9	72.6817	95.3042
0.09936	0	1.8856e+06	1.74559e+06	43300.1	73.2645	95.2663
0.0996	0	1.96457e+06	2.18336e+06	43382	73.9436	95.2142
0.09984	0	1.9548e+06	1.90498e+06	43468.5	74.6609	95.15
0.10008	0	1.96872e+06	1.7281e+06	43555	75.3777	95.0762
0.10032	0	2.02985e+06	2.00561e+06	43621.1	75.9248	95.0136
0.10056	0	2.11114e+06	2.23822e+06	43564.5	75.4563	95.0676
0.1008	0	2.08334e+06	1.91861e+06	43507.9	74.9875	95.1176
0.10104	0	2.11573e+06	1.95942e+06	43451.3	74.5185	95.1635
0.10128	1	2.21122e+06	2.2444e+06	43262.6	72.9528	95.2874
0.10152	0	2.21832e+06	2.22745e+06	42974.6	70.1345	95.5047
0.10176	0	2.22553e+06	1.99785e+06	42686.7	67.166	95.879
0.102	0	2.29924e+06	2.1315e+06	42398.8	64.2885	96.3929
0.10224	0	2.42684e+06	2.78512e+06	41700.9	57.6855	98.2334
0.10248	1	2.3798e+06	2.07743e+06	41003	52.2031	101.811
0.10272	3	2.43974e+06	2.05594e+06	40305.1	47.7685	107.197
0.10296	3	2.5642e+06	2.51196e+06	39643.4	44.1489	113.708
0.1032	1	2.5887e+06	2.53702e+06	39029.9	41.2626	120.762
0.10344	0	2.57732e+06	2.2844e+06	38416.5	38.3939	128.456
0.10368	2	2.61781e+06	2.56023e+06	37803	35.5314	136.856
0.10392	0	2.74867e+06	3.04465e+06	37611.8	34.5858	139.531
0.10416	3	2.72212e+06	2.64302e+06	37490.9	33.9739	141.202
0.1044	5	2.7609e+06	2.48029e+06	37370	33.3521	142.856
0.10464	3	2.87222e+06	2.89337e+06	37255.1	32.7526	144.412
0.10488	5	2.95013e+06	3.375e+06	37155	32.2246	145.754
0.10512	8	2.91708e+06	2.66497e+06	37054.9	31.6917	147.083
0.10536	5	2.97356e+06	2.80325e+06	36954.8	31.1543	148.398
0.1056	9	3.09891e+06	3.17604e+06	37011.2	31.4577	147.659
0.10584	4	3.04724e+06	2.95419e+06	37130.2	32.0933	146.084
0.10608	8	3.04387e+06	2.82055e+06	37249.2	32.722	144.491
0.10632	3	3.12284e+06	3.12073e+06	37409.4	33.5556	142.319
0.10656	9	3.23917e+06	4.02057e+06	37816.2	35.5953	136.671
0.1068	9	3.17033e+06	3.001e+06	38222.9	37.4964	131.026
0.10704	12	3.18662e+06	3.07165e+06	38629.7	39.3875	125.705
0.10728	12	3.29384e+06	3.48155e+06	38890.2	40.6068	122.456
0.10752	12	3.24337e+06	3.32137e+06	39041.1	41.3148	120.629
0.10776	9	3.18908e+06	2.88335e+06	39191.9	42.0237	118.841
0.108	14	3.22466e+06	3.10913e+06	39342.7	42.7334	117.09
0.10824	14	3.39018e+06	4.08866e+06	39073.1	41.4654	120.246
0.10848	15	3.25804e+06	3.03249e+06	38803.5	40.2005	123.524
0.10872	22	3.26907e+06	3.04255e+06	38534	38.9408	126.93
0.10896	26	3.35068e+06	3.31312e+06	38243.6	37.5919	130.749
0.1092	28	3.32702e+06	3.56234e+06	37925.5	36.121	135.125
0.10944	27	3.23853e+06	2.96466e+06	37607.3	34.5635	139.592
0.10968	28	3.26119e+06	3.2822e+06	37289.2	32.9314	143.952
0.10992	24	3.39495e+06	3.78843e+06	37151.5	32.2062	145.801
0.11016	22	3.25806e+06	3.20816e+06	37043.9	31.6327	147.228
0.1104	38	3.23338e+06	3.00778e+06	36936.2	31.0542	148.64
0.11064	36	3.30131e+06	3.22405e+06	36829.7	30.4774	150.02
0.11088	43	3.32473e+06	4.00479e+06	36726.1	29.9123	151.347
0.11112	39	3.18301e+06	3.0447e+06	36622.4	29.3444	152.657
0.11136	36	3.16203e+06	3.0882e+06	36518.7	28.774	153.949
0.1116	50	3.26482e+06	3.40999e+06	36457.2	28.4346	154.708
0.11184	41	3.12802e+06	3.17946e+06	36412.5	28.1878	155.254
0.11208	41	3.03349e+06	2.84119e+06	36367.8	27.9408	155.797
0.11232	43	3.04478e+06	3.09567e+06	36312	27.6324	156.47
0.11256	53	3.10456e+06	3.81845e+06	36189.8	26.9128	157.72
0.1128	44	2.93164e+06	2.86016e+06	36067.7	26.0964	158.449
0.11304	37	2.91336e+06	2.82775e+06	35945.5	25.2992	159.187
0.11328	48	2.97579e+06	3.1017e+06	35750.3	24.0648	160.385
0.11352	57	2.85961e+06	2.98786e+06	35500.3	22.5531	161.952
0.11376	32	2.73118e+06	2.65704e+06	35250.3	21.1169	163.558
0.114	40	2.72384e+06	2.76068e+06	35000.4	19.7541	165.203
0.11424	40	2.81607e+06	3.28285e+06	34932	19.3939	165.66
0.11448	57	2.62609e+06	2.68358e+06	34863.7	19.039	166.119
0.11472	46	2.56544e+06	2.5649e+06	34795.3	18.6893	166.582
0.11496	48	2.59936e+06	2.88181e+06	34753.6	18.4784	166.866
0.1152	44	2.54696e+06	2.95035e+06	34747.4	18.4472	166.908
0.11544	39	2.43614e+06	2.49078e+06	34741.2	18.416	166.951
0.11568	45	2.44667e+06	2.53616e+06	34735	18.3849	166.993
0.11592	33	2.5335e+06	2.98905e+06	34603.8	17.7368	167.895
0.11616	55	2.38295e+06	2.54836e+06	34451.8	17.0426	169.209
0.1164	50	2.34549e+06	2.31252e+06	34299.8	16.4728	171.356
0.11664	39	2.40885e+06	2.6354e+06	34156.7	15.9564	173.476
0.11688	30	2.37696e+06	2.92832e+06	34035.9	15.5349	175.343
0.11712	52	2.15806e+06	2.33918e+06	33915.1	15.1262	177.283
0.11736	52	2.07878e+06	2.32361e+06	33794.3	14.7298	179.297
0.1176	41	2.10419e+06	2.80149e+06	33385.6	13.4745	186.696
0.11784	44	1.91253e+06	2.29809e+06	32861.7	12.0423	197.608
0.11808	35	1.82803e+06	1.96979e+06	32337.8	10.7732	209.133
0.11832	46	1.90013e+06	2.14649e+06	32037	10.0638	216.068
0.11856	31	2.0445e+06	2.65693e+06	33075.2	12.6036	192.956
0.1188	31	2.22181e+06	2.16836e+06	34113.4	15.8038	174.137
0.11904	36	2.48804e+06	2.47262e+06	35151.6	20.5698	164.203
0.11928	38	2.71258e+06	3.12418e+06	42216.8	62.5158	96.7909
0.11952	29	2.79954e+06	3.25691e+06	53802.3	174.094	55.7912
0.11976	0	2.72634e+06	1.91448e+06	65387.9	319.519	37.9356
