3.6049e-21
7.20979e-21
1.08147e-20
1.44196e-20
1.80245e-20
2.16294e-20
2.54346e-20
2.92397e-20
3.34454e-20
3.76511e-20
4.20571e-20
4.66634e-20
5.12696e-20
5.58759e-20
6.06824e-20
6.5489e-20
7.02955e-20
7.5102e-20
7.99086e-20
8.47151e-20
8.95216e-20
9.45284e-20
9.95352e-20
1.04542e-19
1.09549e-19
1.14556e-19
1.19562e-19
1.24569e-19
1.29776e-19
1.34983e-19
1.4019e-19
1.45598e-19
1.51005e-19
1.56613e-19
1.6222e-19
1.68028e-19
1.73836e-19
1.79644e-19
1.85652e-19
1.91861e-19
1.9847e-19
2.05079e-19
2.11888e-19
2.18697e-19
2.25506e-19
2.32516e-19
2.39726e-19
2.46935e-19
2.54346e-19
2.61756e-19
2.69166e-19
2.76576e-19
2.83986e-19
2.91997e-19
3.00008e-19
3.08018e-19
3.1623e-19
3.24641e-19
3.33052e-19
3.42265e-19
3.51477e-19
3.6089e-19
3.70704e-19
3.80517e-19
3.9033e-19
4.00744e-19
4.11559e-19
4.22374e-19
4.33188e-19
4.44604e-19
4.56019e-19
4.67836e-19
4.79852e-19
4.91868e-19
5.04085e-19
5.16702e-19
5.2992e-19
5.43138e-19
5.56556e-19
5.69974e-19
5.83393e-19
5.96811e-19
6.10229e-19
6.23847e-19
6.37466e-19
6.51285e-19
6.65304e-19
6.79323e-19
6.93542e-19
7.07962e-19
7.22181e-19
7.36601e-19
7.5102e-19
7.6544e-19
7.8006e-19
7.9468e-19
8.099e-19
8.25121e-19
8.40742e-19
8.56964e-19
8.73186e-19
8.89608e-19
9.06431e-19
9.23254e-19
9.40077e-19
9.571e-19
9.74123e-19
9.91547e-19
1.00897e-18
1.02679e-18
1.04542e-18
1.06425e-18
1.08367e-18
1.1031e-18
1.12273e-18
1.14255e-18
1.16278e-18
1.18321e-18
1.20384e-18
1.22486e-18
1.24629e-18
1.26772e-18
1.28915e-18
1.31058e-18
1.33301e-18
1.35564e-18
1.37827e-18
1.4019e-18
1.42614e-18
1.45077e-18
1.4756e-18
1.50064e-18
1.52607e-18
1.55171e-18
1.57814e-18
1.60458e-18
1.63142e-18
1.65825e-18
1.68529e-18
1.71293e-18
1.74117e-18
1.7702e-18
1.79944e-18
1.82908e-18
1.85973e-18
1.89117e-18
1.92321e-18
1.95546e-18
1.9885e-18
2.02155e-18
2.05499e-18
2.08904e-18
2.12389e-18
2.15933e-18
2.19618e-18
2.23383e-18
2.27209e-18
2.31154e-18
2.35179e-18
2.39225e-18
2.43351e-18
2.47556e-18
2.51822e-18
2.56128e-18
2.60474e-18
2.6488e-18
2.69306e-18
2.73772e-18
2.78338e-18
2.82984e-18
2.87751e-18
2.92557e-18
2.97464e-18
3.02431e-18
3.07538e-18
3.12685e-18
3.18012e-18
3.23459e-18
3.28987e-18
3.34575e-18
3.40302e-18
3.4609e-18
3.51958e-18
3.57866e-18
3.63934e-18
3.70083e-18
3.76311e-18
3.826e-18
3.89049e-18
3.95678e-18
4.02387e-18
4.09296e-18
4.16406e-18
4.23676e-18
4.31006e-18
4.38476e-18
4.46046e-18
4.53696e-18
4.61447e-18
4.69378e-18
4.77609e-18
4.8596e-18
4.94452e-18
5.02983e-18
5.11715e-18
5.20647e-18
5.298e-18
5.39112e-18
5.48685e-18
5.58399e-18
5.68332e-18
5.78466e-18
5.8868e-18
5.99054e-18
6.09728e-18
6.20503e-18
6.31398e-18
6.42433e-18
6.53728e-18
6.65184e-18
6.76819e-18
6.88595e-18
7.00472e-18
7.12468e-18
7.24745e-18
7.37181e-18
7.49779e-18
7.62496e-18
7.75534e-18
7.88731e-18
8.0221e-18
8.15928e-18
8.29847e-18
8.43886e-18
8.58166e-18
8.72766e-18
8.87486e-18
9.02566e-18
9.17767e-18
9.33288e-18
9.49009e-18
9.64931e-18
9.81133e-18
9.97535e-18
1.01424e-17
1.03122e-17
1.0485e-17
1.06613e-17
1.08395e-17
1.10202e-17
1.12036e-17
1.13899e-17
1.15801e-17
1.17746e-17
1.19731e-17
1.21739e-17
1.23774e-17
1.25833e-17
1.27932e-17
1.30063e-17
1.32218e-17
1.34415e-17
1.36638e-17
1.38897e-17
1.412e-17
1.43555e-17
1.45944e-17
1.48366e-17
1.50831e-17
1.53346e-17
1.55912e-17
1.58525e-17
1.61199e-17
1.63919e-17
1.66692e-17
1.69522e-17
1.72392e-17
1.75328e-17
1.78296e-17
1.81316e-17
1.84382e-17
1.87521e-17
1.90711e-17
1.93961e-17
1.97276e-17
2.00643e-17
2.04045e-17
2.07528e-17
2.11079e-17
2.14676e-17
2.18315e-17
2.22014e-17
2.25777e-17
2.296e-17
2.33489e-17
2.37453e-17
2.41486e-17
2.45586e-17
2.49749e-17
2.53989e-17
2.58291e-17
2.62647e-17
2.67083e-17
2.71597e-17
2.76179e-17
2.80809e-17
2.85528e-17
2.9032e-17
2.95203e-17
3.00162e-17
3.05219e-17
3.10352e-17
3.15577e-17
3.2091e-17
3.26351e-17
3.31891e-17
3.37529e-17
3.43262e-17
3.49074e-17
3.55014e-17
3.61056e-17
3.67201e-17
3.73443e-17
3.7979e-17
3.86261e-17
3.9285e-17
3.99549e-17
4.06378e-17
4.13329e-17
4.20407e-17
4.27589e-17
4.34895e-17
4.42353e-17
4.49953e-17
4.57676e-17
4.6551e-17
4.73485e-17
4.81586e-17
4.89819e-17
4.98181e-17
5.0667e-17
5.15318e-17
5.24092e-17
5.33018e-17
5.4209e-17
5.51313e-17
5.60734e-17
5.70351e-17
5.8011e-17
5.90034e-17
6.00123e-17
6.10413e-17
6.20855e-17
6.31466e-17
6.42228e-17
6.53153e-17
6.6428e-17
6.7561e-17
6.87121e-17
6.98823e-17
7.10713e-17
7.22836e-17
7.35193e-17
7.4777e-17
7.60581e-17
7.73643e-17
7.86949e-17
8.00544e-17
8.14366e-17
8.28425e-17
8.42731e-17
8.57279e-17
8.72051e-17
8.87047e-17
9.02276e-17
9.17795e-17
9.33582e-17
9.49658e-17
9.66012e-17
9.82623e-17
9.99492e-17
1.01665e-16
1.03409e-16
1.05186e-16
1.06991e-16
1.08825e-16
1.10691e-16
1.12587e-16
1.14515e-16
1.16474e-16
1.18472e-16
1.20502e-16
1.22568e-16
1.24668e-16
1.26799e-16
1.28967e-16
1.31171e-16
1.33412e-16
1.35692e-16
1.38012e-16
1.40379e-16
1.42787e-16
1.45235e-16
1.4772e-16
1.50247e-16
1.52815e-16
1.55424e-16
1.58076e-16
1.60773e-16
1.63522e-16
1.66323e-16
1.69175e-16
1.72077e-16
1.75028e-16
1.78028e-16
1.81082e-16
1.84188e-16
1.87343e-16
1.90552e-16
1.93815e-16
1.97134e-16
2.0051e-16
2.03945e-16
2.07442e-16
2.10993e-16
2.14607e-16
2.18283e-16
2.22024e-16
2.25832e-16
2.29698e-16
2.33635e-16
2.37638e-16
2.41705e-16
2.45842e-16
2.50054e-16
2.54339e-16
2.58695e-16
2.63127e-16
2.67635e-16
2.72219e-16
2.76882e-16
2.81638e-16
2.86466e-16
2.9137e-16
2.96355e-16
3.01421e-16
3.06568e-16
3.11801e-16
3.17117e-16
3.22524e-16
3.28012e-16
3.33588e-16
3.39265e-16
3.45036e-16
3.50901e-16
3.56865e-16
3.62923e-16
3.69085e-16
3.75342e-16
3.81701e-16
3.88165e-16
3.94727e-16
4.0139e-16
4.08159e-16
4.15037e-16
4.22023e-16
4.29117e-16
4.3632e-16
4.43633e-16
4.51067e-16
4.58613e-16
4.66287e-16
4.74082e-16
4.82002e-16
4.90043e-16
4.98212e-16
5.06515e-16
5.14943e-16
5.23494e-16
5.32176e-16
5.40993e-16
5.49948e-16
5.59039e-16
5.6827e-16
5.77644e-16
5.87162e-16
5.96823e-16
6.06621e-16
6.16564e-16
6.26651e-16
6.36873e-16
6.47247e-16
6.57767e-16
6.68436e-16
6.79252e-16
6.90219e-16
7.0135e-16
7.12634e-16
7.24078e-16
7.35686e-16
7.4746e-16
7.5941e-16
7.71527e-16
7.83812e-16
7.96284e-16
8.08937e-16
8.2177e-16
8.34789e-16
8.48011e-16
8.61431e-16
8.7503e-16
8.88819e-16
9.0281e-16
9.16985e-16
9.31366e-16
9.45939e-16
9.60718e-16
9.75693e-16
9.90874e-16
1.00626e-15
1.02187e-15
1.03769e-15
1.05374e-15
1.07001e-15
1.08649e-15
1.10318e-15
1.1201e-15
1.13725e-15
1.15464e-15
1.17224e-15
1.19009e-15
1.20819e-15
1.22652e-15
1.2451e-15
1.26392e-15
1.283e-15
1.30233e-15
1.32191e-15
1.34176e-15
1.36186e-15
1.38224e-15
1.40289e-15
1.42381e-15
1.44501e-15
1.46647e-15
1.48822e-15
1.51022e-15
1.53249e-15
1.55504e-15
1.57787e-15
1.60099e-15
1.62439e-15
1.64806e-15
1.67201e-15
1.69626e-15
1.72081e-15
1.74566e-15
1.77082e-15
1.79629e-15
1.82207e-15
1.84817e-15
1.87455e-15
1.90125e-15
1.92828e-15
1.95562e-15
1.98331e-15
2.01136e-15
2.03973e-15
2.06844e-15
2.09748e-15
2.12685e-15
2.15658e-15
2.18667e-15
2.21713e-15
2.24793e-15
2.27912e-15
2.31068e-15
2.34263e-15
2.37497e-15
2.40771e-15
2.44082e-15
2.47436e-15
2.50831e-15
2.54268e-15
2.5775e-15
2.61276e-15
2.64849e-15
2.6847e-15
2.72139e-15
2.75856e-15
2.79623e-15
2.8344e-15
2.87308e-15
2.91231e-15
2.95206e-15
2.99234e-15
3.03315e-15
3.07453e-15
3.11645e-15
3.15895e-15
3.20206e-15
3.24577e-15
3.29006e-15
3.33498e-15
3.38052e-15
3.42667e-15
3.47348e-15
3.52096e-15
3.56911e-15
3.61796e-15
3.6675e-15
3.71774e-15
3.76869e-15
3.82037e-15
3.87277e-15
3.9259e-15
3.97975e-15
4.03433e-15
4.08968e-15
4.14579e-15
4.20266e-15
4.26031e-15
4.31874e-15
4.37796e-15
4.43796e-15
4.49876e-15
4.56034e-15
4.62273e-15
4.68594e-15
4.74999e-15
4.81488e-15
4.88063e-15
4.94723e-15
5.01469e-15
5.08301e-15
5.1522e-15
5.22228e-15
5.29326e-15
5.36517e-15
5.43798e-15
5.51174e-15
5.58644e-15
5.66208e-15
5.7387e-15
5.81632e-15
5.89488e-15
5.97442e-15
6.05495e-15
6.13648e-15
6.21904e-15
6.30263e-15
6.38723e-15
6.47287e-15
6.55956e-15
6.64733e-15
6.73618e-15
6.82613e-15
6.91721e-15
7.00942e-15
7.10278e-15
7.19728e-15
7.29297e-15
7.38984e-15
7.48795e-15
7.58729e-15
7.68786e-15
7.78973e-15
7.89286e-15
7.99736e-15
8.10319e-15
8.21038e-15
8.31898e-15
8.42898e-15
8.54047e-15
8.65345e-15
8.76795e-15
8.88401e-15
9.00167e-15
9.12092e-15
9.24182e-15
9.36438e-15
9.48864e-15
9.61464e-15
9.74239e-15
9.87194e-15
1.00033e-14
1.01366e-14
1.02717e-14
1.04087e-14
1.05477e-14
1.06886e-14
1.08316e-14
1.09767e-14
1.1124e-14
1.12734e-14
1.1425e-14
1.15789e-14
1.1735e-14
1.18936e-14
1.20545e-14
1.22179e-14
1.23838e-14
1.25522e-14
1.27231e-14
1.28967e-14
1.30729e-14
1.32519e-14
1.34336e-14
1.3618e-14
1.38054e-14
1.39956e-14
1.41888e-14
1.4385e-14
1.45842e-14
1.47864e-14
1.49919e-14
1.52005e-14
1.54122e-14
1.56273e-14
1.58457e-14
1.60675e-14
1.62928e-14
1.65216e-14
1.6754e-14
1.699e-14
1.72296e-14
1.7473e-14
1.77202e-14
1.79712e-14
1.82262e-14
1.8485e-14
1.87479e-14
1.90147e-14
1.92857e-14
1.95609e-14
1.98403e-14
2.01241e-14
2.04122e-14
2.07048e-14
2.10019e-14
2.13036e-14
2.16099e-14
2.19209e-14
2.22367e-14
2.25573e-14
2.28828e-14
2.32133e-14
2.35489e-14
2.38897e-14
2.42357e-14
2.45871e-14
2.49438e-14
2.53061e-14
2.56739e-14
2.60474e-14
2.64266e-14
2.68115e-14
2.72024e-14
2.75992e-14
2.8002e-14
2.84109e-14
2.88259e-14
2.92473e-14
2.9675e-14
3.01091e-14
3.05498e-14
3.09971e-14
3.14512e-14
3.19121e-14
3.238e-14
3.28548e-14
3.33369e-14
3.38261e-14
3.43226e-14
3.48265e-14
3.53379e-14
3.58567e-14
3.63833e-14
3.69175e-14
3.74595e-14
3.80095e-14
3.85675e-14
3.91336e-14
3.97079e-14
4.02906e-14
4.08815e-14
4.1481e-14
4.20891e-14
4.2706e-14
4.33317e-14
4.39663e-14
4.46101e-14
4.5263e-14
4.59253e-14
4.65969e-14
4.72779e-14
4.79685e-14
4.86686e-14
4.93786e-14
5.00984e-14
5.08281e-14
5.1568e-14
5.23179e-14
5.3078e-14
5.38485e-14
5.46295e-14
5.5421e-14
5.62231e-14
5.70359e-14
5.78594e-14
5.86939e-14
5.95394e-14
6.0396e-14
6.12639e-14
6.21431e-14
6.30337e-14
6.39357e-14
6.48492e-14
6.57744e-14
6.67112e-14
6.76598e-14
6.86202e-14
6.95926e-14
7.05771e-14
7.15735e-14
7.25819e-14
7.36023e-14
7.46349e-14
7.56797e-14
7.67366e-14
7.78057e-14
7.8887e-14
7.99805e-14
8.10862e-14
8.22039e-14
8.33336e-14
8.44753e-14
8.5629e-14
8.67944e-14
8.79716e-14
8.91603e-14
9.03603e-14
9.15715e-14
9.27937e-14
9.40265e-14
9.527e-14
9.65237e-14
9.77875e-14
9.90611e-14
1.00344e-13
1.01636e-13
1.02936e-13
1.04244e-13
1.0556e-13
1.06883e-13
1.08213e-13
1.09549e-13
1.1089e-13
1.12237e-13
1.13587e-13
1.14942e-13
1.16299e-13
1.17659e-13
1.19021e-13
1.20384e-13
1.21747e-13
1.23109e-13
1.24471e-13
1.25831e-13
1.27188e-13
1.28542e-13
1.29891e-13
1.31235e-13
1.32573e-13
1.33904e-13
1.35228e-13
1.36544e-13
1.37853e-13
1.39153e-13
1.40445e-13
1.4173e-13
1.43006e-13
1.44274e-13
1.45534e-13
1.46784e-13
1.48026e-13
1.49258e-13
1.5048e-13
1.51693e-13
1.52897e-13
1.5409e-13
1.55274e-13
1.56448e-13
1.57612e-13
1.58766e-13
1.5991e-13
1.61043e-13
1.62167e-13
1.6328e-13
1.64382e-13
1.65476e-13
1.66559e-13
1.67632e-13
1.68696e-13
1.6975e-13
1.70796e-13
1.71831e-13
1.72858e-13
1.73875e-13
1.74884e-13
1.75883e-13
1.76874e-13
1.77855e-13
1.78828e-13
1.79792e-13
1.80747e-13
1.81694e-13
1.82633e-13
1.83563e-13
1.84485e-13
1.85398e-13
1.86304e-13
1.87202e-13
1.88092e-13
1.88974e-13
1.89849e-13
1.90716e-13
1.91576e-13
1.92428e-13
1.93273e-13
1.9411e-13
1.9494e-13
1.95763e-13
1.96579e-13
1.97387e-13
1.98189e-13
1.98983e-13
1.99771e-13
2.00553e-13
2.01327e-13
2.02096e-13
2.02857e-13
2.03612e-13
2.04361e-13
2.05103e-13
2.05839e-13
2.06568e-13
2.07291e-13
2.08008e-13
2.08719e-13
2.09423e-13
2.10121e-13
2.10813e-13
2.11499e-13
2.12179e-13
2.12853e-13
2.13521e-13
2.14183e-13
2.1484e-13
2.1549e-13
2.16134e-13
2.16773e-13
2.17406e-13
2.18033e-13
2.18654e-13
2.19269e-13
2.19879e-13
2.20482e-13
2.2108e-13
2.21672e-13
2.22258e-13
2.22838e-13
2.23413e-13
2.23981e-13
2.24544e-13
2.25101e-13
2.25652e-13
2.26197e-13
2.26737e-13
2.2727e-13
2.27798e-13
2.2832e-13
2.28836e-13
2.29346e-13
2.2985e-13
2.30348e-13
2.30841e-13
2.31328e-13
2.31808e-13
2.32283e-13
2.32752e-13
2.33215e-13
2.33672e-13
2.34123e-13
2.34568e-13
2.35007e-13
2.3544e-13
2.35868e-13
2.36289e-13
2.36704e-13
2.37113e-13
2.37517e-13
2.37914e-13
2.38305e-13
2.3869e-13
2.39069e-13
2.39442e-13
2.39809e-13
2.4017e-13
2.40525e-13
2.40874e-13
2.41217e-13
2.41555e-13
2.41886e-13
2.42211e-13
2.42531e-13
2.42844e-13
2.43152e-13
2.43454e-13
2.4375e-13
2.4404e-13
2.44325e-13
2.44604e-13
2.44877e-13
2.45145e-13
2.45407e-13
2.45663e-13
2.45914e-13
2.4616e-13
2.464e-13
2.46635e-13
2.46864e-13
2.47088e-13
2.47307e-13
2.47521e-13
2.4773e-13
2.47934e-13
2.48133e-13
2.48327e-13
2.48516e-13
2.487e-13
2.48879e-13
2.49054e-13
2.49224e-13
2.4939e-13
2.49551e-13
2.49708e-13
2.4986e-13
2.50008e-13
2.50152e-13
2.50292e-13
2.50428e-13
2.5056e-13
2.50688e-13
2.50812e-13
2.50932e-13
2.51049e-13
2.51162e-13
2.51271e-13
2.51378e-13
2.5148e-13
2.5158e-13
2.51676e-13
2.51769e-13
2.51859e-13
2.51946e-13
2.5203e-13
2.52111e-13
2.52189e-13
2.52265e-13
2.52338e-13
2.52408e-13
2.52476e-13
2.52541e-13
2.52604e-13
2.52664e-13
2.52722e-13
2.52779e-13
2.52833e-13
2.52884e-13
2.52934e-13
2.52982e-13
2.53028e-13
2.53072e-13
2.53114e-13
2.53155e-13
2.53194e-13
2.53231e-13
2.53267e-13
2.53301e-13
2.53334e-13
2.53366e-13
2.53396e-13
2.53424e-13
2.53452e-13
2.53478e-13
2.53503e-13
2.53527e-13
2.5355e-13
2.53572e-13
2.53592e-13
2.53612e-13
2.53631e-13
2.53649e-13
2.53667e-13
2.53683e-13
2.53698e-13
2.53713e-13
2.53727e-13
2.53741e-13
2.53754e-13
2.53766e-13
2.53777e-13
2.53788e-13
2.53799e-13
2.53809e-13
2.53818e-13
2.53827e-13
2.53835e-13
2.53843e-13
2.53851e-13
2.53858e-13
2.53865e-13
2.53871e-13
2.53877e-13
2.53883e-13
2.53889e-13
2.53894e-13
2.53899e-13
2.53903e-13
2.53908e-13
2.53912e-13
2.53916e-13
2.5392e-13
2.53923e-13
2.53927e-13
2.5393e-13
2.53933e-13
2.53936e-13
2.53938e-13
2.53941e-13
2.53943e-13
2.53946e-13
2.53948e-13
2.5395e-13
2.53952e-13
2.53953e-13
2.53955e-13
2.53957e-13
2.53958e-13
2.5396e-13
2.53961e-13
2.53962e-13
2.53964e-13
2.53965e-13
2.53966e-13
2.53967e-13
2.53968e-13
2.53969e-13
2.5397e-13
2.53971e-13
2.53971e-13
2.53972e-13
2.53973e-13
2.53973e-13
2.53974e-13
2.53975e-13
2.53975e-13
2.53976e-13
2.53976e-13
2.53977e-13
2.53977e-13
2.53978e-13
2.53978e-13
2.53979e-13
2.53979e-13
2.53979e-13
2.5398e-13
2.5398e-13
2.5398e-13
2.53981e-13
2.53981e-13
2.53981e-13
2.53981e-13
2.53982e-13
2.53982e-13
2.53982e-13
2.53982e-13
2.53982e-13
2.53983e-13
2.53983e-13
2.53983e-13
2.53983e-13
2.53983e-13
2.53983e-13
2.53983e-13
2.53983e-13
2.53984e-13
2.53984e-13
2.53984e-13
2.53984e-13
2.53984e-13
2.53984e-13
2.53984e-13
2.53984e-13
2.53984e-13
2.53984e-13
2.53984e-13
2.53984e-13
2.53984e-13
2.53984e-13
2.53985e-13
2.53985e-13
2.53985e-13
2.53985e-13
2.53985e-13
2.53985e-13
2.53985e-13
2.53985e-13
2.53985e-13
2.53985e-13
2.53985e-13
2.53985e-13
2.53985e-13
2.53985e-13
2.53985e-13
2.53985e-13
2.53985e-13
2.53985e-13
2.53985e-13
2.53985e-13
2.53985e-13
2.53985e-13
2.53985e-13
2.53985e-13
2.53985e-13
2.53985e-13
2.53985e-13
2.53985e-13
2.53985e-13
2.53985e-13
2.53985e-13
2.53985e-13
2.53985e-13
2.53985e-13
2.53985e-13
2.53985e-13
2.53985e-13
2.53985e-13
2.53985e-13
2.53985e-13
2.53985e-13
2.53985e-13
2.53985e-13
2.53985e-13
2.53985e-13
2.53985e-13
2.53985e-13
2.53985e-13
2.53985e-13
2.53985e-13
2.53985e-13
2.53985e-13
2.53985e-13
2.53985e-13
2.53985e-13
2.53985e-13
2.53985e-13
2.53985e-13
2.53985e-13
2.53985e-13
