1.45132e-10
1.45132e-10
1.45132e-10
1.45132e-10
1.45132e-10
1.45132e-10
1.53195e-10
1.53195e-10
1.69321e-10
1.69321e-10
1.77384e-10
1.85447e-10
1.85447e-10
1.85447e-10
1.9351e-10
1.9351e-10
1.9351e-10
1.9351e-10
1.9351e-10
1.9351e-10
1.9351e-10
2.01573e-10
2.01573e-10
2.01573e-10
2.01573e-10
2.01573e-10
2.01573e-10
2.01573e-10
2.09636e-10
2.09636e-10
2.09636e-10
2.17698e-10
2.17698e-10
2.25761e-10
2.25761e-10
2.33824e-10
2.33824e-10
2.33824e-10
2.41887e-10
2.4995e-10
2.66076e-10
2.66076e-10
2.74139e-10
2.74139e-10
2.74139e-10
2.82202e-10
2.90265e-10
2.90265e-10
2.98328e-10
2.98328e-10
2.98327e-10
2.98327e-10
2.98328e-10
3.22516e-10
3.22516e-10
3.22516e-10
3.30579e-10
3.38642e-10
3.38642e-10
3.70894e-10
3.70894e-10
3.78957e-10
3.95082e-10
3.95082e-10
3.95082e-10
4.19271e-10
4.35397e-10
4.35397e-10
4.35397e-10
4.59586e-10
4.59586e-10
4.75711e-10
4.83774e-10
4.83774e-10
4.91837e-10
5.07963e-10
5.32152e-10
5.32152e-10
5.40215e-10
5.40215e-10
5.40215e-10
5.40215e-10
5.40215e-10
5.48277e-10
5.48277e-10
5.5634e-10
5.64403e-10
5.64403e-10
5.72466e-10
5.80529e-10
5.72466e-10
5.80529e-10
5.80529e-10
5.80529e-10
5.88592e-10
5.88592e-10
6.12781e-10
6.12781e-10
6.28906e-10
6.53095e-10
6.53095e-10
6.61158e-10
6.77284e-10
6.77284e-10
6.77284e-10
6.85347e-10
6.85347e-10
7.01473e-10
7.01472e-10
7.17598e-10
7.4985e-10
7.57913e-10
7.82101e-10
7.82101e-10
7.90164e-10
7.98227e-10
8.14353e-10
8.22416e-10
8.30479e-10
8.46605e-10
8.6273e-10
8.6273e-10
8.6273e-10
8.6273e-10
9.03045e-10
9.11108e-10
9.11108e-10
9.51422e-10
9.75611e-10
9.91737e-10
9.99799e-10
1.00786e-09
1.02399e-09
1.03205e-09
1.0643e-09
1.0643e-09
1.08043e-09
1.08043e-09
1.08849e-09
1.11268e-09
1.13687e-09
1.16912e-09
1.17718e-09
1.19331e-09
1.23362e-09
1.26588e-09
1.29006e-09
1.29813e-09
1.33038e-09
1.33038e-09
1.3465e-09
1.37069e-09
1.40294e-09
1.42713e-09
1.48357e-09
1.51582e-09
1.54001e-09
1.58839e-09
1.62064e-09
1.6287e-09
1.66096e-09
1.69321e-09
1.7174e-09
1.73352e-09
1.74965e-09
1.77384e-09
1.7819e-09
1.79803e-09
1.83834e-09
1.87059e-09
1.91897e-09
1.93509e-09
1.97541e-09
1.9996e-09
2.05604e-09
2.07216e-09
2.14473e-09
2.19311e-09
2.22536e-09
2.24955e-09
2.30599e-09
2.33018e-09
2.36243e-09
2.37855e-09
2.44306e-09
2.47531e-09
2.50756e-09
2.53175e-09
2.59625e-09
2.66882e-09
2.70107e-09
2.7817e-09
2.86233e-09
2.92683e-09
2.95102e-09
3.00746e-09
3.04777e-09
3.08002e-09
3.12034e-09
3.1929e-09
3.31385e-09
3.36222e-09
3.41866e-09
3.43479e-09
3.51542e-09
3.59605e-09
3.68474e-09
3.74924e-09
3.85406e-09
3.9105e-09
3.99919e-09
4.07982e-09
4.11207e-09
4.17658e-09
4.29752e-09
4.33783e-09
4.38621e-09
4.44265e-09
4.54747e-09
4.61197e-09
4.68454e-09
4.74098e-09
4.78129e-09
4.82967e-09
4.94255e-09
5.00705e-09
5.07155e-09
5.11993e-09
5.24894e-09
5.31344e-09
5.42632e-09
5.52308e-09
5.6037e-09
5.65208e-09
5.74883e-09
5.87784e-09
5.92622e-09
6.07135e-09
6.11973e-09
6.24873e-09
6.32936e-09
6.40999e-09
6.52287e-09
6.6035e-09
6.72444e-09
6.83732e-09
6.95826e-09
7.09533e-09
7.17596e-09
7.27272e-09
7.38559e-09
7.49847e-09
7.65973e-09
7.82905e-09
7.99031e-09
8.08706e-09
8.19188e-09
8.28863e-09
8.44989e-09
8.5789e-09
8.67565e-09
8.84497e-09
8.94979e-09
9.09492e-09
9.2723e-09
9.48194e-09
9.61901e-09
9.74801e-09
9.92539e-09
1.0127e-08
1.03285e-08
1.0522e-08
1.07639e-08
1.09494e-08
1.11671e-08
1.13928e-08
1.15541e-08
1.18202e-08
1.19492e-08
1.21588e-08
1.23442e-08
1.26345e-08
1.28441e-08
1.3086e-08
1.3344e-08
1.35537e-08
1.36988e-08
1.40213e-08
1.42954e-08
1.44809e-08
1.46502e-08
1.48921e-08
1.51501e-08
1.5392e-08
1.5658e-08
1.59564e-08
1.62386e-08
1.65046e-08
1.67626e-08
1.7069e-08
1.7319e-08
1.75367e-08
1.78592e-08
1.81736e-08
1.84478e-08
1.86413e-08
1.8996e-08
1.92944e-08
1.96572e-08
1.99636e-08
2.03586e-08
2.0665e-08
2.10359e-08
2.14713e-08
2.19067e-08
2.23018e-08
2.26968e-08
2.30839e-08
2.33983e-08
2.39143e-08
2.43255e-08
2.47367e-08
2.51318e-08
2.5551e-08
2.60509e-08
2.65266e-08
2.69701e-08
2.74942e-08
2.7986e-08
2.84939e-08
2.89132e-08
2.94131e-08
3.00259e-08
3.05983e-08
3.10901e-08
3.15416e-08
3.2106e-08
3.2614e-08
3.31461e-08
3.36621e-08
3.41781e-08
3.48151e-08
3.5323e-08
3.59358e-08
3.65244e-08
3.71291e-08
3.79273e-08
3.87174e-08
3.92899e-08
3.9951e-08
4.06202e-08
4.14265e-08
4.20392e-08
4.27165e-08
4.33293e-08
4.39823e-08
4.47967e-08
4.5611e-08
4.63447e-08
4.71106e-08
4.78685e-08
4.88038e-08
4.97471e-08
5.0634e-08
5.15773e-08
5.25851e-08
5.35688e-08
5.47298e-08
5.56489e-08
5.66003e-08
5.7592e-08
5.85676e-08
5.94706e-08
6.03736e-08
6.13088e-08
6.24779e-08
6.35583e-08
6.47193e-08
6.584e-08
6.6872e-08
6.79121e-08
6.90731e-08
7.02099e-08
7.15563e-08
7.26609e-08
7.3838e-08
7.50957e-08
7.63535e-08
7.76032e-08
7.8877e-08
8.0417e-08
8.17634e-08
8.31582e-08
8.45449e-08
8.57865e-08
8.727e-08
8.87535e-08
9.02128e-08
9.17608e-08
9.34216e-08
9.5276e-08
9.69691e-08
9.85493e-08
1.00017e-07
1.0175e-07
1.03395e-07
1.05023e-07
1.06757e-07
1.08571e-07
1.10675e-07
1.12755e-07
1.14835e-07
1.16802e-07
1.18826e-07
1.20761e-07
1.22962e-07
1.25018e-07
1.27033e-07
1.2917e-07
1.31387e-07
1.33612e-07
1.35886e-07
1.38288e-07
1.40796e-07
1.42964e-07
1.45496e-07
1.47955e-07
1.50639e-07
1.53276e-07
1.55646e-07
1.58492e-07
1.61136e-07
1.6374e-07
1.66562e-07
1.69561e-07
1.72472e-07
1.75366e-07
1.78437e-07
1.81485e-07
1.84524e-07
1.87741e-07
1.9145e-07
1.9436e-07
1.97431e-07
2.00689e-07
2.03929e-07
2.07194e-07
2.10661e-07
2.14023e-07
2.17667e-07
2.2094e-07
2.24455e-07
2.2855e-07
2.32299e-07
2.36112e-07
2.40078e-07
2.43884e-07
2.48076e-07
2.51897e-07
2.55984e-07
2.60184e-07
2.64174e-07
2.68245e-07
2.72502e-07
2.76855e-07
2.81241e-07
2.85562e-07
2.89971e-07
2.94389e-07
2.9925e-07
3.0378e-07
3.08931e-07
3.13792e-07
3.18815e-07
3.23692e-07
3.28867e-07
3.34252e-07
3.39249e-07
3.44207e-07
3.49527e-07
3.54912e-07
3.60474e-07
3.65963e-07
3.71582e-07
3.77353e-07
3.83165e-07
3.8888e-07
3.94442e-07
4.00229e-07
4.06065e-07
4.11465e-07
4.17583e-07
4.23459e-07
4.29496e-07
4.35364e-07
4.41457e-07
4.48082e-07
4.54199e-07
4.60663e-07
4.6728e-07
4.73938e-07
4.8099e-07
4.8776e-07
4.9449e-07
5.02042e-07
5.09311e-07
5.16557e-07
5.24027e-07
5.32232e-07
5.40162e-07
5.47391e-07
5.55031e-07
5.6313e-07
5.7056e-07
5.7886e-07
5.86556e-07
5.94857e-07
6.02746e-07
6.11053e-07
6.19434e-07
6.27991e-07
6.37057e-07
6.45961e-07
6.54703e-07
6.63172e-07
6.71898e-07
6.81212e-07
6.9026e-07
6.99623e-07
7.08331e-07
7.18435e-07
7.2845e-07
7.37731e-07
7.47858e-07
7.57573e-07
7.6799e-07
7.77625e-07
7.8821e-07
7.98666e-07
8.08977e-07
8.20248e-07
8.30977e-07
8.42117e-07
8.52878e-07
8.63986e-07
8.74996e-07
8.85491e-07
8.96283e-07
9.07276e-07
9.18762e-07
9.30367e-07
9.4149e-07
9.52507e-07
9.63942e-07
9.75845e-07
9.8769e-07
1.00026e-06
1.01236e-06
1.02496e-06
1.03738e-06
1.04986e-06
1.06178e-06
1.07433e-06
1.08755e-06
1.10013e-06
1.11397e-06
1.12843e-06
1.14152e-06
1.15522e-06
1.16842e-06
1.18155e-06
1.19645e-06
1.21062e-06
1.22533e-06
1.23936e-06
1.25478e-06
1.26962e-06
1.28531e-06
1.30113e-06
1.31694e-06
1.33237e-06
1.34909e-06
1.36564e-06
1.38263e-06
1.40093e-06
1.41845e-06
1.4371e-06
1.45669e-06
1.47594e-06
1.49525e-06
1.51515e-06
1.53541e-06
1.55616e-06
1.57762e-06
1.59899e-06
1.62003e-06
1.64176e-06
1.66412e-06
1.68609e-06
1.70957e-06
1.7336e-06
1.75783e-06
1.78151e-06
1.80659e-06
1.83126e-06
1.85619e-06
1.8823e-06
1.90937e-06
1.93631e-06
1.96423e-06
1.9923e-06
2.02012e-06
2.04875e-06
2.07793e-06
2.10678e-06
2.13615e-06
2.16516e-06
2.19424e-06
2.22545e-06
2.25593e-06
2.28615e-06
2.31765e-06
2.34881e-06
2.3804e-06
2.4121e-06
2.44379e-06
2.47533e-06
2.50787e-06
2.54057e-06
2.5744e-06
2.6082e-06
2.64217e-06
2.67677e-06
2.71097e-06
2.74563e-06
2.78054e-06
2.81617e-06
2.85215e-06
2.88925e-06
2.92591e-06
2.96364e-06
3.00096e-06
3.03902e-06
3.07821e-06
3.11833e-06
3.15628e-06
3.19505e-06
3.23506e-06
3.27515e-06
3.31609e-06
3.35751e-06
3.39816e-06
3.43965e-06
3.48161e-06
3.5248e-06
3.56812e-06
3.61263e-06
3.65717e-06
3.70295e-06
3.74861e-06
3.79472e-06
3.84216e-06
3.88918e-06
3.93918e-06
3.98834e-06
4.03766e-06
4.08929e-06
4.14021e-06
4.19485e-06
4.24821e-06
4.30259e-06
4.35881e-06
4.41536e-06
4.47438e-06
4.53466e-06
4.59494e-06
4.65776e-06
4.72148e-06
4.78563e-06
4.85129e-06
4.91751e-06
4.98557e-06
5.05542e-06
5.12513e-06
5.19739e-06
5.27095e-06
5.34495e-06
5.41975e-06
5.49549e-06
5.57332e-06
5.65395e-06
5.73536e-06
5.81882e-06
5.90399e-06
5.99057e-06
6.07964e-06
6.16973e-06
6.26124e-06
6.35636e-06
6.45164e-06
6.54918e-06
6.64857e-06
6.74732e-06
6.85144e-06
6.95646e-06
7.06179e-06
7.16923e-06
7.27905e-06
7.39102e-06
7.50423e-06
7.6197e-06
7.73812e-06
7.85583e-06
7.97755e-06
8.09942e-06
8.22607e-06
8.35071e-06
8.47805e-06
8.60943e-06
8.742e-06
8.87753e-06
9.01437e-06
9.15659e-06
9.29778e-06
9.44119e-06
9.58714e-06
9.73504e-06
9.88651e-06
1.0039e-05
1.01946e-05
1.03503e-05
1.05068e-05
1.06672e-05
1.08314e-05
1.0998e-05
1.11672e-05
1.13373e-05
1.15127e-05
1.16894e-05
1.18672e-05
1.20485e-05
1.22317e-05
1.24163e-05
1.26067e-05
1.27986e-05
1.29923e-05
1.31909e-05
1.33919e-05
1.35958e-05
1.3803e-05
1.40147e-05
1.42268e-05
1.44464e-05
1.46663e-05
1.48875e-05
1.51144e-05
1.53433e-05
1.55765e-05
1.58072e-05
1.60462e-05
1.6285e-05
1.65288e-05
1.67763e-05
1.70268e-05
1.72814e-05
1.75388e-05
1.77991e-05
1.80645e-05
1.83332e-05
1.86087e-05
1.88835e-05
1.91659e-05
1.94452e-05
1.97336e-05
2.00247e-05
2.03159e-05
2.06117e-05
2.09108e-05
2.1213e-05
2.152e-05
2.18301e-05
2.2145e-05
2.24627e-05
2.27838e-05
2.31085e-05
2.34355e-05
2.37676e-05
2.41045e-05
2.44477e-05
2.47922e-05
2.51419e-05
2.54962e-05
2.5855e-05
2.62188e-05
2.65839e-05
2.69497e-05
2.73217e-05
2.76973e-05
2.80766e-05
2.84595e-05
2.88476e-05
2.924e-05
2.96319e-05
3.00283e-05
3.04318e-05
3.08385e-05
3.12474e-05
3.16591e-05
3.20725e-05
3.24889e-05
3.29118e-05
3.33389e-05
3.3771e-05
3.42065e-05
3.46427e-05
3.50813e-05
3.55239e-05
3.59699e-05
3.6416e-05
3.6866e-05
3.73209e-05
3.77761e-05
3.82363e-05
3.86994e-05
3.9157e-05
3.96185e-05
4.00793e-05
4.05454e-05
4.10088e-05
4.1474e-05
4.19411e-05
4.24063e-05
4.28688e-05
4.333e-05
4.37874e-05
4.42425e-05
4.46949e-05
4.51433e-05
4.5589e-05
4.60267e-05
4.64591e-05
4.68797e-05
4.7293e-05
4.76976e-05
4.80913e-05
4.84789e-05
4.88505e-05
4.92174e-05
4.95663e-05
4.98908e-05
5.02049e-05
5.05004e-05
5.07718e-05
5.10279e-05
5.12647e-05
5.1477e-05
5.16623e-05
5.18231e-05
5.19621e-05
5.20713e-05
5.21523e-05
5.22062e-05
5.22361e-05
5.22442e-05
5.22067e-05
5.2142e-05
5.20477e-05
5.19292e-05
5.17777e-05
5.15899e-05
5.13673e-05
5.11111e-05
5.08225e-05
5.05058e-05
5.01555e-05
4.9779e-05
4.93909e-05
4.89971e-05
4.86076e-05
4.82165e-05
4.78288e-05
4.74429e-05
4.70438e-05
4.66386e-05
4.62254e-05
4.58081e-05
4.53837e-05
4.49618e-05
4.45392e-05
4.41161e-05
4.36869e-05
4.32605e-05
4.28292e-05
4.23906e-05
4.19566e-05
4.15261e-05
4.10907e-05
4.06618e-05
4.02342e-05
3.9815e-05
3.94039e-05
3.89949e-05
3.85979e-05
3.82053e-05
3.78247e-05
3.74403e-05
3.70613e-05
3.66916e-05
3.63245e-05
3.59558e-05
3.56005e-05
3.52444e-05
3.48943e-05
3.45437e-05
3.41984e-05
3.38588e-05
3.35268e-05
3.31932e-05
3.28678e-05
3.25483e-05
3.22359e-05
3.19226e-05
3.16117e-05
3.13099e-05
3.10142e-05
3.07199e-05
3.04304e-05
3.0137e-05
2.98474e-05
2.956e-05
2.92744e-05
2.89923e-05
2.87139e-05
2.84395e-05
2.81686e-05
2.79039e-05
2.76416e-05
2.73831e-05
2.71254e-05
2.68729e-05
2.66194e-05
2.63693e-05
2.61199e-05
2.58708e-05
2.56223e-05
2.53752e-05
2.51284e-05
2.48842e-05
2.46443e-05
2.44023e-05
2.41643e-05
2.39255e-05
2.36924e-05
2.34584e-05
2.32263e-05
2.29952e-05
2.27685e-05
2.25404e-05
2.23136e-05
2.20873e-05
2.18613e-05
2.16352e-05
2.14112e-05
2.11866e-05
2.09633e-05
2.07419e-05
2.05176e-05
2.02936e-05
2.00713e-05
1.98511e-05
1.9629e-05
1.94087e-05
1.91864e-05
1.89643e-05
1.87441e-05
1.8523e-05
1.83029e-05
1.8082e-05
1.78632e-05
1.76444e-05
1.74255e-05
1.7208e-05
1.69894e-05
1.67696e-05
1.65529e-05
1.6338e-05
1.61203e-05
1.59044e-05
1.56889e-05
1.54723e-05
1.52561e-05
1.50388e-05
1.48235e-05
1.46085e-05
1.43945e-05
1.41804e-05
1.39685e-05
1.37546e-05
1.35398e-05
1.33279e-05
1.31151e-05
1.29041e-05
1.2692e-05
1.24811e-05
1.22707e-05
1.20599e-05
1.1852e-05
1.16437e-05
1.14372e-05
1.123e-05
1.10243e-05
1.0821e-05
1.06175e-05
1.04166e-05
1.02146e-05
1.00148e-05
9.81589e-06
9.61986e-06
9.42437e-06
9.23059e-06
9.03957e-06
8.85066e-06
8.65993e-06
8.47282e-06
8.28673e-06
8.10261e-06
7.92053e-06
7.73991e-06
7.5605e-06
7.38244e-06
7.20652e-06
7.0339e-06
6.86503e-06
6.69694e-06
6.53045e-06
6.36647e-06
6.20603e-06
6.04744e-06
5.88937e-06
5.73431e-06
5.58063e-06
5.42998e-06
5.28405e-06
5.13819e-06
4.99395e-06
4.85453e-06
4.71608e-06
4.582e-06
4.44814e-06
4.31754e-06
4.18795e-06
4.06131e-06
3.93841e-06
3.81709e-06
3.69952e-06
3.58484e-06
3.47174e-06
3.36021e-06
3.25233e-06
3.14688e-06
3.04456e-06
2.94509e-06
2.84627e-06
2.7506e-06
2.65734e-06
2.56453e-06
2.4752e-06
2.38675e-06
2.30136e-06
2.21909e-06
2.13951e-06
2.06056e-06
1.98385e-06
1.9103e-06
1.83848e-06
1.76964e-06
1.70312e-06
1.63813e-06
1.57499e-06
1.51222e-06
1.45151e-06
1.39401e-06
1.33707e-06
1.28305e-06
1.23055e-06
1.17994e-06
1.13058e-06
1.08283e-06
1.03759e-06
9.92686e-07
9.49931e-07
9.09137e-07
8.69247e-07
8.30492e-07
7.93959e-07
7.58637e-07
7.2403e-07
6.91762e-07
6.59615e-07
6.28995e-07
6.00095e-07
5.72872e-07
5.45971e-07
5.20306e-07
4.95562e-07
4.71409e-07
4.48491e-07
4.26772e-07
4.06361e-07
3.86804e-07
3.68078e-07
3.49799e-07
3.31636e-07
3.14965e-07
2.9924e-07
2.83561e-07
2.6907e-07
2.55625e-07
2.42768e-07
2.30257e-07
2.18141e-07
2.06426e-07
1.95317e-07
1.84949e-07
1.75063e-07
1.6562e-07
1.57065e-07
1.48602e-07
1.41145e-07
1.33418e-07
1.26745e-07
1.19735e-07
1.13432e-07
1.0774e-07
1.01878e-07
9.63883e-08
9.13133e-08
8.64594e-08
8.15135e-08
7.72308e-08
7.3194e-08
6.94759e-08
6.55894e-08
6.17227e-08
5.84247e-08
5.53019e-08
5.23002e-08
4.94018e-08
4.6691e-08
4.4295e-08
4.17329e-08
3.94308e-08
3.7311e-08
3.53206e-08
3.34912e-08
3.14582e-08
2.97432e-08
2.82178e-08
2.67129e-08
2.53341e-08
2.39059e-08
2.25525e-08
2.13332e-08
2.03986e-08
1.91278e-08
1.81991e-08
1.73962e-08
1.64428e-08
1.55563e-08
1.46392e-08
1.38902e-08
1.31989e-08
1.25337e-08
1.19423e-08
1.12507e-08
1.07774e-08
1.02173e-08
9.70738e-09
9.15573e-09
8.72614e-09
8.35663e-09
7.95766e-09
7.45989e-09
7.00809e-09
6.59051e-09
6.24098e-09
5.94153e-09
5.57497e-09
5.25119e-09
4.92468e-09
4.62323e-09
4.37902e-09
4.10761e-09
3.8408e-09
3.62901e-09
3.37278e-09
3.22761e-09
3.05362e-09
2.84009e-09
2.66993e-09
2.52405e-09
2.33088e-09
2.17097e-09
2.04671e-09
1.89774e-09
1.76139e-09
1.62101e-09
1.49007e-09
1.36391e-09
1.27752e-09
1.22845e-09
1.12152e-09
1.05881e-09
9.90941e-10
8.74555e-10
8.17016e-10
7.71339e-10
7.26855e-10
6.70364e-10
6.19449e-10
5.81124e-10
5.36209e-10
4.92656e-10
4.29636e-10
3.78522e-10
3.32535e-10
3.09944e-10
2.87085e-10
2.64551e-10
2.41417e-10
2.2925e-10
2.24324e-10
2.01235e-10
1.83641e-10
1.78315e-10
1.6688e-10
1.68185e-10
1.44813e-10
1.3409e-10
1.16542e-10
1.17605e-10
1.06814e-10
8.32553e-11
7.77351e-11
7.2093e-11
6.61505e-11
6.61205e-11
6.72577e-11
5.59386e-11
4.40376e-11
4.42746e-11
4.47035e-11
3.92584e-11
3.35255e-11
2.80327e-11
2.25314e-11
1.67956e-11
1.08462e-11
1.08374e-11
1.09286e-11
1.11529e-11
1.13562e-11
5.41413e-12
5.41443e-12
5.41473e-12
5.40566e-12
5.40596e-12
5.5093e-12
5.50979e-12
5.94612e-12
0
