5.80553e-21
1.16111e-20
1.74166e-20
2.37499e-20
3.08749e-20
3.85276e-20
4.72359e-20
5.75276e-20
6.75553e-20
7.81108e-20
8.91941e-20
1.01069e-19
1.12944e-19
1.25083e-19
1.38013e-19
1.51208e-19
1.65722e-19
1.80499e-19
1.95805e-19
2.12166e-19
2.29055e-19
2.46207e-19
2.64152e-19
2.83152e-19
3.03207e-19
3.24582e-19
3.47276e-19
3.69971e-19
3.93721e-19
4.17998e-19
4.42804e-19
4.68665e-19
4.95054e-19
5.22762e-19
5.5179e-19
5.81609e-19
6.11692e-19
6.43359e-19
6.76081e-19
7.09067e-19
7.42581e-19
7.77678e-19
8.14358e-19
8.51302e-19
8.88774e-19
9.26247e-19
9.64246e-19
1.00251e-18
1.03972e-18
1.07719e-18
1.11572e-18
1.15398e-18
1.19277e-18
1.23051e-18
1.26904e-18
1.30598e-18
1.34108e-18
1.37512e-18
1.40916e-18
1.44479e-18
1.48226e-18
1.52184e-18
1.56011e-18
1.59969e-18
1.64033e-18
1.68255e-18
1.72662e-18
1.77174e-18
1.8166e-18
1.86278e-18
1.91108e-18
1.96095e-18
2.01135e-18
2.0636e-18
2.11796e-18
2.17391e-18
2.23381e-18
2.29424e-18
2.35731e-18
2.42223e-18
2.48952e-18
2.56024e-18
2.63387e-18
2.71039e-18
2.78877e-18
2.86873e-18
2.95079e-18
3.03788e-18
3.12734e-18
3.22022e-18
3.31945e-18
3.41946e-18
3.52185e-18
3.62688e-18
3.73639e-18
3.85092e-18
3.96861e-18
4.08578e-18
4.20373e-18
4.32433e-18
4.44625e-18
4.5708e-18
4.69641e-18
4.82651e-18
4.95766e-18
5.08802e-18
5.22261e-18
5.36299e-18
5.50866e-18
5.65696e-18
5.81134e-18
5.9673e-18
6.12616e-18
6.28845e-18
6.45311e-18
6.62464e-18
6.79722e-18
6.97482e-18
7.15638e-18
7.34215e-18
7.53057e-18
7.72611e-18
7.92851e-18
8.13197e-18
8.34387e-18
8.56263e-18
8.78799e-18
9.01942e-18
9.25349e-18
9.49416e-18
9.74274e-18
9.99607e-18
1.02565e-17
1.05283e-17
1.08102e-17
1.11012e-17
1.14044e-17
1.17195e-17
1.20489e-17
1.23901e-17
1.27453e-17
1.31118e-17
1.34936e-17
1.38879e-17
1.42959e-17
1.47228e-17
1.51619e-17
1.56127e-17
1.60782e-17
1.65616e-17
1.7058e-17
1.7572e-17
1.81056e-17
1.86587e-17
1.92303e-17
1.98177e-17
2.04247e-17
2.10506e-17
2.16966e-17
2.23671e-17
2.30598e-17
2.37824e-17
2.45323e-17
2.53079e-17
2.61151e-17
2.69509e-17
2.78191e-17
2.87152e-17
2.96502e-17
3.06271e-17
3.16478e-17
3.27026e-17
3.37977e-17
3.49287e-17
3.61062e-17
3.73243e-17
3.85875e-17
3.99009e-17
4.12612e-17
4.2672e-17
4.41321e-17
4.56479e-17
4.72214e-17
4.88486e-17
5.05245e-17
5.22646e-17
5.40701e-17
5.59347e-17
5.78677e-17
5.98677e-17
6.19411e-17
6.40875e-17
6.63163e-17
6.86275e-17
7.10275e-17
7.3516e-17
7.60963e-17
7.87645e-17
8.15118e-17
8.43586e-17
8.73099e-17
9.03761e-17
9.35469e-17
9.68358e-17
1.0024e-16
1.03778e-16
1.07446e-16
1.11249e-16
1.1518e-16
1.19246e-16
1.23463e-16
1.27848e-16
1.32386e-16
1.37086e-16
1.41947e-16
1.46976e-16
1.52212e-16
1.57642e-16
1.6326e-16
1.69069e-16
1.75095e-16
1.81332e-16
1.87788e-16
1.94472e-16
2.01404e-16
2.08583e-16
2.1603e-16
2.23756e-16
2.31754e-16
2.4003e-16
2.48592e-16
2.57453e-16
2.66639e-16
2.76159e-16
2.86036e-16
2.96276e-16
3.06875e-16
3.17847e-16
3.29258e-16
3.41084e-16
3.53336e-16
3.66029e-16
3.79182e-16
3.92801e-16
4.06914e-16
4.21533e-16
4.36672e-16
4.52338e-16
4.68576e-16
4.85381e-16
5.02808e-16
5.2085e-16
5.39538e-16
5.58878e-16
5.78903e-16
5.99651e-16
6.21163e-16
6.43477e-16
6.66599e-16
6.90497e-16
7.15212e-16
7.40804e-16
7.67281e-16
7.94659e-16
8.22965e-16
8.52244e-16
8.82545e-16
9.13881e-16
9.46314e-16
9.79907e-16
1.01472e-15
1.05074e-15
1.088e-15
1.12654e-15
1.16638e-15
1.20756e-15
1.25018e-15
1.29426e-15
1.33985e-15
1.38702e-15
1.43581e-15
1.48627e-15
1.53848e-15
1.59244e-15
1.6482e-15
1.70585e-15
1.76543e-15
1.82697e-15
1.89059e-15
1.95642e-15
2.0245e-15
2.09487e-15
2.16758e-15
2.24263e-15
2.32024e-15
2.40037e-15
2.48314e-15
2.56864e-15
2.65695e-15
2.74823e-15
2.84251e-15
2.93987e-15
3.04046e-15
3.14437e-15
3.25169e-15
3.3626e-15
3.47707e-15
3.5953e-15
3.7173e-15
3.84323e-15
3.97333e-15
4.10774e-15
4.24657e-15
4.38989e-15
4.53784e-15
4.69068e-15
4.84844e-15
5.01136e-15
5.17952e-15
5.35318e-15
5.53235e-15
5.7174e-15
5.90845e-15
6.10577e-15
6.30949e-15
6.51993e-15
6.73709e-15
6.96141e-15
7.19315e-15
7.43253e-15
7.6797e-15
7.93485e-15
8.19837e-15
8.47038e-15
8.75123e-15
9.04134e-15
9.34089e-15
9.65021e-15
9.96961e-15
1.02996e-14
1.06406e-14
1.09928e-14
1.13565e-14
1.17321e-14
1.21199e-14
1.25203e-14
1.29337e-14
1.33606e-14
1.38013e-14
1.42562e-14
1.47258e-14
1.52107e-14
1.57113e-14
1.62281e-14
1.67616e-14
1.73124e-14
1.78811e-14
1.84681e-14
1.90742e-14
1.96996e-14
2.03449e-14
2.10109e-14
2.16981e-14
2.2407e-14
2.31384e-14
2.38927e-14
2.46706e-14
2.54728e-14
2.63001e-14
2.71532e-14
2.80327e-14
2.89394e-14
2.9874e-14
3.08373e-14
3.18298e-14
3.28522e-14
3.39053e-14
3.49901e-14
3.61072e-14
3.72574e-14
3.84413e-14
3.96596e-14
4.09131e-14
4.22027e-14
4.35288e-14
4.48924e-14
4.62941e-14
4.77345e-14
4.92142e-14
5.07341e-14
5.22946e-14
5.38962e-14
5.55398e-14
5.72253e-14
5.89535e-14
6.07245e-14
6.25386e-14
6.43963e-14
6.62972e-14
6.82417e-14
7.02297e-14
7.22613e-14
7.43362e-14
7.64546e-14
7.86155e-14
8.08187e-14
8.30642e-14
8.53512e-14
8.76789e-14
9.00471e-14
9.24547e-14
9.4901e-14
9.73853e-14
9.99073e-14
1.02467e-13
1.05065e-13
1.077e-13
1.10375e-13
1.13088e-13
1.15839e-13
1.18629e-13
1.21456e-13
1.2432e-13
1.27221e-13
1.30158e-13
1.33133e-13
1.36145e-13
1.39194e-13
1.4228e-13
1.45403e-13
1.48565e-13
1.51766e-13
1.55006e-13
1.58285e-13
1.61605e-13
1.64965e-13
1.68368e-13
1.71813e-13
1.75302e-13
1.78836e-13
1.82414e-13
1.86038e-13
1.89708e-13
1.93425e-13
1.97191e-13
2.01005e-13
2.04869e-13
2.08783e-13
2.12749e-13
2.16768e-13
2.2084e-13
2.24968e-13
2.29151e-13
2.3339e-13
2.37687e-13
2.42042e-13
2.46456e-13
2.50929e-13
2.55464e-13
2.6006e-13
2.6472e-13
2.69442e-13
2.74228e-13
2.7908e-13
2.83997e-13
2.8898e-13
2.9403e-13
2.99148e-13
3.04335e-13
3.0959e-13
3.14914e-13
3.20309e-13
3.25773e-13
3.31308e-13
3.36915e-13
3.42594e-13
3.48345e-13
3.54171e-13
3.60071e-13
3.66045e-13
3.72094e-13
3.78219e-13
3.84417e-13
3.90689e-13
3.97035e-13
4.03455e-13
4.09947e-13
4.1651e-13
4.23142e-13
4.29843e-13
4.36609e-13
4.43438e-13
4.50329e-13
4.57278e-13
4.64282e-13
4.71338e-13
4.7844e-13
4.85584e-13
4.92766e-13
4.9998e-13
5.0722e-13
5.14479e-13
5.2175e-13
5.29029e-13
5.36308e-13
5.43586e-13
5.5086e-13
5.58132e-13
5.65395e-13
5.7265e-13
5.79902e-13
5.87122e-13
5.94351e-13
6.01586e-13
6.08779e-13
6.16e-13
6.23243e-13
6.30457e-13
6.37697e-13
6.44988e-13
6.5227e-13
6.59538e-13
6.66876e-13
6.74242e-13
6.81586e-13
6.88961e-13
6.96376e-13
7.03758e-13
7.11173e-13
7.18635e-13
7.26103e-13
7.3354e-13
7.41053e-13
7.48598e-13
7.56093e-13
7.63647e-13
7.71279e-13
7.78916e-13
7.86519e-13
7.94219e-13
8.01968e-13
8.09682e-13
8.17452e-13
8.25308e-13
8.33151e-13
8.41031e-13
8.48995e-13
8.57e-13
8.65005e-13
8.73091e-13
8.81237e-13
8.89348e-13
8.97557e-13
9.05871e-13
9.14224e-13
9.22559e-13
9.31037e-13
9.39596e-13
9.481e-13
9.56706e-13
9.6546e-13
9.74233e-13
9.83075e-13
9.92046e-13
1.00107e-12
1.01017e-12
1.01939e-12
1.02871e-12
1.03791e-12
1.04731e-12
1.05691e-12
1.06653e-12
1.07627e-12
1.08619e-12
1.09615e-12
1.10625e-12
1.11653e-12
1.12686e-12
1.13715e-12
1.14764e-12
1.15825e-12
1.16901e-12
1.18e-12
1.19113e-12
1.20215e-12
1.21339e-12
1.22476e-12
1.23624e-12
1.24795e-12
1.25979e-12
1.27148e-12
1.28334e-12
1.29531e-12
1.30728e-12
1.31944e-12
1.33159e-12
1.34371e-12
1.35595e-12
1.36821e-12
1.38021e-12
1.39228e-12
1.40433e-12
1.41639e-12
1.42851e-12
1.44057e-12
1.45232e-12
1.46409e-12
1.47584e-12
1.48754e-12
1.49929e-12
1.51106e-12
1.52274e-12
1.53446e-12
1.54622e-12
1.55796e-12
1.56968e-12
1.58147e-12
1.59333e-12
1.60521e-12
1.61719e-12
1.62934e-12
1.6417e-12
1.65423e-12
1.66694e-12
1.67993e-12
1.6932e-12
1.70669e-12
1.72035e-12
1.73413e-12
1.74796e-12
1.76169e-12
1.7751e-12
1.78786e-12
1.79949e-12
1.80916e-12
1.81826e-12
1.82748e-12
1.83682e-12
1.84626e-12
1.85581e-12
1.86545e-12
1.87517e-12
1.88496e-12
1.89479e-12
1.90464e-12
1.9145e-12
1.92435e-12
1.93417e-12
1.94397e-12
1.95377e-12
1.96356e-12
1.97338e-12
1.98318e-12
1.99296e-12
2.00272e-12
2.01242e-12
2.02201e-12
2.03159e-12
2.04113e-12
2.05058e-12
2.06002e-12
2.06946e-12
2.07886e-12
2.08818e-12
2.09753e-12
2.10686e-12
2.11618e-12
2.12545e-12
2.1347e-12
2.14396e-12
2.15318e-12
2.16236e-12
2.17154e-12
2.18072e-12
2.18989e-12
2.19904e-12
2.20817e-12
2.2173e-12
2.22642e-12
2.23553e-12
2.24464e-12
2.25377e-12
2.26293e-12
2.27211e-12
2.28131e-12
2.29056e-12
2.29986e-12
2.30921e-12
2.3186e-12
2.32805e-12
2.33754e-12
2.34706e-12
2.35662e-12
2.36621e-12
2.37584e-12
2.3855e-12
2.39518e-12
2.40487e-12
2.41455e-12
2.4242e-12
2.43378e-12
2.44326e-12
2.45258e-12
2.46172e-12
2.47062e-12
2.47922e-12
2.48751e-12
2.49549e-12
2.50315e-12
2.51055e-12
2.51771e-12
2.52468e-12
2.53146e-12
2.53806e-12
2.5445e-12
2.55078e-12
2.55693e-12
2.56296e-12
2.56889e-12
2.57474e-12
2.58053e-12
2.58627e-12
2.59198e-12
2.59767e-12
2.60335e-12
2.60902e-12
2.61468e-12
2.62034e-12
2.62599e-12
2.63163e-12
2.63727e-12
2.64291e-12
2.64854e-12
2.65416e-12
2.65977e-12
2.66538e-12
2.67097e-12
2.67655e-12
2.68211e-12
2.68765e-12
2.69318e-12
2.69869e-12
2.70417e-12
2.70962e-12
2.71505e-12
2.72044e-12
2.7258e-12
2.73112e-12
2.73641e-12
2.74165e-12
2.74684e-12
2.75198e-12
2.75708e-12
2.76212e-12
2.76711e-12
2.77203e-12
2.7769e-12
2.7817e-12
2.78643e-12
2.7911e-12
2.7957e-12
2.80023e-12
2.80468e-12
2.80907e-12
2.81338e-12
2.81762e-12
2.82179e-12
2.82589e-12
2.82991e-12
2.83386e-12
2.83773e-12
2.84154e-12
2.84527e-12
2.84893e-12
2.85252e-12
2.85604e-12
2.85949e-12
2.86288e-12
2.86619e-12
2.86945e-12
2.87263e-12
2.87576e-12
2.87882e-12
2.88182e-12
2.88475e-12
2.88763e-12
2.89045e-12
2.89322e-12
2.89592e-12
2.89858e-12
2.90118e-12
2.90372e-12
2.90622e-12
2.90867e-12
2.91107e-12
2.91342e-12
2.91573e-12
2.91799e-12
2.92021e-12
2.92238e-12
2.92452e-12
2.92661e-12
2.92867e-12
2.93068e-12
2.93266e-12
2.9346e-12
2.93651e-12
2.93838e-12
2.94021e-12
2.94201e-12
2.94378e-12
2.94551e-12
2.94722e-12
2.94889e-12
2.95053e-12
2.95214e-12
2.95371e-12
2.95526e-12
2.95678e-12
2.95828e-12
2.95974e-12
2.96117e-12
2.96258e-12
2.96396e-12
2.96532e-12
2.96665e-12
2.96795e-12
2.96923e-12
2.97048e-12
2.97171e-12
2.97291e-12
2.9741e-12
2.97525e-12
2.97639e-12
2.9775e-12
2.97859e-12
2.97966e-12
2.98071e-12
2.98173e-12
2.98274e-12
2.98373e-12
2.98469e-12
2.98564e-12
2.98656e-12
2.98747e-12
2.98836e-12
2.98923e-12
2.99009e-12
2.99092e-12
2.99174e-12
2.99254e-12
2.99333e-12
2.99409e-12
2.99485e-12
2.99558e-12
2.9963e-12
2.99701e-12
2.9977e-12
2.99838e-12
2.99904e-12
2.99968e-12
3.00032e-12
3.00094e-12
3.00155e-12
3.00214e-12
3.00272e-12
3.00329e-12
3.00385e-12
3.00439e-12
3.00492e-12
3.00545e-12
3.00596e-12
3.00645e-12
3.00694e-12
3.00742e-12
3.00789e-12
3.00834e-12
3.00879e-12
3.00923e-12
3.00965e-12
3.01007e-12
3.01048e-12
3.01088e-12
3.01127e-12
3.01165e-12
3.01202e-12
3.01239e-12
3.01275e-12
3.01309e-12
3.01344e-12
3.01377e-12
3.01409e-12
3.01441e-12
3.01473e-12
3.01503e-12
3.01533e-12
3.01562e-12
3.0159e-12
3.01618e-12
3.01645e-12
3.01672e-12
3.01697e-12
3.01723e-12
3.01747e-12
3.01772e-12
3.01795e-12
3.01818e-12
3.01841e-12
3.01863e-12
3.01884e-12
3.01905e-12
3.01926e-12
3.01946e-12
3.01966e-12
3.01985e-12
3.02003e-12
3.02022e-12
3.02039e-12
3.02057e-12
3.02074e-12
3.0209e-12
3.02107e-12
3.02122e-12
3.02138e-12
3.02153e-12
3.02168e-12
3.02182e-12
3.02196e-12
3.0221e-12
3.02223e-12
3.02236e-12
3.02249e-12
3.02261e-12
3.02273e-12
3.02285e-12
3.02297e-12
3.02308e-12
3.02319e-12
3.0233e-12
3.0234e-12
3.0235e-12
3.0236e-12
3.0237e-12
3.02379e-12
3.02389e-12
3.02398e-12
3.02406e-12
3.02415e-12
3.02423e-12
3.02431e-12
3.02439e-12
3.02447e-12
3.02455e-12
3.02462e-12
3.02469e-12
3.02476e-12
3.02483e-12
3.02489e-12
3.02496e-12
3.02502e-12
3.02508e-12
3.02514e-12
3.0252e-12
3.02526e-12
3.02531e-12
3.02537e-12
3.02542e-12
3.02547e-12
3.02552e-12
3.02557e-12
3.02562e-12
3.02566e-12
3.02571e-12
3.02575e-12
3.02579e-12
3.02583e-12
3.02587e-12
3.02591e-12
3.02595e-12
3.02599e-12
3.02602e-12
3.02606e-12
3.02609e-12
3.02613e-12
3.02616e-12
3.02619e-12
3.02622e-12
3.02625e-12
3.02628e-12
3.02631e-12
3.02633e-12
3.02636e-12
3.02639e-12
3.02641e-12
3.02644e-12
3.02646e-12
3.02648e-12
3.02651e-12
3.02653e-12
3.02655e-12
3.02657e-12
3.02659e-12
3.02661e-12
3.02663e-12
3.02665e-12
3.02666e-12
3.02668e-12
3.0267e-12
3.02671e-12
3.02673e-12
3.02674e-12
3.02676e-12
3.02677e-12
3.02679e-12
3.0268e-12
3.02681e-12
3.02683e-12
3.02684e-12
3.02685e-12
3.02686e-12
3.02687e-12
3.02689e-12
3.0269e-12
3.02691e-12
3.02692e-12
3.02693e-12
3.02694e-12
3.02695e-12
3.02695e-12
3.02696e-12
3.02697e-12
3.02698e-12
3.02699e-12
3.02699e-12
3.027e-12
3.02701e-12
3.02702e-12
3.02702e-12
3.02703e-12
3.02703e-12
3.02704e-12
3.02705e-12
3.02705e-12
3.02706e-12
3.02706e-12
3.02707e-12
3.02707e-12
3.02708e-12
3.02708e-12
3.02709e-12
3.02709e-12
3.0271e-12
3.0271e-12
3.0271e-12
3.02711e-12
3.02711e-12
3.02711e-12
3.02712e-12
3.02712e-12
3.02712e-12
3.02713e-12
3.02713e-12
3.02713e-12
3.02714e-12
3.02714e-12
3.02714e-12
3.02714e-12
3.02715e-12
3.02715e-12
3.02715e-12
3.02715e-12
3.02715e-12
3.02716e-12
3.02716e-12
3.02716e-12
3.02716e-12
3.02716e-12
3.02717e-12
3.02717e-12
3.02717e-12
3.02717e-12
3.02717e-12
3.02717e-12
3.02717e-12
3.02718e-12
3.02718e-12
3.02718e-12
3.02718e-12
3.02718e-12
3.02718e-12
3.02718e-12
3.02718e-12
3.02719e-12
3.02719e-12
3.02719e-12
3.02719e-12
3.02719e-12
3.02719e-12
3.02719e-12
3.02719e-12
3.02719e-12
3.02719e-12
3.02719e-12
3.02719e-12
3.02719e-12
3.02719e-12
3.0272e-12
3.0272e-12
3.0272e-12
3.0272e-12
3.0272e-12
3.0272e-12
3.0272e-12
3.0272e-12
3.0272e-12
3.0272e-12
3.0272e-12
3.0272e-12
3.0272e-12
3.0272e-12
3.0272e-12
3.0272e-12
3.0272e-12
3.0272e-12
3.0272e-12
3.0272e-12
3.0272e-12
3.0272e-12
3.0272e-12
3.0272e-12
3.0272e-12
3.0272e-12
3.0272e-12
3.0272e-12
3.0272e-12
3.0272e-12
3.0272e-12
3.0272e-12
3.0272e-12
3.0272e-12
3.0272e-12
3.0272e-12
3.02721e-12
3.02721e-12
3.02721e-12
3.02721e-12
3.02721e-12
3.02721e-12
3.02721e-12
3.02721e-12
3.02721e-12
3.02721e-12
3.02721e-12
3.02721e-12
3.02721e-12
3.02721e-12
3.02721e-12
3.02721e-12
3.02721e-12
3.02721e-12
3.02721e-12
3.02721e-12
3.02721e-12
3.02721e-12
3.02721e-12
3.02721e-12
3.02721e-12
3.02721e-12
3.02721e-12
3.02721e-12
3.02721e-12
3.02721e-12
3.02721e-12
3.02721e-12
3.02721e-12
3.02721e-12
3.02721e-12
3.02721e-12
3.02721e-12
3.02721e-12
3.02721e-12
3.02721e-12
3.02721e-12
3.02721e-12
3.02721e-12
3.02721e-12
3.02721e-12
3.02721e-12
3.02721e-12
3.02721e-12
3.02721e-12
3.02721e-12
3.02721e-12
3.02721e-12
3.02721e-12
3.02721e-12
3.02721e-12
3.02721e-12
3.02721e-12
3.02721e-12
3.02721e-12
3.02721e-12
3.02721e-12
3.02721e-12
3.02721e-12
3.02721e-12
3.02721e-12
3.02721e-12
3.02721e-12
3.02721e-12
3.02721e-12
3.02721e-12
3.02721e-12
3.02721e-12
3.02721e-12
3.02721e-12
3.02721e-12
3.02721e-12
3.02721e-12
3.02721e-12
3.02721e-12
3.02721e-12
3.02721e-12
3.02721e-12
3.02721e-12
3.02721e-12
3.02721e-12
3.02721e-12
3.02721e-12
3.02721e-12
